100 1234 5
20 20 20 20 20 
2 21
3 21
4 21
5 21
6 21
8 21
9 21
10 21
11 21
12 21
15 21
16 21
17 21
18 21
19 21
20 21
1 22
2 22
3 22
7 22
8 22
9 22
10 22
11 22
13 22
14 22
15 22
16 22
17 22
18 22
19 22
20 22
1 23
2 23
4 23
6 23
8 23
9 23
10 23
11 23
12 23
13 23
14 23
17 23
18 23
19 23
1 24
2 24
4 24
5 24
6 24
8 24
10 24
11 24
12 24
13 24
14 24
15 24
17 24
18 24
1 25
3 25
4 25
5 25
6 25
7 25
9 25
10 25
11 25
12 25
13 25
14 25
17 25
18 25
19 25
20 25
2 26
3 26
4 26
5 26
6 26
8 26
9 26
10 26
11 26
12 26
13 26
14 26
15 26
16 26
17 26
1 27
2 27
4 27
5 27
6 27
7 27
8 27
10 27
11 27
13 27
14 27
15 27
16 27
18 27
20 27
1 28
2 28
4 28
5 28
6 28
8 28
10 28
12 28
13 28
15 28
16 28
17 28
19 28
20 28
1 29
2 29
4 29
6 29
7 29
8 29
9 29
13 29
15 29
16 29
17 29
18 29
19 29
20 29
3 30
4 30
5 30
6 30
7 30
8 30
9 30
13 30
14 30
15 30
16 30
17 30
18 30
19 30
20 30
1 31
2 31
3 31
4 31
5 31
6 31
7 31
8 31
10 31
11 31
12 31
13 31
14 31
16 31
17 31
18 31
19 31
2 32
3 32
6 32
7 32
8 32
9 32
11 32
13 32
15 32
16 32
17 32
18 32
19 32
20 32
1 33
4 33
5 33
7 33
8 33
9 33
10 33
11 33
13 33
15 33
16 33
17 33
19 33
20 33
2 34
3 34
4 34
5 34
6 34
7 34
8 34
9 34
10 34
11 34
12 34
13 34
14 34
15 34
16 34
17 34
18 34
20 34
1 35
2 35
3 35
5 35
6 35
7 35
9 35
11 35
12 35
13 35
14 35
15 35
16 35
17 35
19 35
2 36
3 36
5 36
6 36
8 36
9 36
10 36
12 36
13 36
14 36
15 36
16 36
17 36
18 36
19 36
20 36
1 37
2 37
3 37
4 37
5 37
6 37
7 37
8 37
10 37
11 37
13 37
14 37
15 37
17 37
18 37
19 37
20 37
2 38
3 38
4 38
5 38
6 38
8 38
9 38
10 38
11 38
12 38
13 38
14 38
16 38
17 38
18 38
19 38
2 39
3 39
5 39
6 39
7 39
8 39
9 39
11 39
12 39
13 39
14 39
15 39
16 39
17 39
20 39
4 40
5 40
6 40
7 40
8 40
10 40
11 40
12 40
13 40
15 40
16 40
18 40
19 40
20 40
21 41
23 41
24 41
26 41
27 41
28 41
29 41
30 41
31 41
32 41
33 41
34 41
36 41
37 41
38 41
39 41
40 41
21 42
22 42
23 42
24 42
26 42
27 42
29 42
30 42
31 42
32 42
33 42
34 42
35 42
36 42
37 42
38 42
40 42
21 43
22 43
23 43
25 43
26 43
28 43
29 43
30 43
31 43
32 43
33 43
35 43
36 43
37 43
38 43
39 43
40 43
21 44
23 44
27 44
28 44
29 44
30 44
32 44
33 44
36 44
37 44
39 44
40 44
21 45
22 45
23 45
24 45
26 45
27 45
28 45
30 45
31 45
32 45
33 45
34 45
36 45
37 45
39 45
40 45
21 46
23 46
24 46
26 46
27 46
28 46
29 46
30 46
31 46
32 46
34 46
36 46
37 46
38 46
40 46
21 47
23 47
24 47
27 47
28 47
29 47
31 47
32 47
34 47
35 47
36 47
37 47
39 47
40 47
21 48
22 48
23 48
24 48
25 48
27 48
28 48
29 48
30 48
31 48
32 48
33 48
34 48
35 48
36 48
37 48
38 48
39 48
40 48
21 49
22 49
23 49
24 49
25 49
26 49
28 49
31 49
33 49
34 49
35 49
36 49
37 49
38 49
39 49
40 49
21 50
22 50
24 50
25 50
26 50
27 50
28 50
29 50
30 50
31 50
32 50
33 50
35 50
36 50
37 50
38 50
39 50
40 50
21 51
22 51
23 51
24 51
25 51
26 51
27 51
29 51
30 51
31 51
32 51
34 51
35 51
36 51
37 51
38 51
40 51
22 52
25 52
27 52
28 52
29 52
30 52
31 52
33 52
34 52
35 52
36 52
38 52
23 53
24 53
25 53
26 53
27 53
28 53
29 53
30 53
31 53
32 53
33 53
35 53
36 53
37 53
39 53
40 53
21 54
22 54
23 54
24 54
25 54
26 54
27 54
28 54
29 54
31 54
32 54
33 54
35 54
36 54
37 54
39 54
40 54
21 55
22 55
25 55
26 55
28 55
29 55
30 55
31 55
32 55
33 55
34 55
35 55
36 55
37 55
38 55
39 55
40 55
21 56
22 56
23 56
24 56
25 56
26 56
27 56
29 56
30 56
31 56
35 56
36 56
37 56
38 56
39 56
40 56
22 57
24 57
26 57
28 57
29 57
30 57
31 57
32 57
34 57
35 57
36 57
37 57
39 57
40 57
22 58
23 58
25 58
26 58
27 58
28 58
29 58
30 58
31 58
32 58
33 58
35 58
37 58
38 58
39 58
40 58
21 59
22 59
23 59
24 59
25 59
26 59
27 59
29 59
31 59
32 59
33 59
34 59
35 59
37 59
38 59
39 59
40 59
21 60
22 60
25 60
27 60
29 60
30 60
31 60
32 60
33 60
34 60
37 60
38 60
39 60
40 60
41 61
42 61
43 61
44 61
45 61
46 61
47 61
50 61
51 61
52 61
53 61
55 61
56 61
57 61
58 61
60 61
41 62
42 62
44 62
45 62
46 62
49 62
50 62
52 62
53 62
54 62
57 62
58 62
59 62
60 62
41 63
42 63
43 63
44 63
45 63
46 63
47 63
48 63
49 63
50 63
51 63
52 63
53 63
54 63
56 63
57 63
59 63
60 63
41 64
43 64
45 64
46 64
47 64
48 64
49 64
50 64
51 64
53 64
55 64
56 64
57 64
59 64
60 64
44 65
47 65
48 65
49 65
50 65
52 65
53 65
55 65
56 65
57 65
58 65
60 65
41 66
43 66
44 66
45 66
46 66
47 66
48 66
50 66
52 66
53 66
54 66
56 66
57 66
58 66
59 66
60 66
41 67
43 67
44 67
45 67
46 67
47 67
48 67
49 67
50 67
52 67
53 67
54 67
55 67
56 67
58 67
60 67
41 68
42 68
43 68
44 68
45 68
46 68
48 68
49 68
50 68
51 68
52 68
53 68
54 68
55 68
56 68
57 68
58 68
41 69
42 69
43 69
46 69
47 69
49 69
50 69
51 69
53 69
54 69
55 69
56 69
58 69
59 69
60 69
41 70
42 70
43 70
44 70
45 70
46 70
47 70
48 70
49 70
50 70
51 70
52 70
53 70
55 70
56 70
57 70
58 70
41 71
42 71
43 71
45 71
46 71
47 71
49 71
50 71
51 71
53 71
54 71
55 71
56 71
58 71
59 71
60 71
41 72
42 72
43 72
44 72
45 72
46 72
47 72
48 72
50 72
51 72
53 72
54 72
55 72
56 72
57 72
59 72
60 72
41 73
42 73
44 73
45 73
46 73
48 73
49 73
50 73
52 73
53 73
54 73
55 73
56 73
59 73
60 73
42 74
43 74
47 74
49 74
50 74
51 74
52 74
53 74
55 74
56 74
57 74
58 74
60 74
41 75
43 75
44 75
45 75
46 75
48 75
49 75
50 75
53 75
54 75
56 75
57 75
58 75
59 75
60 75
42 76
44 76
45 76
46 76
50 76
51 76
52 76
54 76
57 76
58 76
59 76
60 76
41 77
42 77
43 77
45 77
46 77
47 77
48 77
49 77
50 77
52 77
53 77
54 77
56 77
58 77
59 77
60 77
41 78
42 78
43 78
44 78
45 78
47 78
48 78
50 78
51 78
52 78
54 78
56 78
57 78
58 78
59 78
60 78
41 79
42 79
43 79
44 79
45 79
46 79
47 79
49 79
50 79
51 79
52 79
53 79
54 79
55 79
56 79
57 79
58 79
59 79
41 80
43 80
44 80
47 80
48 80
49 80
50 80
51 80
52 80
53 80
54 80
55 80
57 80
58 80
59 80
61 81
62 81
63 81
64 81
66 81
68 81
69 81
71 81
72 81
73 81
75 81
76 81
77 81
79 81
61 82
62 82
63 82
64 82
65 82
66 82
67 82
69 82
70 82
71 82
72 82
73 82
74 82
75 82
76 82
77 82
78 82
79 82
80 82
61 83
63 83
65 83
66 83
68 83
70 83
71 83
72 83
74 83
75 83
77 83
78 83
79 83
80 83
62 84
64 84
66 84
67 84
68 84
70 84
71 84
72 84
73 84
74 84
75 84
76 84
77 84
79 84
80 84
61 85
62 85
63 85
64 85
65 85
66 85
67 85
68 85
69 85
70 85
71 85
72 85
73 85
74 85
75 85
76 85
77 85
78 85
80 85
61 86
62 86
63 86
66 86
67 86
68 86
72 86
73 86
74 86
75 86
78 86
79 86
80 86
61 87
62 87
63 87
64 87
65 87
66 87
68 87
70 87
71 87
72 87
74 87
76 87
77 87
78 87
79 87
80 87
61 88
62 88
63 88
64 88
65 88
66 88
67 88
68 88
69 88
71 88
72 88
73 88
74 88
75 88
76 88
77 88
79 88
61 89
63 89
65 89
66 89
68 89
69 89
70 89
71 89
72 89
74 89
75 89
76 89
77 89
78 89
79 89
80 89
61 90
62 90
63 90
65 90
66 90
68 90
69 90
71 90
72 90
73 90
74 90
75 90
76 90
77 90
78 90
79 90
80 90
61 91
62 91
64 91
67 91
68 91
69 91
70 91
71 91
72 91
73 91
74 91
76 91
79 91
80 91
61 92
62 92
63 92
64 92
65 92
66 92
67 92
68 92
70 92
71 92
73 92
76 92
78 92
62 93
63 93
64 93
65 93
66 93
67 93
70 93
71 93
72 93
74 93
75 93
77 93
78 93
80 93
61 94
62 94
63 94
65 94
66 94
68 94
69 94
70 94
71 94
73 94
74 94
75 94
76 94
80 94
61 95
62 95
63 95
65 95
67 95
68 95
69 95
71 95
72 95
73 95
74 95
75 95
76 95
79 95
80 95
61 96
62 96
64 96
65 96
66 96
71 96
73 96
74 96
75 96
76 96
78 96
79 96
80 96
61 97
63 97
64 97
66 97
67 97
68 97
70 97
71 97
72 97
73 97
74 97
77 97
79 97
80 97
61 98
62 98
64 98
65 98
66 98
71 98
72 98
73 98
74 98
75 98
76 98
77 98
78 98
80 98
61 99
62 99
63 99
64 99
65 99
67 99
69 99
70 99
71 99
72 99
73 99
74 99
76 99
77 99
78 99
79 99
80 99
61 100
62 100
63 100
65 100
69 100
70 100
71 100
72 100
73 100
74 100
75 100
76 100
77 100
78 100
80 100
