1000 9838 50
20 20 20 20 20 20 20 20 20 20 20 20 20 20 20 20 20 20 20 20 20 20 20 20 20 20 20 20 20 20 20 20 20 20 20 20 20 20 20 20 20 20 20 20 20 20 20 20 20 20 
1 21
2 21
3 21
4 21
5 21
9 21
10 21
11 21
12 21
13 21
17 21
18 21
20 21
4 22
5 22
7 22
8 22
9 22
11 22
14 22
15 22
17 22
20 22
1 23
2 23
7 23
8 23
9 23
11 23
13 23
15 23
1 24
4 24
6 24
7 24
8 24
11 24
13 24
15 24
16 24
17 24
19 24
1 25
2 25
3 25
6 25
10 25
11 25
13 25
15 25
19 25
2 26
3 26
5 26
9 26
10 26
16 26
17 26
18 26
19 26
20 26
1 27
2 27
5 27
7 27
10 27
12 27
13 27
16 27
18 27
19 27
1 28
5 28
7 28
8 28
10 28
11 28
13 28
18 28
19 28
20 28
1 29
2 29
4 29
8 29
9 29
10 29
11 29
14 29
16 29
18 29
20 29
1 30
10 30
11 30
12 30
13 30
14 30
17 30
19 30
20 30
1 31
2 31
3 31
4 31
6 31
8 31
13 31
15 31
18 31
20 31
1 32
2 32
6 32
7 32
8 32
10 32
13 32
14 32
15 32
18 32
5 33
10 33
11 33
15 33
16 33
17 33
18 33
20 33
3 34
4 34
6 34
7 34
9 34
11 34
12 34
16 34
17 34
18 34
19 34
2 35
5 35
6 35
8 35
9 35
11 35
12 35
14 35
16 35
17 35
18 35
20 35
2 36
3 36
4 36
6 36
9 36
10 36
11 36
12 36
13 36
14 36
15 36
16 36
18 36
19 36
3 37
7 37
8 37
9 37
10 37
11 37
15 37
16 37
18 37
19 37
1 38
3 38
7 38
8 38
10 38
11 38
12 38
13 38
14 38
15 38
1 39
2 39
4 39
6 39
8 39
9 39
10 39
12 39
13 39
16 39
17 39
1 40
2 40
4 40
10 40
12 40
15 40
18 40
21 41
23 41
24 41
25 41
30 41
31 41
33 41
34 41
35 41
36 41
38 41
40 41
21 42
22 42
23 42
25 42
26 42
28 42
30 42
32 42
33 42
35 42
37 42
38 42
24 43
25 43
26 43
29 43
30 43
32 43
33 43
34 43
35 43
36 43
37 43
39 43
24 44
25 44
28 44
31 44
34 44
35 44
36 44
37 44
38 44
40 44
21 45
22 45
25 45
26 45
29 45
30 45
31 45
33 45
34 45
35 45
22 46
23 46
25 46
26 46
27 46
28 46
29 46
30 46
32 46
33 46
34 46
36 46
37 46
21 47
22 47
24 47
27 47
29 47
30 47
31 47
33 47
35 47
36 47
37 47
38 47
40 47
21 48
23 48
24 48
25 48
28 48
29 48
32 48
33 48
34 48
35 48
36 48
38 48
39 48
40 48
22 49
24 49
28 49
33 49
36 49
38 49
39 49
40 49
23 50
27 50
28 50
29 50
30 50
31 50
34 50
37 50
21 51
24 51
25 51
27 51
28 51
29 51
33 51
36 51
37 51
38 51
39 51
22 52
23 52
29 52
30 52
32 52
33 52
34 52
35 52
36 52
21 53
27 53
28 53
32 53
34 53
35 53
36 53
37 53
21 54
22 54
24 54
25 54
30 54
33 54
37 54
39 54
21 55
23 55
24 55
25 55
26 55
27 55
28 55
29 55
30 55
32 55
33 55
34 55
35 55
37 55
38 55
21 56
23 56
26 56
32 56
33 56
34 56
36 56
37 56
40 56
21 57
22 57
25 57
29 57
32 57
33 57
34 57
40 57
21 58
22 58
26 58
27 58
32 58
33 58
34 58
35 58
37 58
38 58
39 58
40 58
27 59
30 59
31 59
32 59
35 59
36 59
37 59
38 59
39 59
21 60
22 60
27 60
30 60
34 60
35 60
36 60
37 60
38 60
40 60
45 61
46 61
47 61
48 61
49 61
51 61
52 61
53 61
56 61
58 61
60 61
41 62
43 62
45 62
46 62
47 62
50 62
51 62
52 62
54 62
57 62
58 62
59 62
41 63
42 63
43 63
44 63
46 63
47 63
48 63
49 63
51 63
52 63
54 63
56 63
57 63
58 63
59 63
41 64
42 64
43 64
44 64
47 64
48 64
51 64
52 64
57 64
59 64
60 64
41 65
42 65
45 65
47 65
49 65
51 65
52 65
55 65
57 65
58 65
60 65
41 66
43 66
45 66
47 66
48 66
51 66
52 66
58 66
59 66
60 66
41 67
42 67
44 67
48 67
49 67
50 67
51 67
55 67
56 67
58 67
41 68
42 68
43 68
44 68
45 68
48 68
50 68
51 68
52 68
55 68
56 68
58 68
59 68
60 68
41 69
44 69
46 69
48 69
50 69
55 69
57 69
58 69
60 69
45 70
49 70
50 70
52 70
54 70
56 70
58 70
60 70
43 71
44 71
50 71
53 71
54 71
56 71
57 71
58 71
60 71
45 72
48 72
49 72
50 72
52 72
55 72
42 73
45 73
46 73
48 73
49 73
51 73
52 73
54 73
55 73
56 73
57 73
58 73
59 73
60 73
42 74
44 74
45 74
46 74
47 74
49 74
53 74
55 74
56 74
57 74
60 74
43 75
47 75
49 75
55 75
56 75
57 75
58 75
41 76
43 76
46 76
49 76
51 76
52 76
54 76
59 76
43 77
47 77
48 77
51 77
52 77
53 77
55 77
41 78
43 78
47 78
48 78
50 78
51 78
52 78
53 78
54 78
55 78
56 78
59 78
60 78
41 79
43 79
44 79
45 79
47 79
48 79
49 79
50 79
51 79
52 79
53 79
54 79
57 79
58 79
42 80
45 80
46 80
47 80
49 80
50 80
54 80
63 81
65 81
66 81
69 81
73 81
74 81
77 81
78 81
61 82
62 82
64 82
65 82
66 82
67 82
68 82
69 82
74 82
76 82
78 82
80 82
61 83
62 83
64 83
65 83
66 83
68 83
69 83
71 83
75 83
79 83
80 83
62 84
63 84
66 84
67 84
71 84
72 84
73 84
75 84
76 84
77 84
78 84
79 84
63 85
65 85
67 85
68 85
69 85
71 85
72 85
73 85
74 85
76 85
77 85
80 85
61 86
64 86
65 86
66 86
69 86
72 86
73 86
74 86
75 86
76 86
63 87
64 87
65 87
70 87
71 87
72 87
74 87
75 87
78 87
79 87
80 87
61 88
65 88
67 88
70 88
71 88
73 88
75 88
77 88
80 88
63 89
64 89
68 89
69 89
70 89
73 89
80 89
63 90
66 90
67 90
70 90
71 90
72 90
73 90
74 90
76 90
78 90
79 90
80 90
63 91
65 91
66 91
67 91
72 91
73 91
74 91
76 91
77 91
78 91
61 92
62 92
63 92
64 92
65 92
68 92
71 92
74 92
76 92
78 92
79 92
80 92
61 93
62 93
63 93
65 93
67 93
68 93
69 93
70 93
71 93
72 93
78 93
61 94
62 94
65 94
67 94
73 94
74 94
75 94
77 94
78 94
79 94
80 94
63 95
64 95
65 95
66 95
68 95
70 95
72 95
74 95
75 95
78 95
61 96
62 96
63 96
65 96
67 96
70 96
71 96
73 96
74 96
75 96
79 96
63 97
64 97
65 97
67 97
68 97
69 97
70 97
71 97
73 97
74 97
79 97
62 98
64 98
66 98
68 98
69 98
70 98
74 98
75 98
76 98
77 98
62 99
64 99
65 99
67 99
68 99
70 99
71 99
74 99
75 99
77 99
62 100
63 100
64 100
65 100
69 100
71 100
72 100
73 100
75 100
76 100
77 100
82 101
93 101
96 101
97 101
98 101
99 101
100 101
89 102
90 102
91 102
94 102
95 102
96 102
97 102
98 102
100 102
81 103
83 103
84 103
85 103
87 103
88 103
89 103
90 103
93 103
95 103
96 103
97 103
98 103
85 104
86 104
87 104
88 104
90 104
92 104
93 104
95 104
98 104
84 105
86 105
87 105
88 105
91 105
92 105
94 105
95 105
96 105
97 105
98 105
99 105
81 106
83 106
85 106
87 106
88 106
89 106
98 106
82 107
86 107
88 107
89 107
90 107
91 107
92 107
93 107
94 107
95 107
97 107
98 107
85 108
87 108
88 108
89 108
90 108
91 108
92 108
93 108
95 108
96 108
97 108
99 108
81 109
87 109
88 109
90 109
93 109
95 109
96 109
99 109
83 110
84 110
86 110
87 110
88 110
89 110
90 110
95 110
98 110
99 110
100 110
84 111
87 111
88 111
90 111
94 111
81 112
85 112
86 112
89 112
90 112
91 112
92 112
96 112
97 112
99 112
85 113
86 113
88 113
90 113
91 113
92 113
93 113
94 113
96 113
100 113
81 114
82 114
84 114
85 114
87 114
88 114
89 114
90 114
91 114
92 114
95 114
96 114
98 114
99 114
100 114
82 115
83 115
84 115
86 115
87 115
91 115
94 115
96 115
97 115
98 115
99 115
100 115
81 116
84 116
88 116
90 116
94 116
95 116
97 116
100 116
82 117
84 117
85 117
86 117
90 117
91 117
92 117
93 117
94 117
96 117
98 117
99 117
100 117
82 118
83 118
84 118
85 118
86 118
88 118
93 118
99 118
92 119
95 119
96 119
97 119
98 119
81 120
82 120
83 120
84 120
89 120
90 120
92 120
94 120
95 120
96 120
97 120
99 120
100 120
102 121
103 121
104 121
106 121
107 121
108 121
113 121
114 121
115 121
117 121
118 121
120 121
103 122
104 122
106 122
108 122
109 122
110 122
111 122
112 122
114 122
115 122
118 122
120 122
103 123
105 123
106 123
109 123
111 123
113 123
114 123
116 123
118 123
120 123
102 124
104 124
106 124
108 124
109 124
110 124
113 124
114 124
116 124
117 124
118 124
102 125
104 125
106 125
108 125
109 125
111 125
117 125
119 125
120 125
101 126
102 126
104 126
106 126
107 126
112 126
114 126
115 126
119 126
120 126
102 127
107 127
110 127
111 127
112 127
115 127
118 127
119 127
101 128
103 128
104 128
105 128
108 128
110 128
111 128
112 128
113 128
114 128
115 128
116 128
117 128
118 128
119 128
120 128
101 129
102 129
106 129
107 129
108 129
109 129
112 129
113 129
114 129
116 129
117 129
120 129
102 130
103 130
105 130
108 130
110 130
116 130
118 130
119 130
120 130
101 131
102 131
103 131
107 131
109 131
111 131
112 131
114 131
117 131
119 131
120 131
102 132
104 132
105 132
110 132
112 132
114 132
115 132
117 132
119 132
103 133
105 133
108 133
112 133
115 133
116 133
117 133
118 133
120 133
101 134
103 134
104 134
106 134
107 134
108 134
110 134
113 134
114 134
117 134
118 134
119 134
120 134
101 135
104 135
106 135
109 135
110 135
112 135
118 135
101 136
102 136
109 136
110 136
117 136
120 136
102 137
103 137
105 137
107 137
110 137
111 137
113 137
114 137
115 137
116 137
119 137
120 137
101 138
104 138
105 138
106 138
107 138
108 138
109 138
111 138
113 138
116 138
118 138
120 138
106 139
108 139
109 139
110 139
111 139
113 139
114 139
118 139
119 139
103 140
104 140
105 140
106 140
108 140
110 140
111 140
115 140
116 140
117 140
118 140
120 140
121 141
122 141
124 141
126 141
129 141
132 141
137 141
138 141
140 141
122 142
123 142
124 142
125 142
128 142
130 142
131 142
134 142
135 142
137 142
139 142
140 142
123 143
124 143
125 143
126 143
130 143
131 143
132 143
134 143
138 143
139 143
121 144
122 144
130 144
133 144
134 144
135 144
137 144
138 144
139 144
140 144
122 145
126 145
127 145
128 145
131 145
132 145
136 145
137 145
140 145
122 146
123 146
130 146
133 146
137 146
122 147
124 147
127 147
130 147
131 147
132 147
133 147
136 147
122 148
123 148
124 148
125 148
127 148
130 148
131 148
132 148
122 149
123 149
126 149
127 149
128 149
132 149
134 149
136 149
137 149
140 149
123 150
125 150
129 150
132 150
133 150
135 150
138 150
140 150
122 151
123 151
124 151
130 151
134 151
137 151
138 151
139 151
140 151
121 152
122 152
127 152
129 152
130 152
131 152
132 152
133 152
134 152
139 152
140 152
121 153
123 153
125 153
126 153
128 153
130 153
131 153
133 153
134 153
135 153
138 153
139 153
124 154
127 154
129 154
130 154
132 154
134 154
121 155
123 155
124 155
125 155
128 155
130 155
131 155
133 155
135 155
136 155
138 155
121 156
122 156
127 156
129 156
131 156
133 156
134 156
140 156
122 157
124 157
126 157
128 157
129 157
132 157
135 157
137 157
138 157
139 157
140 157
121 158
123 158
124 158
125 158
126 158
129 158
131 158
137 158
139 158
123 159
128 159
130 159
131 159
132 159
135 159
136 159
121 160
123 160
126 160
127 160
129 160
130 160
131 160
132 160
134 160
136 160
137 160
140 160
141 161
143 161
144 161
147 161
148 161
150 161
151 161
154 161
157 161
158 161
159 161
160 161
142 162
143 162
144 162
145 162
148 162
149 162
153 162
155 162
156 162
157 162
158 162
141 163
144 163
146 163
147 163
151 163
153 163
154 163
155 163
158 163
142 164
143 164
145 164
146 164
147 164
152 164
154 164
156 164
158 164
159 164
141 165
146 165
147 165
148 165
149 165
152 165
153 165
155 165
156 165
157 165
158 165
159 165
160 165
141 166
146 166
147 166
148 166
150 166
151 166
152 166
153 166
154 166
158 166
159 166
141 167
143 167
144 167
146 167
151 167
152 167
154 167
158 167
159 167
146 168
147 168
148 168
149 168
152 168
153 168
154 168
155 168
159 168
141 169
143 169
147 169
148 169
150 169
153 169
154 169
158 169
159 169
160 169
141 170
147 170
149 170
150 170
151 170
152 170
153 170
155 170
156 170
158 170
142 171
144 171
146 171
147 171
149 171
152 171
153 171
155 171
159 171
160 171
142 172
145 172
146 172
147 172
149 172
151 172
153 172
155 172
156 172
157 172
158 172
141 173
143 173
147 173
148 173
150 173
151 173
152 173
155 173
156 173
157 173
158 173
159 173
143 174
153 174
154 174
156 174
158 174
159 174
143 175
144 175
145 175
146 175
147 175
148 175
149 175
150 175
152 175
154 175
157 175
160 175
141 176
148 176
149 176
151 176
157 176
159 176
141 177
142 177
143 177
145 177
151 177
152 177
153 177
154 177
155 177
158 177
159 177
160 177
141 178
142 178
143 178
144 178
146 178
148 178
154 178
157 178
158 178
160 178
142 179
144 179
149 179
151 179
152 179
153 179
156 179
142 180
143 180
145 180
146 180
149 180
150 180
151 180
153 180
155 180
157 180
158 180
160 180
162 181
165 181
169 181
174 181
175 181
176 181
177 181
162 182
164 182
165 182
167 182
168 182
170 182
171 182
172 182
173 182
175 182
177 182
178 182
179 182
180 182
161 183
162 183
164 183
166 183
169 183
173 183
175 183
177 183
180 183
165 184
166 184
171 184
172 184
174 184
175 184
178 184
161 185
166 185
167 185
169 185
170 185
176 185
178 185
180 185
166 186
168 186
171 186
175 186
176 186
177 186
178 186
163 187
166 187
169 187
170 187
173 187
176 187
177 187
179 187
180 187
161 188
162 188
164 188
166 188
172 188
175 188
176 188
177 188
178 188
179 188
161 189
164 189
165 189
172 189
173 189
174 189
175 189
178 189
164 190
165 190
167 190
168 190
173 190
174 190
176 190
177 190
178 190
161 191
162 191
165 191
167 191
168 191
175 191
179 191
180 191
162 192
163 192
164 192
166 192
168 192
169 192
175 192
176 192
177 192
178 192
180 192
161 193
162 193
165 193
169 193
172 193
175 193
178 193
179 193
161 194
164 194
168 194
169 194
171 194
172 194
173 194
175 194
176 194
177 194
178 194
161 195
163 195
164 195
166 195
168 195
169 195
170 195
172 195
173 195
175 195
178 195
179 195
180 195
162 196
165 196
166 196
167 196
169 196
172 196
173 196
175 196
176 196
177 196
179 196
180 196
161 197
162 197
163 197
167 197
169 197
170 197
173 197
174 197
176 197
177 197
162 198
163 198
164 198
167 198
172 198
173 198
174 198
175 198
177 198
161 199
162 199
163 199
165 199
167 199
168 199
169 199
171 199
174 199
175 199
176 199
177 199
179 199
180 199
163 200
165 200
167 200
169 200
171 200
172 200
173 200
175 200
178 200
181 201
183 201
189 201
190 201
191 201
193 201
196 201
198 201
199 201
183 202
186 202
187 202
188 202
192 202
194 202
195 202
196 202
185 203
188 203
189 203
190 203
194 203
196 203
198 203
183 204
184 204
186 204
188 204
190 204
192 204
193 204
199 204
200 204
182 205
183 205
184 205
190 205
191 205
196 205
200 205
182 206
184 206
185 206
186 206
187 206
188 206
191 206
193 206
194 206
196 206
198 206
199 206
182 207
184 207
185 207
186 207
187 207
188 207
190 207
191 207
193 207
194 207
195 207
197 207
185 208
189 208
190 208
192 208
193 208
197 208
199 208
185 209
186 209
187 209
189 209
194 209
195 209
196 209
198 209
181 210
182 210
183 210
184 210
186 210
187 210
188 210
190 210
193 210
194 210
195 210
198 210
181 211
185 211
186 211
187 211
189 211
191 211
193 211
194 211
195 211
197 211
199 211
182 212
183 212
186 212
187 212
188 212
189 212
193 212
196 212
198 212
199 212
181 213
182 213
183 213
185 213
189 213
191 213
194 213
195 213
198 213
199 213
183 214
184 214
185 214
188 214
195 214
196 214
198 214
199 214
182 215
183 215
185 215
186 215
189 215
190 215
192 215
193 215
194 215
200 215
182 216
184 216
185 216
187 216
188 216
189 216
192 216
194 216
196 216
197 216
198 216
182 217
183 217
185 217
186 217
187 217
188 217
189 217
190 217
193 217
194 217
195 217
196 217
197 217
199 217
200 217
184 218
186 218
187 218
192 218
193 218
194 218
196 218
197 218
199 218
181 219
185 219
186 219
187 219
190 219
191 219
181 220
185 220
187 220
190 220
192 220
193 220
194 220
195 220
196 220
197 220
199 220
201 221
202 221
204 221
206 221
208 221
210 221
212 221
213 221
217 221
220 221
202 222
204 222
205 222
206 222
210 222
212 222
216 222
217 222
219 222
220 222
202 223
203 223
204 223
207 223
208 223
209 223
211 223
212 223
213 223
214 223
215 223
216 223
217 223
218 223
220 223
201 224
203 224
204 224
205 224
211 224
212 224
213 224
214 224
215 224
216 224
217 224
218 224
201 225
202 225
209 225
210 225
212 225
213 225
214 225
215 225
217 225
219 225
220 225
201 226
204 226
207 226
208 226
210 226
212 226
217 226
220 226
201 227
204 227
206 227
208 227
210 227
214 227
215 227
217 227
220 227
201 228
204 228
205 228
206 228
207 228
208 228
209 228
211 228
212 228
213 228
214 228
215 228
216 228
217 228
218 228
219 228
202 229
203 229
204 229
206 229
210 229
211 229
212 229
215 229
218 229
219 229
220 229
201 230
202 230
203 230
206 230
208 230
211 230
213 230
215 230
217 230
218 230
220 230
201 231
202 231
203 231
204 231
205 231
209 231
210 231
212 231
213 231
214 231
215 231
217 231
218 231
203 232
207 232
211 232
214 232
215 232
216 232
217 232
202 233
203 233
204 233
205 233
206 233
209 233
210 233
212 233
214 233
216 233
217 233
218 233
219 233
202 234
203 234
204 234
206 234
211 234
213 234
218 234
219 234
203 235
204 235
206 235
207 235
211 235
212 235
214 235
215 235
219 235
201 236
206 236
207 236
208 236
209 236
210 236
212 236
213 236
215 236
216 236
203 237
204 237
205 237
206 237
208 237
210 237
213 237
214 237
215 237
201 238
202 238
203 238
204 238
205 238
206 238
207 238
212 238
213 238
214 238
215 238
217 238
218 238
203 239
207 239
208 239
211 239
212 239
220 239
202 240
204 240
206 240
208 240
210 240
211 240
212 240
213 240
214 240
221 241
222 241
223 241
224 241
225 241
226 241
227 241
228 241
229 241
232 241
234 241
237 241
238 241
223 242
224 242
227 242
229 242
232 242
239 242
221 243
222 243
226 243
227 243
228 243
230 243
232 243
236 243
237 243
223 244
226 244
228 244
229 244
231 244
232 244
235 244
240 244
224 245
226 245
228 245
232 245
235 245
237 245
238 245
240 245
221 246
224 246
228 246
235 246
237 246
238 246
223 247
226 247
227 247
231 247
232 247
233 247
234 247
235 247
237 247
238 247
239 247
240 247
222 248
224 248
227 248
229 248
231 248
233 248
234 248
236 248
237 248
238 248
224 249
225 249
227 249
231 249
233 249
234 249
236 249
238 249
239 249
224 250
225 250
226 250
229 250
231 250
233 250
234 250
235 250
236 250
238 250
239 250
221 251
222 251
225 251
227 251
229 251
230 251
233 251
237 251
239 251
240 251
222 252
226 252
228 252
230 252
231 252
232 252
235 252
236 252
238 252
221 253
223 253
224 253
225 253
227 253
230 253
233 253
234 253
235 253
236 253
237 253
238 253
239 253
221 254
223 254
224 254
225 254
228 254
230 254
232 254
234 254
236 254
222 255
223 255
224 255
228 255
229 255
230 255
232 255
235 255
236 255
237 255
238 255
239 255
240 255
222 256
223 256
224 256
225 256
226 256
229 256
230 256
231 256
233 256
234 256
235 256
236 256
237 256
239 256
240 256
221 257
222 257
223 257
224 257
225 257
228 257
229 257
235 257
236 257
239 257
221 258
223 258
224 258
226 258
231 258
239 258
240 258
222 259
223 259
225 259
229 259
231 259
232 259
233 259
235 259
236 259
237 259
238 259
239 259
221 260
223 260
225 260
226 260
228 260
231 260
232 260
233 260
235 260
237 260
238 260
240 260
241 261
242 261
243 261
245 261
246 261
250 261
251 261
252 261
255 261
256 261
257 261
259 261
260 261
243 262
244 262
246 262
249 262
250 262
252 262
254 262
257 262
258 262
260 262
242 263
244 263
245 263
246 263
247 263
248 263
251 263
252 263
257 263
260 263
241 264
242 264
243 264
246 264
249 264
250 264
251 264
254 264
257 264
259 264
241 265
242 265
243 265
248 265
252 265
253 265
258 265
241 266
243 266
244 266
246 266
249 266
251 266
253 266
254 266
255 266
257 266
241 267
244 267
245 267
246 267
247 267
251 267
255 267
256 267
257 267
258 267
242 268
244 268
246 268
247 268
249 268
251 268
253 268
255 268
257 268
258 268
241 269
242 269
244 269
246 269
249 269
250 269
254 269
257 269
244 270
246 270
248 270
252 270
254 270
256 270
259 270
241 271
242 271
243 271
244 271
245 271
253 271
255 271
256 271
258 271
260 271
243 272
244 272
247 272
251 272
253 272
257 272
258 272
259 272
242 273
243 273
244 273
245 273
246 273
250 273
251 273
254 273
255 273
259 273
260 273
242 274
243 274
244 274
245 274
250 274
252 274
257 274
258 274
241 275
246 275
251 275
252 275
255 275
244 276
247 276
248 276
249 276
253 276
254 276
255 276
256 276
257 276
258 276
259 276
260 276
243 277
244 277
249 277
251 277
252 277
253 277
256 277
258 277
259 277
260 277
241 278
242 278
245 278
246 278
247 278
248 278
250 278
252 278
254 278
255 278
258 278
259 278
242 279
244 279
246 279
254 279
256 279
260 279
242 280
245 280
246 280
247 280
251 280
252 280
253 280
255 280
256 280
257 280
261 281
262 281
274 281
276 281
277 281
280 281
265 282
269 282
270 282
273 282
274 282
280 282
262 283
263 283
265 283
271 283
273 283
274 283
275 283
276 283
279 283
280 283
265 284
267 284
268 284
271 284
275 284
276 284
278 284
279 284
261 285
263 285
271 285
272 285
275 285
277 285
278 285
280 285
262 286
263 286
264 286
265 286
266 286
268 286
270 286
272 286
276 286
277 286
279 286
280 286
267 287
268 287
270 287
271 287
272 287
273 287
279 287
280 287
261 288
263 288
265 288
266 288
269 288
270 288
272 288
274 288
275 288
278 288
280 288
261 289
262 289
263 289
264 289
269 289
273 289
274 289
275 289
279 289
280 289
262 290
264 290
265 290
267 290
270 290
271 290
275 290
279 290
280 290
261 291
262 291
265 291
267 291
270 291
271 291
274 291
275 291
276 291
277 291
279 291
280 291
261 292
262 292
264 292
271 292
272 292
275 292
277 292
278 292
280 292
262 293
263 293
265 293
267 293
268 293
269 293
270 293
273 293
275 293
276 293
279 293
280 293
261 294
263 294
264 294
265 294
266 294
270 294
271 294
273 294
274 294
276 294
277 294
278 294
279 294
280 294
261 295
265 295
266 295
268 295
269 295
272 295
276 295
278 295
279 295
280 295
262 296
263 296
265 296
268 296
269 296
270 296
271 296
273 296
276 296
277 296
279 296
261 297
263 297
264 297
265 297
267 297
268 297
269 297
271 297
273 297
274 297
276 297
279 297
262 298
265 298
268 298
269 298
270 298
274 298
278 298
279 298
280 298
261 299
264 299
266 299
267 299
272 299
273 299
275 299
280 299
261 300
262 300
263 300
264 300
265 300
267 300
272 300
273 300
274 300
276 300
278 300
280 300
281 301
282 301
283 301
285 301
287 301
291 301
293 301
294 301
295 301
296 301
297 301
299 301
300 301
281 302
282 302
284 302
285 302
287 302
290 302
291 302
292 302
293 302
294 302
295 302
296 302
297 302
298 302
299 302
300 302
283 303
285 303
291 303
292 303
293 303
295 303
296 303
297 303
299 303
300 303
281 304
282 304
283 304
287 304
288 304
290 304
291 304
295 304
296 304
297 304
300 304
281 305
283 305
286 305
287 305
288 305
289 305
290 305
292 305
296 305
297 305
298 305
299 305
281 306
282 306
285 306
288 306
289 306
290 306
291 306
292 306
293 306
296 306
298 306
299 306
282 307
283 307
284 307
285 307
287 307
290 307
297 307
299 307
300 307
281 308
282 308
283 308
284 308
286 308
288 308
289 308
291 308
294 308
295 308
297 308
298 308
300 308
281 309
284 309
286 309
287 309
288 309
289 309
290 309
291 309
292 309
293 309
294 309
295 309
296 309
297 309
299 309
281 310
282 310
283 310
285 310
288 310
289 310
290 310
291 310
292 310
293 310
294 310
295 310
296 310
297 310
299 310
281 311
285 311
287 311
289 311
290 311
291 311
292 311
294 311
281 312
282 312
283 312
287 312
288 312
289 312
291 312
292 312
293 312
294 312
295 312
296 312
299 312
300 312
282 313
283 313
285 313
288 313
290 313
293 313
297 313
299 313
281 314
284 314
285 314
286 314
288 314
290 314
291 314
293 314
294 314
299 314
281 315
282 315
290 315
291 315
293 315
294 315
297 315
298 315
300 315
282 316
283 316
284 316
286 316
288 316
289 316
290 316
291 316
294 316
295 316
296 316
297 316
299 316
300 316
281 317
284 317
285 317
289 317
290 317
291 317
292 317
295 317
300 317
282 318
287 318
288 318
290 318
291 318
292 318
299 318
281 319
282 319
284 319
286 319
287 319
289 319
293 319
294 319
297 319
300 319
281 320
282 320
283 320
285 320
289 320
293 320
294 320
298 320
299 320
304 321
305 321
306 321
308 321
309 321
311 321
312 321
313 321
314 321
315 321
318 321
319 321
302 322
303 322
306 322
307 322
308 322
310 322
311 322
312 322
313 322
314 322
315 322
319 322
320 322
301 323
304 323
308 323
310 323
316 323
317 323
318 323
320 323
301 324
303 324
304 324
306 324
308 324
309 324
310 324
311 324
313 324
316 324
318 324
319 324
302 325
309 325
310 325
311 325
313 325
314 325
315 325
301 326
302 326
303 326
304 326
305 326
306 326
308 326
309 326
311 326
313 326
315 326
316 326
317 326
320 326
302 327
303 327
311 327
313 327
319 327
320 327
302 328
309 328
310 328
312 328
313 328
316 328
318 328
320 328
303 329
304 329
305 329
306 329
307 329
308 329
311 329
313 329
315 329
318 329
303 330
304 330
305 330
306 330
312 330
314 330
316 330
301 331
304 331
307 331
308 331
309 331
310 331
313 331
314 331
315 331
316 331
317 331
318 331
320 331
305 332
306 332
307 332
310 332
311 332
312 332
313 332
314 332
317 332
318 332
319 332
320 332
301 333
302 333
304 333
305 333
307 333
308 333
311 333
314 333
315 333
316 333
317 333
319 333
320 333
303 334
304 334
305 334
306 334
308 334
309 334
311 334
312 334
313 334
317 334
320 334
302 335
306 335
308 335
314 335
315 335
317 335
318 335
320 335
303 336
305 336
308 336
309 336
311 336
312 336
316 336
317 336
301 337
302 337
303 337
304 337
305 337
306 337
307 337
309 337
310 337
311 337
313 337
316 337
320 337
301 338
302 338
304 338
306 338
308 338
309 338
310 338
313 338
315 338
316 338
302 339
304 339
305 339
307 339
309 339
313 339
316 339
317 339
319 339
301 340
302 340
303 340
309 340
310 340
311 340
312 340
316 340
317 340
320 340
322 341
323 341
324 341
325 341
326 341
327 341
329 341
330 341
332 341
333 341
334 341
338 341
321 342
322 342
323 342
324 342
325 342
328 342
329 342
330 342
332 342
333 342
337 342
338 342
323 343
324 343
325 343
327 343
329 343
332 343
333 343
334 343
340 343
323 344
324 344
325 344
330 344
332 344
333 344
335 344
336 344
337 344
338 344
339 344
340 344
321 345
322 345
326 345
327 345
328 345
329 345
330 345
335 345
336 345
339 345
340 345
323 346
326 346
327 346
329 346
337 346
338 346
339 346
340 346
322 347
323 347
325 347
326 347
327 347
330 347
335 347
336 347
337 347
339 347
340 347
321 348
322 348
324 348
328 348
330 348
332 348
334 348
335 348
336 348
338 348
339 348
340 348
321 349
322 349
323 349
324 349
326 349
327 349
330 349
331 349
333 349
334 349
335 349
322 350
323 350
325 350
326 350
328 350
330 350
331 350
333 350
336 350
337 350
338 350
339 350
324 351
327 351
330 351
333 351
334 351
336 351
321 352
323 352
324 352
325 352
326 352
327 352
328 352
330 352
331 352
332 352
334 352
336 352
338 352
339 352
324 353
325 353
326 353
327 353
329 353
331 353
332 353
333 353
334 353
336 353
339 353
340 353
321 354
324 354
325 354
326 354
327 354
331 354
334 354
339 354
322 355
325 355
326 355
329 355
330 355
333 355
335 355
337 355
321 356
322 356
326 356
327 356
328 356
330 356
331 356
332 356
333 356
334 356
340 356
322 357
323 357
326 357
327 357
328 357
330 357
331 357
334 357
336 357
340 357
321 358
322 358
324 358
326 358
327 358
328 358
329 358
334 358
336 358
337 358
339 358
340 358
321 359
322 359
323 359
324 359
325 359
327 359
329 359
330 359
332 359
333 359
334 359
335 359
336 359
339 359
340 359
321 360
322 360
323 360
327 360
329 360
330 360
332 360
333 360
334 360
344 361
347 361
348 361
349 361
352 361
354 361
355 361
357 361
342 362
345 362
347 362
351 362
355 362
357 362
358 362
344 363
345 363
346 363
347 363
348 363
353 363
354 363
355 363
357 363
358 363
360 363
342 364
344 364
345 364
346 364
353 364
355 364
356 364
357 364
358 364
343 365
354 365
355 365
358 365
359 365
360 365
342 366
343 366
344 366
345 366
349 366
355 366
359 366
360 366
342 367
343 367
344 367
346 367
349 367
350 367
353 367
355 367
357 367
359 367
360 367
346 368
347 368
349 368
350 368
351 368
355 368
359 368
360 368
343 369
347 369
349 369
350 369
351 369
352 369
353 369
354 369
355 369
357 369
358 369
359 369
360 369
341 370
347 370
348 370
350 370
357 370
358 370
359 370
343 371
344 371
345 371
347 371
348 371
349 371
353 371
354 371
356 371
357 371
342 372
347 372
350 372
352 372
353 372
355 372
356 372
357 372
359 372
341 373
342 373
344 373
349 373
350 373
351 373
353 373
354 373
356 373
358 373
359 373
360 373
344 374
345 374
347 374
350 374
351 374
353 374
354 374
355 374
356 374
357 374
359 374
360 374
341 375
343 375
346 375
350 375
356 375
357 375
358 375
359 375
360 375
346 376
347 376
353 376
354 376
355 376
357 376
358 376
359 376
341 377
342 377
344 377
345 377
346 377
350 377
352 377
356 377
359 377
360 377
343 378
344 378
346 378
348 378
352 378
353 378
354 378
355 378
356 378
357 378
358 378
342 379
345 379
347 379
351 379
352 379
354 379
356 379
357 379
358 379
359 379
343 380
344 380
346 380
347 380
351 380
354 380
355 380
359 380
361 381
362 381
365 381
366 381
367 381
372 381
373 381
374 381
375 381
376 381
379 381
362 382
363 382
365 382
366 382
368 382
372 382
373 382
374 382
375 382
378 382
380 382
362 383
363 383
364 383
366 383
368 383
370 383
371 383
373 383
375 383
376 383
377 383
380 383
361 384
362 384
366 384
370 384
373 384
374 384
377 384
361 385
362 385
363 385
367 385
370 385
371 385
376 385
378 385
380 385
362 386
363 386
365 386
366 386
370 386
371 386
374 386
376 386
377 386
380 386
361 387
366 387
368 387
371 387
374 387
375 387
376 387
377 387
378 387
361 388
362 388
365 388
367 388
368 388
370 388
373 388
375 388
376 388
377 388
378 388
379 388
380 388
366 389
367 389
369 389
374 389
375 389
376 389
377 389
363 390
366 390
367 390
370 390
371 390
372 390
373 390
375 390
376 390
379 390
361 391
362 391
364 391
365 391
368 391
369 391
372 391
373 391
380 391
361 392
362 392
363 392
366 392
367 392
368 392
370 392
374 392
375 392
376 392
377 392
380 392
361 393
363 393
365 393
366 393
367 393
369 393
370 393
371 393
372 393
373 393
374 393
376 393
361 394
362 394
365 394
371 394
377 394
380 394
362 395
363 395
365 395
367 395
368 395
371 395
374 395
376 395
380 395
361 396
362 396
363 396
364 396
365 396
366 396
368 396
369 396
370 396
373 396
374 396
375 396
376 396
378 396
380 396
361 397
366 397
369 397
370 397
372 397
376 397
378 397
379 397
362 398
364 398
366 398
368 398
369 398
370 398
372 398
376 398
380 398
363 399
365 399
366 399
367 399
368 399
371 399
373 399
374 399
377 399
379 399
364 400
366 400
368 400
370 400
371 400
372 400
374 400
377 400
383 401
384 401
389 401
390 401
391 401
392 401
393 401
397 401
398 401
381 402
386 402
387 402
389 402
390 402
391 402
393 402
395 402
397 402
399 402
400 402
382 403
383 403
384 403
388 403
392 403
393 403
397 403
399 403
400 403
386 404
388 404
392 404
394 404
395 404
399 404
381 405
382 405
383 405
384 405
385 405
387 405
388 405
389 405
390 405
394 405
397 405
399 405
400 405
381 406
387 406
392 406
393 406
395 406
397 406
398 406
400 406
383 407
385 407
387 407
389 407
390 407
395 407
399 407
381 408
382 408
384 408
386 408
391 408
392 408
394 408
395 408
397 408
398 408
399 408
381 409
382 409
384 409
386 409
387 409
389 409
390 409
392 409
394 409
396 409
397 409
398 409
400 409
381 410
384 410
385 410
388 410
391 410
392 410
395 410
396 410
397 410
383 411
386 411
388 411
392 411
393 411
396 411
397 411
398 411
400 411
384 412
387 412
388 412
390 412
395 412
397 412
398 412
399 412
381 413
382 413
384 413
386 413
387 413
388 413
389 413
391 413
392 413
393 413
394 413
395 413
397 413
400 413
381 414
382 414
388 414
393 414
395 414
397 414
399 414
400 414
381 415
382 415
383 415
384 415
385 415
387 415
389 415
390 415
392 415
394 415
395 415
396 415
397 415
400 415
381 416
382 416
383 416
384 416
387 416
394 416
396 416
397 416
399 416
381 417
384 417
385 417
388 417
389 417
392 417
396 417
397 417
399 417
383 418
384 418
386 418
387 418
388 418
390 418
391 418
392 418
393 418
394 418
396 418
397 418
399 418
400 418
382 419
385 419
388 419
392 419
393 419
394 419
395 419
398 419
381 420
388 420
392 420
393 420
396 420
397 420
398 420
399 420
400 420
401 421
402 421
405 421
408 421
411 421
412 421
415 421
417 421
419 421
420 421
404 422
406 422
408 422
409 422
412 422
415 422
416 422
417 422
418 422
419 422
420 422
404 423
409 423
410 423
415 423
416 423
417 423
419 423
420 423
403 424
407 424
408 424
413 424
418 424
419 424
420 424
402 425
403 425
404 425
407 425
408 425
409 425
410 425
411 425
412 425
413 425
416 425
417 425
419 425
404 426
407 426
409 426
410 426
414 426
416 426
417 426
419 426
401 427
402 427
406 427
410 427
412 427
413 427
414 427
415 427
416 427
417 427
418 427
419 427
401 428
402 428
403 428
404 428
405 428
406 428
407 428
408 428
409 428
411 428
415 428
416 428
419 428
420 428
401 429
402 429
405 429
409 429
410 429
411 429
413 429
415 429
418 429
401 430
402 430
406 430
407 430
408 430
410 430
411 430
412 430
415 430
416 430
417 430
418 430
419 430
420 430
405 431
408 431
411 431
412 431
414 431
417 431
418 431
419 431
401 432
403 432
405 432
409 432
410 432
411 432
414 432
415 432
416 432
418 432
401 433
402 433
403 433
406 433
410 433
411 433
414 433
415 433
416 433
419 433
403 434
404 434
405 434
406 434
407 434
408 434
409 434
410 434
413 434
414 434
415 434
417 434
418 434
420 434
402 435
403 435
406 435
409 435
410 435
411 435
412 435
414 435
415 435
417 435
420 435
402 436
408 436
409 436
413 436
414 436
416 436
417 436
401 437
402 437
405 437
406 437
409 437
410 437
411 437
413 437
414 437
416 437
417 437
418 437
420 437
401 438
404 438
408 438
409 438
410 438
413 438
414 438
415 438
416 438
417 438
418 438
419 438
420 438
405 439
406 439
407 439
409 439
415 439
417 439
401 440
403 440
404 440
406 440
407 440
408 440
410 440
412 440
414 440
416 440
417 440
420 440
422 441
423 441
425 441
430 441
431 441
432 441
433 441
435 441
436 441
437 441
439 441
440 441
421 442
423 442
424 442
428 442
431 442
432 442
433 442
434 442
435 442
436 442
421 443
423 443
424 443
427 443
428 443
429 443
430 443
431 443
433 443
434 443
436 443
439 443
440 443
421 444
422 444
425 444
428 444
429 444
430 444
431 444
433 444
438 444
439 444
440 444
421 445
422 445
423 445
425 445
426 445
430 445
431 445
437 445
439 445
440 445
423 446
424 446
429 446
433 446
434 446
435 446
438 446
439 446
440 446
421 447
426 447
428 447
429 447
430 447
432 447
434 447
435 447
423 448
425 448
430 448
432 448
433 448
436 448
438 448
440 448
421 449
422 449
423 449
427 449
429 449
432 449
433 449
434 449
439 449
440 449
422 450
424 450
427 450
428 450
430 450
432 450
433 450
436 450
437 450
438 450
439 450
440 450
421 451
422 451
423 451
425 451
427 451
429 451
430 451
432 451
433 451
434 451
435 451
437 451
438 451
439 451
440 451
425 452
426 452
429 452
433 452
434 452
436 452
437 452
421 453
422 453
423 453
425 453
426 453
427 453
431 453
432 453
434 453
436 453
424 454
425 454
426 454
427 454
431 454
435 454
436 454
437 454
440 454
421 455
424 455
426 455
433 455
438 455
422 456
423 456
425 456
426 456
428 456
429 456
430 456
431 456
432 456
435 456
436 456
439 456
440 456
422 457
424 457
430 457
433 457
434 457
422 458
424 458
425 458
426 458
428 458
430 458
432 458
434 458
437 458
438 458
439 458
440 458
425 459
426 459
430 459
431 459
432 459
434 459
435 459
439 459
440 459
424 460
433 460
439 460
440 460
444 461
445 461
446 461
449 461
452 461
453 461
454 461
455 461
456 461
458 461
460 461
441 462
443 462
444 462
445 462
447 462
448 462
451 462
452 462
453 462
457 462
458 462
459 462
442 463
445 463
448 463
449 463
453 463
454 463
456 463
457 463
460 463
441 464
445 464
449 464
450 464
451 464
452 464
455 464
456 464
457 464
458 464
459 464
441 465
445 465
446 465
448 465
449 465
451 465
452 465
454 465
456 465
441 466
442 466
448 466
450 466
456 466
457 466
459 466
442 467
443 467
444 467
445 467
450 467
452 467
453 467
455 467
457 467
442 468
443 468
444 468
448 468
449 468
451 468
452 468
456 468
458 468
460 468
441 469
442 469
445 469
447 469
448 469
450 469
451 469
453 469
454 469
457 469
458 469
459 469
441 470
442 470
443 470
444 470
450 470
451 470
453 470
454 470
455 470
456 470
458 470
459 470
441 471
444 471
445 471
448 471
450 471
452 471
454 471
456 471
459 471
460 471
441 472
442 472
443 472
445 472
448 472
449 472
450 472
454 472
457 472
459 472
442 473
443 473
444 473
446 473
448 473
452 473
454 473
455 473
457 473
459 473
460 473
444 474
445 474
446 474
447 474
448 474
452 474
457 474
458 474
459 474
460 474
442 475
443 475
444 475
445 475
447 475
449 475
451 475
452 475
453 475
455 475
457 475
460 475
441 476
442 476
445 476
450 476
452 476
454 476
455 476
456 476
458 476
460 476
442 477
444 477
449 477
451 477
452 477
453 477
454 477
460 477
441 478
442 478
448 478
449 478
451 478
452 478
453 478
455 478
458 478
459 478
460 478
443 479
444 479
447 479
448 479
451 479
453 479
455 479
459 479
446 480
448 480
449 480
450 480
451 480
455 480
459 480
464 481
467 481
468 481
472 481
473 481
476 481
477 481
478 481
462 482
463 482
464 482
465 482
468 482
472 482
476 482
478 482
461 483
463 483
464 483
465 483
466 483
467 483
468 483
469 483
471 483
472 483
473 483
476 483
478 483
479 483
461 484
464 484
465 484
466 484
471 484
473 484
476 484
477 484
478 484
479 484
480 484
463 485
464 485
466 485
467 485
470 485
471 485
476 485
477 485
478 485
479 485
464 486
467 486
468 486
469 486
474 486
475 486
477 486
480 486
462 487
465 487
466 487
468 487
473 487
474 487
476 487
477 487
479 487
480 487
463 488
468 488
469 488
470 488
471 488
472 488
473 488
475 488
476 488
479 488
480 488
462 489
463 489
464 489
468 489
471 489
472 489
474 489
476 489
477 489
478 489
479 489
467 490
471 490
473 490
475 490
477 490
479 490
480 490
462 491
464 491
465 491
468 491
469 491
473 491
476 491
477 491
479 491
480 491
462 492
463 492
464 492
468 492
469 492
470 492
471 492
474 492
477 492
478 492
480 492
464 493
470 493
471 493
472 493
473 493
474 493
475 493
477 493
479 493
480 493
461 494
463 494
464 494
467 494
468 494
471 494
472 494
474 494
480 494
465 495
468 495
469 495
470 495
471 495
476 495
477 495
478 495
479 495
480 495
462 496
463 496
464 496
465 496
466 496
467 496
468 496
469 496
473 496
478 496
461 497
462 497
464 497
465 497
466 497
467 497
468 497
471 497
472 497
475 497
476 497
477 497
462 498
465 498
466 498
467 498
470 498
475 498
476 498
478 498
461 499
464 499
465 499
466 499
468 499
469 499
474 499
477 499
464 500
465 500
467 500
468 500
470 500
472 500
473 500
477 500
479 500
482 501
483 501
484 501
486 501
487 501
490 501
492 501
493 501
497 501
499 501
500 501
481 502
482 502
485 502
487 502
489 502
490 502
491 502
492 502
493 502
495 502
496 502
497 502
484 503
485 503
488 503
489 503
490 503
491 503
492 503
494 503
495 503
496 503
497 503
499 503
481 504
482 504
483 504
484 504
486 504
490 504
491 504
492 504
494 504
496 504
498 504
499 504
483 505
484 505
487 505
489 505
490 505
491 505
496 505
497 505
499 505
500 505
481 506
483 506
485 506
487 506
488 506
491 506
492 506
493 506
494 506
495 506
496 506
497 506
499 506
481 507
482 507
483 507
484 507
485 507
487 507
492 507
493 507
494 507
498 507
500 507
481 508
482 508
483 508
484 508
485 508
486 508
491 508
492 508
494 508
497 508
499 508
484 509
486 509
488 509
490 509
493 509
494 509
495 509
496 509
483 510
484 510
486 510
488 510
490 510
492 510
496 510
497 510
498 510
481 511
482 511
488 511
490 511
492 511
493 511
495 511
496 511
497 511
482 512
484 512
485 512
488 512
491 512
492 512
493 512
497 512
481 513
482 513
483 513
486 513
487 513
488 513
490 513
493 513
496 513
497 513
487 514
489 514
495 514
498 514
500 514
482 515
483 515
485 515
488 515
495 515
496 515
497 515
481 516
484 516
486 516
487 516
488 516
489 516
491 516
492 516
495 516
496 516
483 517
484 517
485 517
488 517
489 517
490 517
491 517
492 517
493 517
494 517
496 517
498 517
482 518
483 518
485 518
487 518
489 518
490 518
491 518
492 518
494 518
496 518
497 518
500 518
481 519
487 519
488 519
489 519
491 519
492 519
493 519
495 519
500 519
481 520
484 520
485 520
487 520
488 520
490 520
491 520
492 520
493 520
495 520
497 520
499 520
502 521
504 521
505 521
506 521
508 521
509 521
512 521
513 521
514 521
515 521
517 521
518 521
519 521
502 522
503 522
504 522
506 522
508 522
509 522
515 522
516 522
517 522
518 522
519 522
520 522
501 523
502 523
503 523
504 523
507 523
509 523
510 523
512 523
514 523
515 523
504 524
505 524
507 524
508 524
510 524
513 524
514 524
518 524
519 524
501 525
505 525
506 525
507 525
508 525
509 525
510 525
514 525
518 525
502 526
505 526
507 526
508 526
511 526
512 526
513 526
514 526
517 526
519 526
501 527
504 527
506 527
508 527
511 527
514 527
517 527
520 527
501 528
502 528
503 528
504 528
505 528
508 528
510 528
511 528
512 528
516 528
517 528
519 528
520 528
501 529
502 529
503 529
508 529
517 529
519 529
520 529
502 530
503 530
505 530
506 530
509 530
510 530
512 530
517 530
518 530
519 530
520 530
501 531
503 531
504 531
507 531
508 531
511 531
513 531
515 531
519 531
501 532
502 532
504 532
506 532
507 532
509 532
510 532
512 532
515 532
519 532
501 533
503 533
505 533
506 533
508 533
509 533
510 533
511 533
516 533
517 533
518 533
520 533
501 534
503 534
505 534
508 534
510 534
514 534
515 534
516 534
517 534
519 534
501 535
503 535
505 535
507 535
509 535
510 535
513 535
514 535
516 535
518 535
519 535
504 536
509 536
510 536
513 536
515 536
516 536
517 536
502 537
505 537
506 537
508 537
509 537
512 537
515 537
516 537
519 537
520 537
501 538
503 538
506 538
507 538
508 538
509 538
510 538
511 538
512 538
515 538
516 538
519 538
520 538
501 539
502 539
503 539
506 539
508 539
511 539
512 539
513 539
514 539
515 539
518 539
519 539
520 539
501 540
502 540
504 540
507 540
509 540
510 540
511 540
512 540
513 540
514 540
516 540
519 540
521 541
522 541
523 541
524 541
525 541
526 541
532 541
535 541
538 541
539 541
522 542
524 542
525 542
528 542
531 542
533 542
534 542
535 542
521 543
522 543
524 543
530 543
532 543
533 543
535 543
536 543
537 543
540 543
522 544
524 544
529 544
530 544
531 544
533 544
534 544
535 544
521 545
526 545
527 545
530 545
533 545
536 545
539 545
540 545
522 546
525 546
527 546
528 546
529 546
530 546
531 546
533 546
535 546
537 546
538 546
539 546
540 546
524 547
526 547
528 547
529 547
530 547
532 547
533 547
534 547
535 547
536 547
539 547
540 547
521 548
522 548
525 548
527 548
530 548
531 548
532 548
533 548
535 548
536 548
537 548
522 549
523 549
524 549
527 549
529 549
530 549
531 549
534 549
535 549
537 549
539 549
540 549
524 550
525 550
527 550
532 550
538 550
540 550
521 551
522 551
523 551
525 551
527 551
528 551
530 551
531 551
533 551
534 551
535 551
536 551
537 551
538 551
522 552
523 552
525 552
530 552
531 552
535 552
537 552
538 552
539 552
540 552
524 553
526 553
528 553
530 553
531 553
532 553
534 553
535 553
537 553
538 553
539 553
522 554
523 554
525 554
529 554
532 554
533 554
538 554
526 555
529 555
532 555
533 555
534 555
536 555
537 555
538 555
521 556
523 556
524 556
525 556
526 556
527 556
529 556
532 556
533 556
534 556
535 556
536 556
538 556
539 556
523 557
524 557
527 557
528 557
530 557
532 557
534 557
535 557
538 557
539 557
540 557
522 558
525 558
526 558
527 558
529 558
530 558
531 558
532 558
535 558
536 558
538 558
540 558
523 559
528 559
534 559
535 559
536 559
538 559
539 559
521 560
522 560
525 560
526 560
530 560
531 560
533 560
535 560
536 560
537 560
539 560
540 560
541 561
542 561
543 561
546 561
547 561
550 561
551 561
553 561
554 561
555 561
560 561
541 562
542 562
543 562
544 562
545 562
550 562
552 562
554 562
555 562
556 562
557 562
560 562
542 563
545 563
548 563
549 563
550 563
551 563
554 563
555 563
557 563
560 563
541 564
542 564
543 564
547 564
549 564
550 564
551 564
553 564
554 564
557 564
559 564
560 564
545 565
547 565
548 565
549 565
553 565
555 565
541 566
543 566
546 566
547 566
550 566
552 566
553 566
554 566
555 566
556 566
558 566
560 566
543 567
544 567
545 567
547 567
548 567
549 567
550 567
555 567
557 567
558 567
543 568
544 568
546 568
548 568
549 568
550 568
552 568
553 568
554 568
555 568
556 568
559 568
541 569
542 569
546 569
550 569
553 569
554 569
556 569
560 569
541 570
543 570
545 570
548 570
549 570
550 570
551 570
553 570
560 570
543 571
544 571
547 571
549 571
552 571
553 571
554 571
556 571
558 571
559 571
560 571
542 572
544 572
545 572
546 572
547 572
548 572
549 572
550 572
552 572
556 572
557 572
560 572
546 573
548 573
549 573
551 573
552 573
556 573
557 573
559 573
546 574
550 574
551 574
553 574
554 574
555 574
556 574
560 574
544 575
547 575
548 575
550 575
551 575
553 575
555 575
558 575
559 575
560 575
541 576
542 576
543 576
544 576
545 576
546 576
547 576
548 576
549 576
551 576
554 576
556 576
557 576
558 576
559 576
543 577
549 577
550 577
552 577
554 577
555 577
541 578
549 578
550 578
551 578
552 578
553 578
557 578
560 578
541 579
543 579
547 579
549 579
550 579
551 579
554 579
556 579
558 579
541 580
542 580
544 580
545 580
548 580
549 580
551 580
556 580
557 580
558 580
559 580
561 581
562 581
563 581
566 581
567 581
569 581
572 581
573 581
576 581
578 581
579 581
580 581
563 582
567 582
568 582
570 582
571 582
572 582
573 582
575 582
576 582
577 582
579 582
580 582
561 583
564 583
565 583
567 583
572 583
577 583
578 583
580 583
562 584
563 584
565 584
566 584
568 584
569 584
572 584
573 584
574 584
561 585
563 585
564 585
565 585
566 585
567 585
568 585
570 585
571 585
572 585
575 585
576 585
578 585
579 585
580 585
563 586
567 586
569 586
570 586
572 586
574 586
580 586
562 587
564 587
567 587
568 587
569 587
570 587
572 587
573 587
578 587
579 587
562 588
565 588
566 588
568 588
569 588
570 588
572 588
573 588
576 588
578 588
579 588
580 588
561 589
566 589
567 589
568 589
569 589
570 589
571 589
572 589
574 589
577 589
579 589
580 589
561 590
565 590
569 590
570 590
571 590
575 590
562 591
563 591
564 591
567 591
568 591
571 591
574 591
575 591
576 591
577 591
578 591
579 591
580 591
561 592
562 592
563 592
564 592
566 592
568 592
569 592
572 592
574 592
575 592
577 592
578 592
580 592
564 593
566 593
568 593
571 593
573 593
574 593
576 593
578 593
579 593
561 594
562 594
563 594
564 594
570 594
571 594
574 594
575 594
579 594
561 595
562 595
564 595
566 595
569 595
570 595
573 595
574 595
575 595
579 595
580 595
562 596
564 596
565 596
568 596
569 596
570 596
571 596
574 596
575 596
576 596
577 596
578 596
580 596
561 597
562 597
563 597
566 597
568 597
569 597
570 597
571 597
573 597
575 597
576 597
578 597
580 597
563 598
564 598
565 598
570 598
571 598
572 598
574 598
576 598
577 598
578 598
561 599
565 599
567 599
568 599
569 599
572 599
573 599
574 599
578 599
561 600
562 600
564 600
566 600
568 600
569 600
570 600
571 600
572 600
575 600
583 601
584 601
591 601
593 601
598 601
599 601
600 601
582 602
583 602
584 602
585 602
587 602
590 602
592 602
593 602
594 602
598 602
600 602
586 603
588 603
589 603
591 603
594 603
596 603
597 603
598 603
585 604
587 604
591 604
593 604
594 604
595 604
597 604
581 605
582 605
584 605
587 605
588 605
590 605
591 605
592 605
596 605
597 605
581 606
585 606
586 606
587 606
589 606
591 606
592 606
595 606
598 606
599 606
582 607
585 607
590 607
593 607
597 607
588 608
589 608
590 608
591 608
592 608
594 608
595 608
596 608
598 608
600 608
582 609
583 609
584 609
586 609
588 609
590 609
591 609
592 609
593 609
594 609
597 609
583 610
584 610
588 610
590 610
591 610
595 610
596 610
597 610
598 610
599 610
582 611
583 611
586 611
589 611
591 611
593 611
594 611
595 611
600 611
581 612
582 612
585 612
586 612
587 612
589 612
592 612
593 612
596 612
599 612
600 612
581 613
584 613
588 613
590 613
593 613
595 613
596 613
597 613
600 613
582 614
583 614
585 614
586 614
587 614
588 614
589 614
591 614
592 614
600 614
581 615
583 615
584 615
588 615
595 615
597 615
600 615
581 616
583 616
584 616
585 616
591 616
596 616
597 616
600 616
582 617
583 617
586 617
591 617
592 617
595 617
597 617
598 617
599 617
583 618
584 618
585 618
590 618
592 618
593 618
595 618
596 618
597 618
599 618
584 619
586 619
587 619
588 619
589 619
591 619
594 619
595 619
597 619
582 620
585 620
586 620
588 620
589 620
590 620
593 620
594 620
595 620
597 620
598 620
599 620
600 620
601 621
602 621
603 621
606 621
607 621
613 621
614 621
616 621
619 621
620 621
601 622
603 622
604 622
606 622
608 622
614 622
615 622
616 622
619 622
602 623
605 623
606 623
607 623
609 623
610 623
612 623
614 623
615 623
618 623
619 623
603 624
605 624
606 624
608 624
610 624
611 624
612 624
614 624
615 624
616 624
619 624
601 625
602 625
603 625
606 625
609 625
611 625
613 625
615 625
619 625
603 626
604 626
605 626
606 626
607 626
608 626
611 626
612 626
613 626
615 626
617 626
618 626
606 627
608 627
609 627
611 627
613 627
615 627
616 627
620 627
601 628
603 628
604 628
607 628
608 628
609 628
610 628
611 628
613 628
615 628
618 628
601 629
603 629
605 629
606 629
607 629
608 629
609 629
614 629
616 629
617 629
619 629
601 630
602 630
603 630
604 630
605 630
606 630
608 630
610 630
613 630
615 630
616 630
617 630
605 631
606 631
608 631
609 631
610 631
611 631
612 631
617 631
618 631
619 631
606 632
608 632
611 632
615 632
616 632
618 632
620 632
601 633
602 633
605 633
606 633
608 633
609 633
610 633
611 633
616 633
617 633
619 633
620 633
603 634
604 634
605 634
607 634
608 634
611 634
614 634
615 634
616 634
617 634
618 634
620 634
601 635
604 635
605 635
608 635
612 635
613 635
617 635
619 635
620 635
601 636
604 636
606 636
609 636
610 636
611 636
614 636
615 636
619 636
601 637
603 637
605 637
609 637
610 637
613 637
614 637
616 637
617 637
618 637
619 637
601 638
602 638
603 638
604 638
605 638
606 638
607 638
609 638
610 638
611 638
614 638
616 638
618 638
619 638
620 638
601 639
605 639
606 639
610 639
611 639
620 639
601 640
604 640
605 640
606 640
607 640
608 640
609 640
612 640
613 640
614 640
615 640
617 640
619 640
627 641
630 641
631 641
635 641
637 641
638 641
640 641
629 642
633 642
634 642
637 642
638 642
621 643
623 643
624 643
626 643
627 643
628 643
632 643
633 643
621 644
622 644
629 644
632 644
633 644
637 644
639 644
640 644
621 645
622 645
623 645
625 645
626 645
631 645
632 645
633 645
635 645
638 645
639 645
621 646
622 646
623 646
626 646
627 646
632 646
633 646
634 646
637 646
622 647
623 647
624 647
625 647
630 647
632 647
633 647
636 647
637 647
638 647
640 647
621 648
622 648
625 648
626 648
627 648
630 648
636 648
639 648
640 648
622 649
623 649
624 649
625 649
627 649
631 649
633 649
635 649
637 649
638 649
623 650
626 650
628 650
629 650
631 650
633 650
634 650
635 650
638 650
639 650
640 650
621 651
622 651
624 651
630 651
631 651
632 651
634 651
637 651
638 651
640 651
621 652
622 652
623 652
625 652
627 652
629 652
630 652
631 652
636 652
638 652
621 653
623 653
625 653
628 653
632 653
634 653
635 653
636 653
639 653
621 654
622 654
623 654
624 654
625 654
626 654
630 654
631 654
632 654
633 654
634 654
635 654
638 654
640 654
621 655
622 655
623 655
624 655
626 655
627 655
630 655
632 655
633 655
636 655
638 655
640 655
622 656
632 656
633 656
635 656
636 656
638 656
640 656
621 657
622 657
624 657
628 657
630 657
633 657
634 657
635 657
637 657
640 657
624 658
626 658
627 658
628 658
629 658
634 658
636 658
638 658
640 658
623 659
625 659
626 659
627 659
628 659
629 659
630 659
631 659
632 659
633 659
634 659
636 659
637 659
638 659
639 659
640 659
623 660
626 660
627 660
629 660
630 660
631 660
632 660
633 660
643 661
644 661
645 661
646 661
648 661
649 661
651 661
654 661
658 661
660 661
641 662
642 662
643 662
644 662
646 662
650 662
651 662
652 662
657 662
658 662
659 662
644 663
648 663
649 663
651 663
652 663
653 663
655 663
657 663
659 663
660 663
642 664
648 664
649 664
650 664
654 664
655 664
656 664
657 664
659 664
641 665
642 665
644 665
648 665
649 665
651 665
654 665
641 666
644 666
646 666
648 666
649 666
651 666
653 666
657 666
659 666
660 666
643 667
644 667
646 667
647 667
648 667
650 667
652 667
654 667
658 667
659 667
641 668
645 668
648 668
649 668
650 668
651 668
652 668
655 668
657 668
659 668
660 668
641 669
644 669
647 669
650 669
652 669
654 669
655 669
656 669
658 669
660 669
641 670
643 670
644 670
645 670
646 670
648 670
649 670
650 670
655 670
657 670
658 670
641 671
643 671
644 671
647 671
650 671
651 671
654 671
657 671
642 672
644 672
646 672
649 672
650 672
652 672
653 672
656 672
657 672
641 673
642 673
645 673
646 673
648 673
652 673
653 673
655 673
657 673
658 673
659 673
660 673
641 674
642 674
643 674
644 674
645 674
646 674
648 674
651 674
654 674
657 674
658 674
641 675
642 675
644 675
646 675
647 675
649 675
651 675
652 675
653 675
654 675
659 675
642 676
644 676
646 676
648 676
650 676
660 676
641 677
642 677
643 677
647 677
652 677
654 677
655 677
656 677
657 677
658 677
660 677
641 678
643 678
644 678
645 678
647 678
650 678
651 678
655 678
658 678
641 679
642 679
644 679
645 679
647 679
649 679
651 679
654 679
655 679
658 679
641 680
642 680
643 680
646 680
651 680
653 680
655 680
659 680
662 681
663 681
667 681
668 681
669 681
670 681
677 681
679 681
680 681
661 682
665 682
667 682
668 682
669 682
670 682
671 682
673 682
675 682
676 682
663 683
664 683
668 683
670 683
671 683
672 683
674 683
676 683
677 683
678 683
679 683
680 683
662 684
663 684
664 684
665 684
666 684
671 684
672 684
674 684
675 684
679 684
680 684
662 685
668 685
671 685
673 685
674 685
676 685
677 685
662 686
663 686
665 686
666 686
668 686
670 686
671 686
672 686
675 686
678 686
679 686
680 686
662 687
663 687
664 687
665 687
667 687
668 687
670 687
671 687
672 687
674 687
675 687
677 687
678 687
662 688
663 688
666 688
667 688
668 688
669 688
673 688
680 688
664 689
665 689
666 689
667 689
671 689
677 689
678 689
680 689
661 690
663 690
664 690
669 690
671 690
674 690
680 690
664 691
665 691
667 691
669 691
671 691
672 691
673 691
674 691
676 691
677 691
678 691
679 691
680 691
664 692
665 692
670 692
672 692
673 692
675 692
676 692
679 692
680 692
661 693
663 693
664 693
665 693
667 693
668 693
670 693
671 693
672 693
673 693
674 693
677 693
679 693
680 693
661 694
664 694
668 694
669 694
671 694
677 694
679 694
661 695
662 695
663 695
664 695
665 695
669 695
671 695
672 695
677 695
678 695
662 696
663 696
664 696
666 696
667 696
672 696
675 696
661 697
663 697
672 697
674 697
675 697
677 697
661 698
662 698
663 698
665 698
670 698
671 698
673 698
676 698
678 698
679 698
662 699
663 699
664 699
667 699
669 699
671 699
676 699
679 699
680 699
662 700
663 700
664 700
666 700
667 700
668 700
670 700
673 700
674 700
675 700
679 700
682 701
683 701
684 701
685 701
687 701
688 701
690 701
692 701
693 701
694 701
696 701
699 701
700 701
682 702
683 702
684 702
687 702
690 702
692 702
693 702
694 702
695 702
696 702
697 702
698 702
700 702
681 703
687 703
688 703
690 703
693 703
694 703
699 703
682 704
683 704
685 704
687 704
693 704
694 704
681 705
682 705
683 705
685 705
690 705
691 705
692 705
693 705
696 705
698 705
699 705
681 706
682 706
683 706
684 706
686 706
687 706
690 706
691 706
692 706
693 706
694 706
695 706
698 706
699 706
700 706
683 707
685 707
688 707
690 707
691 707
695 707
696 707
698 707
699 707
682 708
684 708
686 708
688 708
691 708
693 708
694 708
698 708
700 708
683 709
684 709
686 709
687 709
689 709
690 709
692 709
693 709
694 709
695 709
696 709
697 709
699 709
683 710
685 710
686 710
687 710
693 710
695 710
696 710
681 711
682 711
683 711
684 711
686 711
687 711
690 711
696 711
697 711
699 711
681 712
683 712
686 712
687 712
693 712
694 712
695 712
696 712
698 712
700 712
683 713
684 713
686 713
688 713
689 713
690 713
692 713
694 713
699 713
682 714
683 714
684 714
685 714
686 714
687 714
689 714
693 714
695 714
697 714
698 714
699 714
700 714
688 715
692 715
693 715
694 715
696 715
697 715
699 715
700 715
682 716
684 716
685 716
686 716
689 716
691 716
693 716
694 716
695 716
696 716
700 716
686 717
687 717
689 717
690 717
698 717
700 717
681 718
682 718
687 718
688 718
695 718
697 718
698 718
699 718
700 718
682 719
684 719
685 719
689 719
696 719
699 719
683 720
687 720
689 720
690 720
692 720
694 720
696 720
697 720
700 720
702 721
704 721
705 721
707 721
711 721
712 721
714 721
718 721
719 721
720 721
703 722
704 722
706 722
707 722
714 722
717 722
720 722
702 723
703 723
706 723
708 723
709 723
710 723
711 723
713 723
715 723
718 723
719 723
720 723
702 724
706 724
708 724
709 724
711 724
712 724
715 724
719 724
703 725
704 725
705 725
707 725
711 725
712 725
713 725
714 725
715 725
717 725
718 725
719 725
720 725
704 726
706 726
707 726
710 726
712 726
718 726
702 727
708 727
710 727
711 727
712 727
714 727
715 727
718 727
719 727
701 728
703 728
705 728
706 728
708 728
712 728
714 728
715 728
716 728
717 728
718 728
719 728
701 729
703 729
704 729
705 729
706 729
709 729
710 729
711 729
712 729
713 729
715 729
717 729
718 729
719 729
701 730
702 730
703 730
705 730
706 730
707 730
708 730
710 730
711 730
715 730
719 730
701 731
702 731
703 731
704 731
705 731
706 731
707 731
708 731
709 731
710 731
712 731
715 731
717 731
718 731
719 731
701 732
704 732
705 732
706 732
718 732
719 732
701 733
703 733
707 733
708 733
709 733
711 733
713 733
714 733
716 733
718 733
720 733
702 734
703 734
705 734
706 734
707 734
708 734
712 734
714 734
715 734
716 734
717 734
718 734
719 734
701 735
702 735
703 735
705 735
708 735
712 735
714 735
718 735
719 735
720 735
701 736
702 736
704 736
706 736
708 736
709 736
710 736
711 736
712 736
715 736
716 736
717 736
720 736
701 737
704 737
708 737
710 737
713 737
715 737
718 737
720 737
701 738
702 738
704 738
705 738
706 738
708 738
710 738
712 738
714 738
716 738
720 738
703 739
704 739
708 739
711 739
713 739
714 739
716 739
719 739
701 740
702 740
703 740
704 740
706 740
707 740
712 740
714 740
715 740
716 740
718 740
719 740
720 740
721 741
722 741
726 741
727 741
731 741
732 741
733 741
734 741
735 741
740 741
724 742
726 742
727 742
728 742
729 742
731 742
734 742
735 742
736 742
738 742
722 743
723 743
726 743
727 743
728 743
730 743
734 743
735 743
736 743
740 743
723 744
725 744
727 744
730 744
735 744
736 744
738 744
740 744
723 745
727 745
728 745
729 745
731 745
733 745
736 745
737 745
740 745
721 746
722 746
725 746
726 746
727 746
729 746
734 746
736 746
737 746
738 746
739 746
740 746
721 747
722 747
724 747
725 747
727 747
728 747
729 747
731 747
732 747
733 747
734 747
736 747
739 747
740 747
721 748
728 748
729 748
730 748
731 748
734 748
738 748
739 748
722 749
724 749
726 749
730 749
732 749
733 749
736 749
737 749
738 749
739 749
740 749
724 750
728 750
729 750
731 750
735 750
723 751
725 751
726 751
728 751
729 751
732 751
733 751
734 751
735 751
737 751
740 751
721 752
722 752
724 752
725 752
726 752
727 752
729 752
730 752
732 752
733 752
735 752
738 752
739 752
740 752
721 753
724 753
725 753
728 753
731 753
735 753
737 753
739 753
721 754
724 754
727 754
729 754
730 754
732 754
733 754
736 754
738 754
740 754
722 755
723 755
724 755
725 755
726 755
729 755
732 755
734 755
735 755
737 755
739 755
740 755
721 756
723 756
724 756
728 756
732 756
733 756
735 756
738 756
739 756
740 756
721 757
722 757
724 757
727 757
731 757
734 757
739 757
721 758
722 758
723 758
724 758
726 758
732 758
733 758
734 758
735 758
737 758
739 758
724 759
725 759
726 759
730 759
731 759
732 759
735 759
738 759
726 760
730 760
733 760
734 760
736 760
737 760
739 760
741 761
742 761
744 761
745 761
746 761
750 761
751 761
753 761
756 761
742 762
743 762
744 762
747 762
748 762
749 762
751 762
753 762
755 762
759 762
741 763
743 763
744 763
749 763
750 763
754 763
755 763
741 764
743 764
745 764
753 764
757 764
759 764
760 764
741 765
745 765
746 765
748 765
749 765
750 765
752 765
753 765
754 765
755 765
756 765
757 765
758 765
759 765
741 766
742 766
744 766
745 766
746 766
747 766
749 766
750 766
751 766
755 766
756 766
757 766
759 766
745 767
746 767
751 767
752 767
754 767
756 767
757 767
760 767
741 768
747 768
749 768
750 768
752 768
754 768
756 768
758 768
759 768
742 769
743 769
747 769
751 769
752 769
755 769
758 769
759 769
760 769
742 770
744 770
745 770
747 770
748 770
750 770
751 770
753 770
754 770
755 770
758 770
760 770
741 771
743 771
744 771
746 771
749 771
753 771
757 771
758 771
760 771
746 772
749 772
752 772
753 772
756 772
757 772
741 773
746 773
747 773
749 773
750 773
751 773
753 773
757 773
759 773
760 773
741 774
742 774
743 774
744 774
749 774
752 774
755 774
756 774
757 774
759 774
743 775
745 775
746 775
748 775
749 775
751 775
752 775
753 775
754 775
755 775
756 775
757 775
759 775
760 775
743 776
746 776
747 776
748 776
749 776
753 776
756 776
742 777
744 777
745 777
746 777
747 777
748 777
750 777
751 777
752 777
753 777
754 777
757 777
759 777
760 777
741 778
743 778
748 778
749 778
750 778
751 778
752 778
753 778
754 778
755 778
758 778
759 778
760 778
741 779
742 779
745 779
747 779
748 779
750 779
751 779
752 779
753 779
754 779
755 779
757 779
758 779
759 779
760 779
741 780
743 780
744 780
745 780
746 780
747 780
749 780
752 780
754 780
755 780
757 780
758 780
759 780
763 781
764 781
765 781
766 781
768 781
773 781
774 781
775 781
777 781
778 781
779 781
762 782
769 782
770 782
772 782
773 782
775 782
776 782
777 782
778 782
780 782
764 783
767 783
776 783
778 783
779 783
762 784
763 784
764 784
765 784
766 784
767 784
770 784
771 784
772 784
774 784
775 784
777 784
778 784
761 785
762 785
768 785
773 785
774 785
775 785
776 785
780 785
764 786
765 786
767 786
768 786
769 786
770 786
772 786
774 786
775 786
777 786
778 786
779 786
761 787
764 787
767 787
768 787
769 787
772 787
773 787
775 787
776 787
777 787
779 787
762 788
764 788
768 788
769 788
771 788
773 788
774 788
777 788
778 788
764 789
771 789
773 789
774 789
778 789
779 789
780 789
761 790
762 790
764 790
765 790
766 790
769 790
770 790
771 790
775 790
777 790
778 790
780 790
762 791
763 791
765 791
766 791
769 791
770 791
773 791
776 791
777 791
778 791
779 791
780 791
762 792
763 792
764 792
766 792
769 792
776 792
777 792
779 792
761 793
762 793
763 793
765 793
766 793
768 793
771 793
780 793
764 794
765 794
770 794
771 794
774 794
775 794
776 794
777 794
779 794
780 794
765 795
767 795
769 795
771 795
773 795
776 795
779 795
780 795
763 796
764 796
769 796
770 796
771 796
772 796
773 796
775 796
778 796
763 797
765 797
766 797
767 797
769 797
770 797
773 797
774 797
775 797
778 797
764 798
765 798
767 798
768 798
770 798
777 798
778 798
779 798
761 799
762 799
763 799
764 799
767 799
769 799
774 799
776 799
777 799
778 799
765 800
767 800
768 800
769 800
770 800
771 800
773 800
774 800
775 800
777 800
780 800
782 801
785 801
786 801
788 801
789 801
790 801
791 801
796 801
797 801
798 801
781 802
785 802
787 802
788 802
789 802
792 802
793 802
794 802
797 802
798 802
800 802
782 803
785 803
786 803
789 803
793 803
796 803
797 803
781 804
784 804
786 804
787 804
792 804
794 804
796 804
781 805
782 805
783 805
791 805
794 805
795 805
796 805
797 805
798 805
799 805
781 806
782 806
783 806
785 806
786 806
787 806
788 806
789 806
791 806
799 806
781 807
782 807
784 807
787 807
789 807
790 807
791 807
795 807
798 807
799 807
800 807
781 808
783 808
785 808
787 808
790 808
791 808
793 808
794 808
795 808
796 808
797 808
798 808
799 808
800 808
781 809
782 809
783 809
786 809
789 809
791 809
792 809
793 809
794 809
799 809
800 809
782 810
785 810
787 810
788 810
792 810
795 810
796 810
797 810
800 810
781 811
782 811
787 811
789 811
791 811
793 811
797 811
798 811
800 811
781 812
782 812
783 812
785 812
786 812
787 812
788 812
790 812
795 812
796 812
797 812
799 812
800 812
782 813
783 813
785 813
786 813
788 813
791 813
795 813
796 813
798 813
799 813
781 814
786 814
788 814
789 814
790 814
791 814
794 814
796 814
799 814
800 814
781 815
783 815
786 815
788 815
792 815
794 815
795 815
799 815
800 815
782 816
783 816
785 816
786 816
787 816
789 816
791 816
792 816
793 816
797 816
798 816
800 816
781 817
785 817
786 817
787 817
788 817
790 817
791 817
792 817
793 817
794 817
800 817
781 818
782 818
784 818
785 818
788 818
790 818
792 818
793 818
795 818
797 818
782 819
783 819
784 819
785 819
786 819
788 819
790 819
791 819
793 819
794 819
796 819
797 819
798 819
781 820
782 820
784 820
786 820
788 820
791 820
793 820
797 820
798 820
799 820
800 820
802 821
804 821
805 821
806 821
808 821
809 821
810 821
811 821
813 821
814 821
815 821
817 821
818 821
819 821
801 822
802 822
807 822
812 822
815 822
817 822
820 822
801 823
803 823
805 823
809 823
811 823
812 823
813 823
815 823
816 823
820 823
801 824
804 824
805 824
810 824
813 824
814 824
816 824
818 824
801 825
808 825
809 825
810 825
811 825
815 825
818 825
819 825
820 825
803 826
805 826
807 826
808 826
809 826
810 826
811 826
812 826
813 826
815 826
816 826
817 826
818 826
819 826
820 826
804 827
805 827
806 827
808 827
813 827
815 827
817 827
819 827
820 827
801 828
805 828
807 828
808 828
810 828
811 828
812 828
818 828
819 828
802 829
803 829
804 829
806 829
807 829
808 829
809 829
810 829
811 829
812 829
813 829
814 829
817 829
819 829
801 830
803 830
805 830
806 830
807 830
809 830
811 830
812 830
813 830
815 830
817 830
818 830
819 830
820 830
801 831
802 831
805 831
810 831
811 831
819 831
820 831
803 832
804 832
806 832
809 832
811 832
813 832
815 832
816 832
820 832
801 833
802 833
804 833
805 833
808 833
810 833
811 833
816 833
817 833
819 833
801 834
802 834
804 834
805 834
807 834
808 834
809 834
810 834
815 834
816 834
817 834
818 834
819 834
820 834
802 835
803 835
804 835
805 835
810 835
811 835
812 835
814 835
815 835
816 835
818 835
819 835
801 836
802 836
804 836
807 836
808 836
809 836
811 836
817 836
818 836
819 836
803 837
804 837
816 837
819 837
820 837
802 838
803 838
805 838
806 838
808 838
811 838
812 838
814 838
816 838
817 838
801 839
803 839
804 839
808 839
809 839
811 839
815 839
817 839
818 839
819 839
801 840
803 840
804 840
807 840
808 840
809 840
811 840
813 840
817 840
819 840
825 841
826 841
827 841
828 841
831 841
834 841
836 841
837 841
838 841
839 841
840 841
822 842
824 842
827 842
829 842
831 842
832 842
835 842
821 843
822 843
826 843
827 843
828 843
831 843
832 843
833 843
834 843
836 843
837 843
839 843
823 844
825 844
826 844
827 844
829 844
830 844
833 844
834 844
835 844
836 844
823 845
824 845
825 845
826 845
832 845
834 845
840 845
821 846
824 846
827 846
829 846
830 846
831 846
832 846
833 846
834 846
838 846
839 846
822 847
823 847
825 847
827 847
828 847
830 847
834 847
837 847
838 847
839 847
821 848
822 848
823 848
825 848
826 848
828 848
831 848
832 848
834 848
835 848
836 848
837 848
840 848
822 849
828 849
830 849
832 849
833 849
835 849
839 849
840 849
825 850
830 850
831 850
832 850
833 850
834 850
835 850
838 850
839 850
840 850
821 851
823 851
825 851
828 851
829 851
834 851
836 851
838 851
839 851
821 852
822 852
825 852
827 852
831 852
836 852
837 852
838 852
839 852
840 852
822 853
824 853
826 853
827 853
829 853
830 853
831 853
822 854
823 854
825 854
826 854
827 854
828 854
830 854
833 854
822 855
823 855
825 855
827 855
829 855
830 855
831 855
833 855
836 855
838 855
840 855
826 856
828 856
831 856
832 856
837 856
839 856
840 856
821 857
823 857
826 857
827 857
829 857
830 857
831 857
834 857
839 857
821 858
824 858
825 858
826 858
827 858
829 858
833 858
836 858
838 858
839 858
840 858
823 859
825 859
826 859
829 859
832 859
833 859
834 859
835 859
839 859
840 859
825 860
827 860
830 860
835 860
846 861
847 861
849 861
852 861
855 861
856 861
860 861
845 862
846 862
847 862
852 862
853 862
857 862
858 862
859 862
860 862
843 863
845 863
849 863
853 863
854 863
856 863
857 863
841 864
842 864
843 864
844 864
845 864
849 864
852 864
853 864
855 864
856 864
857 864
860 864
844 865
845 865
846 865
847 865
848 865
850 865
851 865
852 865
854 865
860 865
842 866
843 866
844 866
845 866
847 866
848 866
850 866
851 866
856 866
857 866
858 866
841 867
842 867
848 867
849 867
851 867
853 867
856 867
858 867
859 867
860 867
842 868
843 868
845 868
846 868
849 868
852 868
854 868
855 868
857 868
860 868
841 869
842 869
844 869
848 869
849 869
850 869
851 869
853 869
855 869
858 869
859 869
841 870
842 870
843 870
844 870
847 870
848 870
850 870
841 871
842 871
843 871
844 871
845 871
846 871
847 871
848 871
850 871
851 871
855 871
857 871
842 872
845 872
853 872
857 872
860 872
845 873
846 873
850 873
851 873
854 873
857 873
858 873
859 873
841 874
842 874
846 874
848 874
850 874
851 874
854 874
856 874
859 874
860 874
842 875
843 875
844 875
846 875
848 875
849 875
850 875
851 875
854 875
856 875
858 875
859 875
842 876
845 876
848 876
850 876
854 876
856 876
857 876
858 876
859 876
860 876
843 877
844 877
846 877
848 877
850 877
851 877
852 877
853 877
855 877
857 877
859 877
841 878
842 878
843 878
844 878
846 878
853 878
854 878
860 878
842 879
848 879
849 879
852 879
853 879
855 879
857 879
858 879
860 879
841 880
842 880
843 880
844 880
848 880
850 880
858 880
863 881
864 881
867 881
869 881
870 881
871 881
872 881
875 881
876 881
877 881
861 882
863 882
864 882
870 882
874 882
876 882
879 882
861 883
862 883
863 883
864 883
866 883
869 883
871 883
873 883
874 883
875 883
876 883
878 883
879 883
861 884
862 884
865 884
868 884
869 884
870 884
871 884
873 884
876 884
878 884
879 884
861 885
862 885
863 885
869 885
870 885
871 885
873 885
874 885
880 885
861 886
866 886
870 886
871 886
877 886
878 886
880 886
862 887
868 887
869 887
871 887
872 887
873 887
875 887
877 887
878 887
879 887
880 887
861 888
863 888
865 888
868 888
870 888
871 888
873 888
874 888
875 888
876 888
877 888
879 888
861 889
862 889
863 889
865 889
866 889
867 889
870 889
871 889
873 889
874 889
876 889
879 889
880 889
861 890
862 890
863 890
870 890
871 890
872 890
873 890
875 890
877 890
878 890
880 890
861 891
865 891
867 891
872 891
873 891
875 891
876 891
878 891
879 891
880 891
861 892
863 892
865 892
871 892
873 892
874 892
876 892
877 892
878 892
879 892
865 893
867 893
868 893
869 893
870 893
871 893
872 893
875 893
877 893
879 893
880 893
863 894
864 894
867 894
869 894
871 894
874 894
878 894
879 894
880 894
861 895
862 895
863 895
865 895
866 895
875 895
876 895
880 895
861 896
862 896
865 896
869 896
871 896
872 896
873 896
875 896
876 896
877 896
878 896
879 896
880 896
861 897
862 897
864 897
867 897
869 897
870 897
873 897
874 897
875 897
876 897
877 897
863 898
864 898
867 898
869 898
870 898
871 898
874 898
875 898
877 898
878 898
879 898
880 898
862 899
863 899
864 899
865 899
869 899
870 899
873 899
874 899
875 899
876 899
879 899
880 899
861 900
863 900
864 900
867 900
871 900
874 900
875 900
876 900
877 900
878 900
881 901
882 901
884 901
886 901
889 901
890 901
892 901
894 901
896 901
897 901
898 901
884 902
890 902
897 902
899 902
900 902
881 903
882 903
883 903
884 903
887 903
893 903
896 903
898 903
899 903
900 903
883 904
884 904
885 904
890 904
892 904
893 904
895 904
897 904
898 904
899 904
900 904
881 905
882 905
885 905
890 905
891 905
892 905
893 905
894 905
898 905
883 906
884 906
886 906
888 906
889 906
891 906
893 906
895 906
896 906
898 906
899 906
900 906
882 907
884 907
888 907
890 907
891 907
893 907
894 907
895 907
896 907
883 908
886 908
889 908
891 908
892 908
893 908
895 908
896 908
898 908
882 909
884 909
885 909
886 909
887 909
892 909
894 909
896 909
899 909
882 910
883 910
884 910
886 910
888 910
889 910
891 910
894 910
895 910
896 910
898 910
899 910
900 910
884 911
885 911
886 911
888 911
889 911
891 911
892 911
893 911
894 911
895 911
897 911
898 911
881 912
882 912
884 912
885 912
886 912
887 912
888 912
889 912
890 912
893 912
894 912
895 912
896 912
898 912
900 912
884 913
891 913
893 913
894 913
897 913
900 913
881 914
882 914
884 914
886 914
888 914
890 914
891 914
893 914
894 914
895 914
898 914
881 915
882 915
885 915
886 915
888 915
889 915
892 915
893 915
896 915
897 915
898 915
900 915
882 916
883 916
887 916
888 916
896 916
897 916
898 916
881 917
884 917
885 917
889 917
890 917
891 917
892 917
893 917
894 917
895 917
896 917
897 917
900 917
881 918
883 918
884 918
885 918
887 918
888 918
890 918
891 918
895 918
896 918
897 918
898 918
899 918
881 919
882 919
883 919
885 919
888 919
889 919
890 919
893 919
897 919
898 919
899 919
900 919
883 920
884 920
886 920
888 920
889 920
890 920
892 920
894 920
895 920
896 920
898 920
904 921
905 921
907 921
908 921
909 921
914 921
915 921
917 921
918 921
919 921
902 922
904 922
905 922
907 922
909 922
910 922
912 922
913 922
917 922
920 922
901 923
902 923
903 923
906 923
907 923
909 923
914 923
915 923
916 923
917 923
920 923
901 924
902 924
905 924
908 924
909 924
910 924
912 924
916 924
917 924
918 924
920 924
901 925
903 925
904 925
907 925
908 925
913 925
917 925
918 925
919 925
920 925
901 926
902 926
903 926
906 926
907 926
908 926
911 926
915 926
916 926
918 926
919 926
901 927
904 927
905 927
908 927
910 927
912 927
913 927
915 927
917 927
918 927
919 927
920 927
901 928
902 928
903 928
905 928
907 928
908 928
914 928
915 928
916 928
917 928
920 928
901 929
904 929
907 929
909 929
911 929
915 929
916 929
902 930
909 930
914 930
915 930
916 930
917 930
918 930
919 930
920 930
903 931
906 931
910 931
911 931
914 931
918 931
901 932
903 932
907 932
909 932
911 932
912 932
914 932
915 932
918 932
902 933
903 933
904 933
905 933
906 933
908 933
910 933
911 933
912 933
913 933
914 933
915 933
916 933
917 933
918 933
919 933
901 934
907 934
911 934
914 934
916 934
917 934
919 934
902 935
905 935
909 935
911 935
914 935
918 935
919 935
901 936
902 936
904 936
906 936
910 936
911 936
915 936
916 936
920 936
901 937
903 937
910 937
911 937
915 937
916 937
917 937
918 937
919 937
902 938
903 938
904 938
906 938
910 938
914 938
917 938
919 938
902 939
904 939
905 939
906 939
907 939
908 939
913 939
914 939
916 939
917 939
919 939
904 940
905 940
912 940
913 940
915 940
917 940
918 940
920 940
921 941
923 941
926 941
927 941
929 941
930 941
932 941
934 941
935 941
936 941
937 941
938 941
939 941
940 941
922 942
926 942
927 942
932 942
933 942
935 942
936 942
937 942
940 942
921 943
922 943
923 943
924 943
927 943
928 943
929 943
930 943
932 943
936 943
937 943
938 943
921 944
925 944
927 944
928 944
929 944
931 944
932 944
934 944
937 944
938 944
940 944
921 945
922 945
924 945
925 945
926 945
929 945
931 945
933 945
934 945
935 945
937 945
939 945
921 946
924 946
929 946
930 946
932 946
934 946
936 946
937 946
938 946
922 947
935 947
936 947
938 947
921 948
923 948
925 948
926 948
928 948
929 948
931 948
932 948
933 948
934 948
935 948
936 948
937 948
939 948
921 949
923 949
924 949
925 949
929 949
930 949
931 949
937 949
938 949
940 949
921 950
922 950
923 950
924 950
925 950
928 950
929 950
930 950
931 950
933 950
936 950
937 950
938 950
922 951
923 951
924 951
926 951
927 951
934 951
935 951
937 951
938 951
939 951
921 952
922 952
925 952
927 952
929 952
932 952
934 952
937 952
938 952
940 952
926 953
928 953
929 953
934 953
935 953
936 953
937 953
938 953
922 954
925 954
928 954
934 954
936 954
922 955
923 955
928 955
929 955
932 955
934 955
935 955
937 955
938 955
921 956
922 956
923 956
924 956
932 956
936 956
937 956
938 956
940 956
921 957
923 957
924 957
925 957
927 957
930 957
934 957
936 957
937 957
940 957
922 958
923 958
926 958
934 958
935 958
936 958
938 958
939 958
940 958
922 959
923 959
925 959
932 959
933 959
935 959
936 959
940 959
921 960
924 960
928 960
930 960
931 960
933 960
934 960
936 960
940 960
942 961
943 961
948 961
949 961
953 961
959 961
942 962
945 962
951 962
952 962
953 962
955 962
956 962
959 962
944 963
945 963
946 963
948 963
950 963
951 963
952 963
954 963
957 963
941 964
942 964
943 964
944 964
945 964
946 964
949 964
950 964
957 964
941 965
942 965
943 965
944 965
945 965
947 965
951 965
953 965
954 965
955 965
941 966
942 966
944 966
945 966
946 966
948 966
951 966
957 966
958 966
941 967
944 967
948 967
949 967
951 967
952 967
953 967
957 967
958 967
959 967
960 967
942 968
943 968
944 968
945 968
946 968
947 968
948 968
949 968
950 968
952 968
953 968
955 968
957 968
941 969
943 969
947 969
948 969
949 969
950 969
952 969
954 969
955 969
956 969
958 969
960 969
941 970
942 970
943 970
944 970
946 970
949 970
950 970
951 970
953 970
954 970
957 970
960 970
941 971
943 971
944 971
945 971
946 971
947 971
949 971
950 971
953 971
955 971
959 971
960 971
941 972
942 972
943 972
944 972
945 972
948 972
949 972
951 972
955 972
956 972
958 972
959 972
960 972
942 973
944 973
946 973
948 973
949 973
953 973
954 973
957 973
958 973
959 973
941 974
942 974
944 974
946 974
950 974
951 974
952 974
953 974
954 974
955 974
958 974
959 974
960 974
942 975
943 975
944 975
946 975
947 975
948 975
955 975
956 975
957 975
960 975
942 976
944 976
949 976
952 976
953 976
954 976
956 976
958 976
959 976
960 976
943 977
944 977
947 977
950 977
951 977
952 977
955 977
957 977
959 977
960 977
943 978
944 978
948 978
954 978
941 979
943 979
944 979
945 979
946 979
947 979
948 979
953 979
954 979
955 979
956 979
958 979
959 979
944 980
946 980
948 980
949 980
952 980
953 980
955 980
956 980
959 980
960 980
961 981
962 981
964 981
968 981
970 981
972 981
973 981
975 981
978 981
979 981
962 982
963 982
965 982
970 982
971 982
972 982
973 982
975 982
979 982
980 982
961 983
962 983
965 983
966 983
967 983
970 983
971 983
972 983
974 983
976 983
978 983
979 983
980 983
962 984
964 984
965 984
967 984
968 984
971 984
972 984
974 984
975 984
976 984
977 984
979 984
961 985
962 985
963 985
965 985
967 985
968 985
970 985
971 985
974 985
977 985
978 985
979 985
962 986
964 986
967 986
968 986
971 986
972 986
974 986
977 986
979 986
961 987
962 987
966 987
968 987
969 987
970 987
973 987
975 987
976 987
979 987
962 988
964 988
967 988
968 988
969 988
971 988
974 988
975 988
978 988
961 989
963 989
964 989
968 989
971 989
972 989
974 989
975 989
976 989
979 989
980 989
962 990
965 990
969 990
972 990
973 990
974 990
975 990
977 990
978 990
980 990
961 991
963 991
966 991
967 991
968 991
970 991
972 991
973 991
974 991
975 991
976 991
963 992
964 992
965 992
966 992
968 992
970 992
971 992
973 992
976 992
978 992
961 993
962 993
963 993
968 993
969 993
970 993
973 993
974 993
976 993
977 993
979 993
962 994
964 994
966 994
967 994
968 994
969 994
972 994
974 994
975 994
979 994
980 994
961 995
965 995
966 995
967 995
968 995
969 995
970 995
973 995
974 995
976 995
977 995
978 995
980 995
962 996
964 996
970 996
971 996
973 996
977 996
961 997
964 997
966 997
967 997
969 997
970 997
971 997
972 997
973 997
974 997
976 997
962 998
963 998
964 998
967 998
968 998
969 998
970 998
971 998
976 998
977 998
980 998
961 999
962 999
963 999
964 999
966 999
967 999
968 999
971 999
973 999
974 999
975 999
962 1000
966 1000
967 1000
969 1000
970 1000
974 1000
975 1000
976 1000
977 1000
