800 7897 40
20 20 20 20 20 20 20 20 20 20 20 20 20 20 20 20 20 20 20 20 20 20 20 20 20 20 20 20 20 20 20 20 20 20 20 20 20 20 20 20 
1 21
3 21
4 21
5 21
7 21
8 21
9 21
10 21
15 21
17 21
18 21
2 22
3 22
6 22
10 22
12 22
14 22
15 22
19 22
1 23
3 23
9 23
10 23
11 23
12 23
13 23
15 23
17 23
18 23
19 23
2 24
4 24
5 24
8 24
9 24
11 24
12 24
13 24
14 24
19 24
6 25
12 25
13 25
17 25
4 26
5 26
6 26
8 26
9 26
11 26
14 26
15 26
18 26
19 26
20 26
1 27
2 27
4 27
5 27
7 27
9 27
12 27
13 27
14 27
15 27
16 27
17 27
18 27
20 27
3 28
4 28
5 28
7 28
18 28
19 28
1 29
2 29
3 29
6 29
8 29
10 29
12 29
15 29
17 29
18 29
19 29
20 29
2 30
3 30
6 30
9 30
12 30
15 30
16 30
18 30
19 30
2 31
3 31
7 31
11 31
12 31
13 31
15 31
16 31
19 31
2 32
4 32
9 32
15 32
18 32
19 32
20 32
1 33
3 33
4 33
7 33
10 33
11 33
13 33
17 33
18 33
19 33
2 34
3 34
4 34
8 34
9 34
10 34
11 34
12 34
14 34
17 34
18 34
3 35
4 35
5 35
8 35
12 35
13 35
16 35
18 35
20 35
1 36
4 36
6 36
8 36
9 36
12 36
13 36
14 36
19 36
3 37
4 37
5 37
6 37
7 37
8 37
10 37
11 37
14 37
15 37
16 37
17 37
18 37
1 38
2 38
3 38
6 38
9 38
10 38
11 38
12 38
13 38
14 38
15 38
2 39
3 39
4 39
5 39
7 39
9 39
10 39
11 39
13 39
17 39
18 39
19 39
1 40
2 40
3 40
4 40
5 40
6 40
7 40
10 40
11 40
12 40
13 40
14 40
18 40
20 40
21 41
22 41
23 41
25 41
27 41
29 41
34 41
35 41
39 41
21 42
22 42
25 42
28 42
30 42
31 42
32 42
33 42
35 42
36 42
22 43
23 43
27 43
28 43
30 43
32 43
33 43
35 43
37 43
39 43
21 44
22 44
24 44
26 44
28 44
30 44
31 44
32 44
23 45
24 45
25 45
26 45
29 45
30 45
31 45
33 45
35 45
37 45
21 46
22 46
25 46
29 46
31 46
33 46
34 46
38 46
40 46
22 47
24 47
27 47
30 47
31 47
32 47
34 47
35 47
40 47
22 48
23 48
24 48
26 48
30 48
31 48
32 48
33 48
34 48
37 48
38 48
39 48
21 49
26 49
27 49
30 49
31 49
33 49
34 49
35 49
38 49
39 49
22 50
23 50
25 50
27 50
28 50
29 50
31 50
32 50
33 50
34 50
37 50
38 50
40 50
21 51
22 51
23 51
24 51
26 51
27 51
28 51
30 51
32 51
33 51
34 51
36 51
40 51
22 52
26 52
28 52
29 52
33 52
34 52
35 52
38 52
39 52
21 53
23 53
30 53
32 53
34 53
35 53
37 53
39 53
40 53
21 54
23 54
24 54
27 54
31 54
33 54
34 54
35 54
36 54
38 54
39 54
40 54
22 55
27 55
34 55
35 55
36 55
38 55
39 55
22 56
23 56
24 56
25 56
26 56
28 56
34 56
36 56
37 56
40 56
21 57
22 57
25 57
26 57
28 57
29 57
30 57
31 57
32 57
33 57
35 57
40 57
22 58
23 58
24 58
27 58
30 58
31 58
32 58
33 58
34 58
35 58
40 58
22 59
23 59
24 59
26 59
29 59
30 59
33 59
34 59
37 59
38 59
39 59
22 60
23 60
27 60
31 60
33 60
36 60
37 60
38 60
40 60
42 61
43 61
45 61
46 61
50 61
52 61
53 61
55 61
58 61
59 61
60 61
41 62
46 62
47 62
50 62
51 62
53 62
54 62
56 62
58 62
41 63
43 63
45 63
49 63
52 63
55 63
56 63
59 63
41 64
43 64
44 64
45 64
46 64
47 64
48 64
52 64
56 64
57 64
59 64
60 64
41 65
43 65
46 65
47 65
49 65
53 65
54 65
56 65
60 65
41 66
42 66
44 66
47 66
49 66
50 66
52 66
53 66
56 66
41 67
52 67
54 67
59 67
60 67
41 68
43 68
44 68
45 68
48 68
49 68
50 68
51 68
54 68
56 68
58 68
60 68
45 69
46 69
47 69
50 69
52 69
54 69
55 69
57 69
58 69
59 69
60 69
41 70
45 70
46 70
47 70
48 70
49 70
51 70
53 70
55 70
57 70
58 70
59 70
48 71
49 71
50 71
55 71
56 71
57 71
59 71
42 72
43 72
44 72
45 72
47 72
49 72
50 72
52 72
53 72
57 72
59 72
60 72
43 73
44 73
46 73
47 73
48 73
49 73
52 73
54 73
55 73
58 73
41 74
42 74
44 74
50 74
51 74
54 74
56 74
58 74
60 74
42 75
48 75
50 75
51 75
52 75
54 75
58 75
59 75
45 76
46 76
47 76
49 76
51 76
52 76
57 76
42 77
46 77
47 77
48 77
54 77
56 77
57 77
58 77
59 77
60 77
41 78
42 78
43 78
45 78
47 78
48 78
50 78
52 78
53 78
57 78
58 78
59 78
41 79
42 79
44 79
46 79
47 79
48 79
50 79
56 79
57 79
58 79
41 80
42 80
44 80
45 80
47 80
52 80
54 80
59 80
62 81
66 81
68 81
77 81
78 81
79 81
80 81
62 82
65 82
66 82
67 82
69 82
72 82
73 82
75 82
76 82
77 82
78 82
79 82
80 82
66 83
70 83
73 83
74 83
75 83
77 83
80 83
62 84
63 84
67 84
68 84
71 84
73 84
74 84
76 84
78 84
65 85
66 85
67 85
68 85
73 85
75 85
77 85
78 85
80 85
63 86
65 86
66 86
67 86
68 86
73 86
76 86
79 86
61 87
62 87
63 87
64 87
67 87
71 87
72 87
73 87
75 87
76 87
77 87
80 87
61 88
62 88
64 88
68 88
69 88
70 88
72 88
73 88
75 88
76 88
77 88
79 88
62 89
64 89
67 89
69 89
71 89
72 89
73 89
75 89
76 89
78 89
79 89
80 89
61 90
62 90
63 90
65 90
68 90
70 90
72 90
79 90
61 91
64 91
68 91
71 91
74 91
75 91
78 91
79 91
64 92
65 92
69 92
71 92
72 92
76 92
77 92
78 92
80 92
64 93
66 93
70 93
71 93
72 93
76 93
77 93
79 93
80 93
61 94
62 94
65 94
66 94
68 94
70 94
72 94
73 94
74 94
76 94
79 94
80 94
61 95
64 95
66 95
67 95
68 95
69 95
70 95
71 95
72 95
75 95
77 95
78 95
79 95
61 96
62 96
63 96
67 96
68 96
69 96
70 96
71 96
73 96
76 96
77 96
79 96
80 96
64 97
65 97
66 97
67 97
68 97
70 97
71 97
73 97
74 97
75 97
77 97
68 98
70 98
71 98
73 98
75 98
78 98
79 98
61 99
62 99
63 99
68 99
69 99
71 99
76 99
80 99
61 100
64 100
71 100
73 100
76 100
77 100
81 101
84 101
87 101
89 101
90 101
92 101
93 101
96 101
98 101
99 101
82 102
83 102
87 102
88 102
91 102
92 102
93 102
97 102
100 102
87 103
89 103
91 103
93 103
94 103
96 103
99 103
100 103
83 104
84 104
85 104
86 104
88 104
90 104
91 104
96 104
97 104
100 104
81 105
82 105
84 105
85 105
87 105
88 105
89 105
90 105
91 105
94 105
97 105
98 105
82 106
85 106
86 106
87 106
88 106
90 106
93 106
95 106
97 106
98 106
100 106
81 107
83 107
85 107
86 107
87 107
88 107
89 107
91 107
93 107
94 107
95 107
96 107
98 107
81 108
82 108
83 108
86 108
87 108
89 108
90 108
91 108
92 108
96 108
81 109
84 109
87 109
88 109
89 109
92 109
94 109
96 109
97 109
98 109
99 109
82 110
83 110
84 110
85 110
86 110
88 110
90 110
91 110
92 110
94 110
98 110
99 110
100 110
81 111
83 111
90 111
91 111
92 111
94 111
96 111
99 111
100 111
82 112
87 112
88 112
90 112
91 112
94 112
83 113
85 113
86 113
87 113
91 113
96 113
98 113
99 113
100 113
82 114
84 114
85 114
89 114
92 114
93 114
94 114
95 114
96 114
97 114
82 115
85 115
87 115
89 115
90 115
91 115
92 115
93 115
94 115
95 115
97 115
98 115
99 115
82 116
83 116
84 116
85 116
87 116
88 116
90 116
94 116
95 116
97 116
98 116
100 116
83 117
85 117
86 117
92 117
95 117
96 117
100 117
81 118
84 118
86 118
88 118
90 118
91 118
94 118
97 118
98 118
99 118
100 118
82 119
85 119
86 119
87 119
88 119
90 119
91 119
96 119
97 119
98 119
99 119
100 119
81 120
84 120
88 120
91 120
92 120
97 120
102 121
103 121
106 121
107 121
108 121
109 121
110 121
111 121
112 121
113 121
114 121
116 121
117 121
118 121
120 121
102 122
103 122
104 122
106 122
108 122
109 122
110 122
111 122
112 122
113 122
115 122
116 122
120 122
106 123
108 123
110 123
111 123
113 123
115 123
117 123
118 123
120 123
101 124
103 124
104 124
105 124
106 124
107 124
110 124
111 124
118 124
119 124
101 125
102 125
104 125
108 125
109 125
111 125
118 125
102 126
103 126
106 126
107 126
108 126
111 126
112 126
114 126
117 126
118 126
119 126
101 127
102 127
103 127
105 127
108 127
110 127
111 127
113 127
118 127
101 128
102 128
103 128
104 128
106 128
110 128
111 128
115 128
116 128
119 128
103 129
106 129
109 129
110 129
112 129
113 129
114 129
115 129
120 129
101 130
102 130
105 130
106 130
107 130
108 130
109 130
112 130
115 130
116 130
117 130
120 130
101 131
102 131
104 131
106 131
108 131
109 131
110 131
112 131
115 131
116 131
117 131
118 131
119 131
101 132
102 132
103 132
105 132
107 132
108 132
109 132
110 132
111 132
116 132
117 132
119 132
120 132
102 133
107 133
111 133
114 133
116 133
119 133
103 134
104 134
105 134
111 134
113 134
114 134
115 134
116 134
118 134
119 134
103 135
106 135
110 135
111 135
112 135
117 135
120 135
103 136
107 136
108 136
110 136
114 136
116 136
117 136
118 136
101 137
104 137
105 137
106 137
112 137
113 137
115 137
116 137
117 137
118 137
119 137
101 138
102 138
103 138
105 138
106 138
107 138
111 138
117 138
118 138
119 138
120 138
101 139
102 139
103 139
105 139
107 139
109 139
111 139
114 139
115 139
117 139
120 139
101 140
103 140
106 140
107 140
108 140
109 140
110 140
111 140
114 140
116 140
118 140
120 140
121 141
122 141
126 141
128 141
129 141
130 141
131 141
132 141
134 141
135 141
137 141
138 141
139 141
121 142
125 142
129 142
130 142
132 142
134 142
137 142
139 142
140 142
121 143
124 143
130 143
131 143
132 143
133 143
134 143
136 143
138 143
124 144
127 144
129 144
130 144
135 144
136 144
137 144
138 144
140 144
121 145
124 145
126 145
129 145
131 145
133 145
135 145
137 145
138 145
122 146
123 146
126 146
128 146
131 146
132 146
135 146
136 146
138 146
139 146
140 146
121 147
128 147
131 147
136 147
140 147
121 148
123 148
125 148
128 148
132 148
133 148
136 148
138 148
140 148
121 149
124 149
125 149
126 149
128 149
129 149
131 149
132 149
133 149
135 149
138 149
139 149
140 149
125 150
128 150
131 150
136 150
139 150
121 151
124 151
129 151
131 151
133 151
134 151
137 151
121 152
123 152
124 152
126 152
127 152
129 152
132 152
135 152
138 152
139 152
140 152
122 153
125 153
126 153
127 153
128 153
129 153
131 153
132 153
134 153
136 153
138 153
139 153
127 154
128 154
129 154
130 154
131 154
132 154
134 154
135 154
139 154
121 155
123 155
124 155
126 155
127 155
128 155
130 155
131 155
132 155
135 155
136 155
137 155
138 155
139 155
140 155
122 156
123 156
124 156
126 156
127 156
128 156
134 156
136 156
137 156
139 156
140 156
121 157
123 157
124 157
126 157
127 157
128 157
129 157
131 157
132 157
133 157
134 157
136 157
139 157
122 158
123 158
125 158
127 158
128 158
129 158
130 158
132 158
138 158
139 158
140 158
125 159
126 159
127 159
129 159
133 159
135 159
136 159
138 159
121 160
128 160
130 160
131 160
132 160
137 160
143 161
146 161
147 161
151 161
154 161
157 161
158 161
159 161
141 162
143 162
145 162
147 162
148 162
150 162
151 162
152 162
158 162
160 162
147 163
150 163
151 163
152 163
153 163
154 163
155 163
156 163
157 163
159 163
160 163
141 164
143 164
145 164
146 164
148 164
152 164
154 164
155 164
158 164
159 164
160 164
143 165
145 165
150 165
151 165
152 165
153 165
155 165
156 165
160 165
142 166
145 166
149 166
154 166
155 166
156 166
158 166
160 166
141 167
142 167
143 167
147 167
149 167
150 167
152 167
153 167
157 167
160 167
143 168
147 168
149 168
150 168
152 168
153 168
154 168
156 168
157 168
158 168
159 168
142 169
143 169
144 169
145 169
150 169
151 169
154 169
158 169
159 169
144 170
148 170
150 170
151 170
152 170
154 170
156 170
158 170
159 170
160 170
143 171
144 171
146 171
147 171
148 171
150 171
151 171
153 171
155 171
156 171
158 171
159 171
160 171
141 172
142 172
144 172
145 172
146 172
147 172
148 172
150 172
153 172
154 172
158 172
160 172
141 173
143 173
144 173
145 173
146 173
148 173
149 173
150 173
151 173
152 173
154 173
155 173
156 173
158 173
159 173
141 174
142 174
144 174
145 174
148 174
149 174
151 174
152 174
153 174
154 174
155 174
156 174
157 174
159 174
141 175
143 175
144 175
146 175
147 175
148 175
152 175
153 175
154 175
155 175
158 175
160 175
143 176
144 176
147 176
148 176
153 176
154 176
155 176
156 176
141 177
142 177
143 177
145 177
149 177
150 177
151 177
152 177
153 177
154 177
155 177
157 177
158 177
160 177
141 178
142 178
144 178
146 178
148 178
151 178
153 178
154 178
156 178
159 178
160 178
141 179
143 179
145 179
149 179
150 179
152 179
153 179
156 179
160 179
141 180
142 180
145 180
147 180
149 180
157 180
158 180
160 180
162 181
164 181
165 181
166 181
171 181
176 181
177 181
178 181
161 182
163 182
164 182
165 182
166 182
168 182
169 182
172 182
174 182
175 182
177 182
178 182
179 182
180 182
161 183
167 183
170 183
172 183
174 183
175 183
176 183
177 183
163 184
165 184
167 184
175 184
176 184
177 184
162 185
163 185
164 185
166 185
167 185
168 185
170 185
171 185
174 185
177 185
179 185
161 186
162 186
163 186
165 186
168 186
173 186
164 187
166 187
167 187
169 187
171 187
172 187
177 187
178 187
180 187
163 188
175 188
178 188
161 189
162 189
163 189
167 189
170 189
173 189
174 189
175 189
176 189
177 189
178 189
180 189
161 190
162 190
163 190
167 190
168 190
169 190
170 190
172 190
173 190
174 190
176 190
177 190
178 190
179 190
168 191
170 191
171 191
172 191
173 191
174 191
177 191
161 192
162 192
164 192
166 192
168 192
170 192
171 192
174 192
177 192
180 192
165 193
166 193
172 193
173 193
175 193
177 193
178 193
180 193
162 194
163 194
165 194
167 194
173 194
174 194
175 194
161 195
164 195
165 195
166 195
168 195
172 195
175 195
176 195
179 195
161 196
162 196
163 196
164 196
166 196
167 196
168 196
172 196
173 196
177 196
178 196
164 197
166 197
167 197
169 197
174 197
178 197
179 197
180 197
161 198
162 198
164 198
165 198
167 198
169 198
171 198
173 198
175 198
177 198
178 198
161 199
163 199
164 199
166 199
168 199
170 199
171 199
172 199
173 199
175 199
176 199
177 199
180 199
161 200
163 200
164 200
165 200
166 200
169 200
173 200
174 200
178 200
180 200
181 201
182 201
183 201
184 201
185 201
187 201
188 201
189 201
191 201
194 201
199 201
185 202
187 202
191 202
192 202
193 202
194 202
197 202
199 202
181 203
185 203
186 203
188 203
189 203
190 203
191 203
197 203
198 203
181 204
182 204
185 204
190 204
191 204
196 204
198 204
199 204
200 204
181 205
182 205
183 205
186 205
187 205
188 205
189 205
193 205
195 205
196 205
198 205
200 205
181 206
184 206
194 206
198 206
182 207
183 207
184 207
185 207
188 207
190 207
191 207
192 207
194 207
196 207
199 207
200 207
186 208
190 208
191 208
192 208
195 208
196 208
197 208
198 208
199 208
185 209
187 209
188 209
191 209
192 209
193 209
195 209
200 209
181 210
182 210
184 210
189 210
190 210
191 210
194 210
195 210
196 210
181 211
184 211
185 211
186 211
187 211
190 211
192 211
194 211
195 211
197 211
198 211
199 211
183 212
184 212
188 212
189 212
200 212
181 213
182 213
183 213
185 213
186 213
188 213
189 213
190 213
193 213
194 213
196 213
198 213
199 213
181 214
182 214
183 214
195 214
198 214
200 214
181 215
182 215
186 215
187 215
188 215
192 215
193 215
199 215
183 216
184 216
186 216
189 216
193 216
196 216
183 217
184 217
187 217
188 217
191 217
193 217
195 217
196 217
197 217
184 218
185 218
186 218
187 218
190 218
191 218
192 218
194 218
195 218
199 218
182 219
183 219
184 219
185 219
187 219
188 219
189 219
190 219
192 219
194 219
197 219
198 219
199 219
200 219
182 220
183 220
185 220
187 220
190 220
191 220
192 220
193 220
197 220
198 220
200 220
203 221
204 221
208 221
209 221
210 221
212 221
215 221
216 221
220 221
202 222
204 222
206 222
208 222
210 222
211 222
212 222
216 222
218 222
219 222
207 223
209 223
212 223
213 223
214 223
215 223
218 223
219 223
220 223
201 224
202 224
203 224
204 224
205 224
206 224
207 224
209 224
211 224
212 224
214 224
215 224
216 224
217 224
203 225
204 225
205 225
206 225
207 225
209 225
210 225
211 225
213 225
216 225
217 225
218 225
219 225
201 226
202 226
203 226
204 226
205 226
206 226
207 226
208 226
210 226
211 226
212 226
214 226
217 226
218 226
203 227
204 227
206 227
208 227
209 227
210 227
211 227
212 227
218 227
219 227
220 227
204 228
206 228
209 228
210 228
211 228
214 228
217 228
220 228
202 229
203 229
204 229
205 229
212 229
213 229
214 229
215 229
216 229
217 229
220 229
203 230
204 230
205 230
211 230
215 230
216 230
217 230
218 230
220 230
203 231
205 231
206 231
207 231
212 231
213 231
214 231
218 231
206 232
207 232
208 232
209 232
211 232
218 232
220 232
201 233
206 233
208 233
209 233
211 233
212 233
213 233
215 233
219 233
201 234
202 234
208 234
213 234
214 234
215 234
218 234
219 234
220 234
205 235
206 235
210 235
211 235
212 235
213 235
214 235
217 235
218 235
219 235
220 235
201 236
202 236
204 236
206 236
210 236
211 236
213 236
215 236
216 236
217 236
219 236
206 237
215 237
217 237
219 237
220 237
205 238
206 238
209 238
210 238
214 238
215 238
217 238
218 238
219 238
201 239
203 239
205 239
208 239
209 239
210 239
213 239
214 239
217 239
218 239
220 239
202 240
203 240
204 240
205 240
209 240
210 240
214 240
215 240
218 240
224 241
225 241
230 241
231 241
233 241
234 241
239 241
240 241
221 242
224 242
227 242
228 242
230 242
231 242
232 242
234 242
235 242
236 242
237 242
238 242
221 243
223 243
224 243
226 243
227 243
232 243
235 243
236 243
237 243
240 243
222 244
223 244
224 244
225 244
228 244
231 244
233 244
234 244
223 245
228 245
229 245
232 245
233 245
234 245
239 245
221 246
222 246
227 246
228 246
229 246
232 246
234 246
235 246
236 246
237 246
238 246
240 246
221 247
224 247
226 247
228 247
233 247
234 247
235 247
237 247
240 247
223 248
224 248
225 248
230 248
232 248
234 248
235 248
237 248
221 249
222 249
224 249
226 249
230 249
232 249
233 249
234 249
237 249
238 249
239 249
221 250
224 250
226 250
227 250
229 250
232 250
233 250
234 250
235 250
236 250
237 250
239 250
240 250
221 251
222 251
227 251
229 251
230 251
231 251
233 251
237 251
239 251
221 252
223 252
224 252
225 252
226 252
228 252
231 252
232 252
233 252
234 252
235 252
238 252
240 252
222 253
224 253
227 253
230 253
232 253
234 253
236 253
237 253
239 253
221 254
224 254
227 254
228 254
229 254
230 254
231 254
233 254
234 254
235 254
236 254
239 254
221 255
222 255
223 255
224 255
227 255
228 255
230 255
233 255
235 255
236 255
237 255
238 255
239 255
221 256
224 256
227 256
228 256
229 256
230 256
231 256
235 256
238 256
221 257
225 257
227 257
228 257
229 257
231 257
232 257
233 257
234 257
236 257
238 257
240 257
223 258
224 258
225 258
228 258
230 258
234 258
236 258
237 258
239 258
240 258
222 259
223 259
224 259
226 259
230 259
231 259
232 259
233 259
234 259
238 259
240 259
221 260
222 260
225 260
226 260
227 260
228 260
229 260
234 260
235 260
236 260
237 260
241 261
242 261
243 261
244 261
247 261
248 261
249 261
251 261
253 261
255 261
258 261
259 261
242 262
243 262
248 262
249 262
250 262
254 262
255 262
257 262
258 262
260 262
242 263
243 263
245 263
246 263
251 263
252 263
254 263
257 263
258 263
260 263
242 264
243 264
244 264
245 264
247 264
249 264
250 264
253 264
255 264
258 264
259 264
242 265
251 265
254 265
257 265
242 266
244 266
246 266
247 266
249 266
251 266
253 266
254 266
243 267
244 267
247 267
251 267
252 267
258 267
259 267
260 267
241 268
244 268
245 268
246 268
247 268
248 268
252 268
253 268
254 268
255 268
257 268
258 268
245 269
247 269
252 269
253 269
254 269
255 269
256 269
257 269
243 270
245 270
247 270
248 270
249 270
252 270
256 270
258 270
259 270
241 271
242 271
244 271
247 271
251 271
252 271
254 271
257 271
258 271
259 271
260 271
243 272
244 272
247 272
248 272
249 272
250 272
251 272
252 272
253 272
255 272
256 272
241 273
243 273
246 273
248 273
249 273
250 273
254 273
257 273
258 273
259 273
243 274
245 274
249 274
250 274
251 274
253 274
257 274
258 274
241 275
246 275
248 275
250 275
251 275
252 275
255 275
257 275
259 275
243 276
245 276
246 276
247 276
253 276
254 276
256 276
258 276
259 276
241 277
243 277
246 277
248 277
251 277
254 277
256 277
257 277
258 277
242 278
245 278
246 278
249 278
254 278
256 278
257 278
241 279
243 279
244 279
245 279
247 279
249 279
251 279
254 279
258 279
260 279
243 280
252 280
254 280
258 280
259 280
262 281
264 281
265 281
266 281
268 281
270 281
275 281
277 281
278 281
279 281
261 282
262 282
263 282
264 282
265 282
266 282
267 282
268 282
269 282
274 282
275 282
276 282
278 282
264 283
266 283
267 283
269 283
272 283
275 283
277 283
261 284
265 284
266 284
267 284
269 284
270 284
273 284
275 284
278 284
279 284
280 284
262 285
263 285
264 285
269 285
272 285
273 285
274 285
276 285
278 285
279 285
261 286
266 286
267 286
268 286
269 286
270 286
272 286
274 286
276 286
278 286
261 287
264 287
268 287
271 287
272 287
273 287
275 287
276 287
278 287
279 287
261 288
264 288
265 288
267 288
268 288
270 288
273 288
274 288
276 288
278 288
279 288
280 288
264 289
267 289
269 289
270 289
271 289
272 289
275 289
276 289
277 289
278 289
279 289
264 290
265 290
267 290
268 290
270 290
271 290
272 290
273 290
275 290
280 290
262 291
263 291
264 291
265 291
268 291
269 291
270 291
272 291
275 291
277 291
278 291
279 291
280 291
262 292
263 292
264 292
265 292
266 292
268 292
270 292
271 292
274 292
276 292
277 292
278 292
279 292
280 292
261 293
262 293
263 293
267 293
268 293
274 293
275 293
277 293
278 293
280 293
261 294
263 294
266 294
268 294
269 294
270 294
272 294
273 294
274 294
275 294
276 294
277 294
278 294
261 295
263 295
268 295
271 295
272 295
274 295
275 295
276 295
278 295
261 296
262 296
266 296
267 296
271 296
274 296
275 296
278 296
279 296
280 296
261 297
265 297
266 297
267 297
269 297
270 297
272 297
273 297
274 297
275 297
276 297
280 297
261 298
263 298
267 298
269 298
270 298
272 298
273 298
274 298
275 298
277 298
279 298
262 299
263 299
266 299
270 299
275 299
277 299
278 299
279 299
280 299
262 300
263 300
264 300
265 300
269 300
272 300
274 300
278 300
281 301
287 301
288 301
290 301
292 301
293 301
297 301
299 301
300 301
281 302
283 302
285 302
288 302
291 302
297 302
298 302
281 303
285 303
288 303
290 303
291 303
297 303
298 303
300 303
283 304
284 304
287 304
288 304
291 304
294 304
295 304
296 304
297 304
298 304
300 304
281 305
282 305
283 305
284 305
285 305
286 305
287 305
288 305
290 305
291 305
297 305
298 305
299 305
281 306
283 306
286 306
289 306
290 306
292 306
293 306
297 306
298 306
300 306
281 307
282 307
284 307
285 307
286 307
288 307
289 307
293 307
294 307
297 307
300 307
282 308
283 308
284 308
285 308
286 308
288 308
290 308
291 308
293 308
296 308
297 308
298 308
300 308
281 309
283 309
285 309
287 309
288 309
292 309
294 309
297 309
298 309
282 310
283 310
287 310
288 310
290 310
291 310
292 310
294 310
295 310
296 310
299 310
281 311
282 311
283 311
284 311
285 311
286 311
287 311
288 311
289 311
295 311
296 311
297 311
288 312
289 312
290 312
291 312
293 312
294 312
296 312
283 313
284 313
286 313
287 313
290 313
291 313
293 313
294 313
297 313
299 313
283 314
285 314
288 314
290 314
291 314
293 314
294 314
296 314
297 314
298 314
281 315
282 315
283 315
284 315
289 315
290 315
292 315
294 315
295 315
281 316
282 316
283 316
285 316
289 316
290 316
293 316
294 316
296 316
298 316
299 316
281 317
283 317
284 317
285 317
286 317
289 317
290 317
291 317
292 317
295 317
286 318
291 318
292 318
294 318
296 318
297 318
298 318
299 318
281 319
282 319
283 319
284 319
285 319
286 319
287 319
288 319
291 319
297 319
298 319
300 319
281 320
285 320
286 320
287 320
292 320
293 320
295 320
298 320
300 320
302 321
305 321
307 321
309 321
310 321
314 321
315 321
316 321
319 321
320 321
303 322
306 322
308 322
310 322
312 322
314 322
315 322
316 322
317 322
301 323
302 323
306 323
313 323
314 323
315 323
316 323
318 323
320 323
301 324
302 324
308 324
309 324
314 324
317 324
319 324
320 324
301 325
303 325
304 325
305 325
307 325
308 325
309 325
310 325
315 325
316 325
317 325
320 325
302 326
303 326
307 326
308 326
309 326
310 326
311 326
312 326
313 326
315 326
316 326
318 326
320 326
302 327
303 327
306 327
307 327
308 327
309 327
311 327
313 327
315 327
318 327
301 328
302 328
306 328
307 328
308 328
312 328
314 328
318 328
319 328
303 329
306 329
307 329
310 329
313 329
316 329
318 329
319 329
302 330
306 330
311 330
313 330
317 330
318 330
319 330
302 331
303 331
304 331
307 331
308 331
309 331
310 331
311 331
312 331
316 331
318 331
319 331
302 332
304 332
308 332
309 332
310 332
312 332
315 332
316 332
320 332
302 333
303 333
307 333
308 333
309 333
311 333
313 333
314 333
315 333
319 333
306 334
307 334
308 334
310 334
311 334
314 334
315 334
316 334
318 334
319 334
302 335
304 335
310 335
313 335
317 335
319 335
301 336
303 336
306 336
307 336
311 336
313 336
315 336
316 336
317 336
318 336
319 336
320 336
303 337
307 337
310 337
314 337
315 337
316 337
302 338
303 338
304 338
305 338
306 338
307 338
310 338
311 338
314 338
316 338
317 338
319 338
303 339
305 339
306 339
309 339
313 339
314 339
319 339
302 340
303 340
304 340
305 340
306 340
307 340
308 340
310 340
312 340
314 340
315 340
317 340
318 340
319 340
320 340
321 341
325 341
326 341
329 341
331 341
332 341
334 341
337 341
339 341
340 341
321 342
323 342
324 342
325 342
326 342
327 342
328 342
332 342
333 342
334 342
335 342
338 342
323 343
325 343
327 343
329 343
330 343
332 343
333 343
338 343
340 343
322 344
323 344
325 344
326 344
328 344
330 344
333 344
335 344
337 344
338 344
339 344
340 344
322 345
323 345
326 345
327 345
330 345
331 345
333 345
334 345
336 345
337 345
338 345
339 345
321 346
322 346
325 346
326 346
327 346
330 346
332 346
333 346
336 346
337 346
339 346
340 346
321 347
322 347
323 347
325 347
326 347
328 347
329 347
333 347
334 347
336 347
338 347
339 347
340 347
321 348
324 348
329 348
331 348
333 348
334 348
337 348
339 348
321 349
326 349
327 349
328 349
331 349
332 349
333 349
335 349
336 349
340 349
322 350
323 350
326 350
328 350
329 350
333 350
335 350
337 350
323 351
326 351
328 351
329 351
330 351
331 351
332 351
335 351
339 351
340 351
321 352
324 352
325 352
329 352
330 352
332 352
334 352
336 352
338 352
340 352
321 353
323 353
324 353
326 353
327 353
331 353
333 353
334 353
335 353
336 353
340 353
321 354
322 354
323 354
324 354
329 354
330 354
331 354
334 354
335 354
336 354
337 354
321 355
324 355
325 355
326 355
329 355
330 355
334 355
335 355
336 355
337 355
339 355
321 356
323 356
324 356
326 356
327 356
328 356
329 356
330 356
331 356
332 356
333 356
340 356
323 357
326 357
327 357
330 357
333 357
336 357
337 357
338 357
340 357
322 358
325 358
328 358
330 358
334 358
335 358
338 358
339 358
340 358
322 359
323 359
325 359
327 359
332 359
334 359
335 359
340 359
321 360
322 360
324 360
325 360
326 360
327 360
332 360
334 360
337 360
342 361
343 361
346 361
349 361
351 361
353 361
354 361
355 361
356 361
357 361
358 361
359 361
344 362
345 362
347 362
350 362
351 362
352 362
353 362
355 362
356 362
357 362
360 362
342 363
344 363
345 363
346 363
349 363
351 363
352 363
354 363
355 363
357 363
358 363
359 363
360 363
341 364
342 364
344 364
345 364
346 364
349 364
350 364
351 364
352 364
353 364
356 364
357 364
359 364
341 365
343 365
345 365
347 365
348 365
349 365
350 365
351 365
352 365
354 365
355 365
357 365
343 366
344 366
345 366
346 366
349 366
354 366
359 366
360 366
346 367
349 367
352 367
353 367
355 367
356 367
357 367
358 367
359 367
360 367
342 368
343 368
344 368
346 368
347 368
349 368
350 368
352 368
353 368
354 368
355 368
357 368
358 368
359 368
360 368
342 369
343 369
344 369
345 369
346 369
348 369
350 369
351 369
354 369
355 369
356 369
357 369
359 369
341 370
343 370
346 370
347 370
350 370
351 370
342 371
356 371
357 371
358 371
341 372
342 372
343 372
344 372
349 372
350 372
352 372
353 372
355 372
357 372
360 372
344 373
345 373
346 373
347 373
348 373
350 373
351 373
355 373
357 373
358 373
360 373
341 374
345 374
346 374
347 374
348 374
349 374
350 374
351 374
352 374
355 374
356 374
357 374
358 374
359 374
342 375
345 375
347 375
349 375
353 375
355 375
341 376
342 376
344 376
347 376
350 376
351 376
355 376
358 376
359 376
360 376
342 377
344 377
346 377
348 377
350 377
353 377
354 377
356 377
359 377
360 377
341 378
343 378
344 378
345 378
346 378
347 378
350 378
352 378
353 378
354 378
355 378
356 378
357 378
359 378
341 379
342 379
347 379
348 379
351 379
354 379
356 379
357 379
358 379
359 379
360 379
341 380
342 380
344 380
348 380
350 380
351 380
352 380
354 380
355 380
357 380
358 380
359 380
360 380
361 381
364 381
365 381
366 381
369 381
371 381
377 381
361 382
363 382
365 382
369 382
371 382
372 382
375 382
379 382
380 382
361 383
362 383
365 383
368 383
369 383
370 383
371 383
372 383
374 383
375 383
376 383
377 383
378 383
379 383
380 383
363 384
365 384
367 384
369 384
374 384
375 384
378 384
362 385
366 385
369 385
373 385
374 385
376 385
377 385
378 385
380 385
366 386
368 386
369 386
370 386
371 386
372 386
373 386
374 386
377 386
379 386
380 386
361 387
363 387
367 387
368 387
372 387
375 387
378 387
379 387
380 387
363 388
366 388
367 388
369 388
371 388
373 388
374 388
375 388
378 388
363 389
367 389
368 389
369 389
370 389
371 389
372 389
374 389
375 389
376 389
378 389
379 389
380 389
362 390
365 390
371 390
373 390
376 390
377 390
380 390
361 391
363 391
365 391
368 391
369 391
370 391
371 391
372 391
373 391
375 391
377 391
378 391
379 391
362 392
364 392
365 392
366 392
367 392
368 392
369 392
372 392
373 392
375 392
376 392
378 392
362 393
370 393
372 393
373 393
374 393
377 393
380 393
362 394
364 394
367 394
368 394
369 394
370 394
372 394
375 394
379 394
361 395
362 395
363 395
364 395
366 395
367 395
368 395
369 395
374 395
375 395
377 395
379 395
380 395
361 396
362 396
363 396
366 396
368 396
369 396
372 396
373 396
374 396
375 396
376 396
363 397
365 397
368 397
370 397
373 397
374 397
375 397
376 397
377 397
379 397
361 398
362 398
365 398
368 398
369 398
371 398
372 398
374 398
375 398
376 398
377 398
361 399
362 399
364 399
365 399
367 399
368 399
371 399
377 399
378 399
362 400
365 400
367 400
369 400
373 400
374 400
375 400
378 400
385 401
386 401
387 401
388 401
390 401
392 401
393 401
395 401
398 401
381 402
382 402
383 402
385 402
386 402
388 402
389 402
391 402
392 402
395 402
399 402
385 403
387 403
388 403
389 403
390 403
395 403
397 403
399 403
400 403
382 404
383 404
384 404
385 404
386 404
387 404
390 404
391 404
393 404
395 404
396 404
397 404
398 404
399 404
382 405
383 405
386 405
387 405
388 405
389 405
391 405
392 405
393 405
396 405
397 405
399 405
382 406
383 406
384 406
387 406
391 406
398 406
399 406
381 407
386 407
389 407
393 407
394 407
396 407
398 407
399 407
400 407
382 408
384 408
385 408
387 408
389 408
390 408
391 408
393 408
395 408
396 408
400 408
382 409
385 409
387 409
388 409
391 409
393 409
394 409
399 409
400 409
384 410
385 410
387 410
388 410
392 410
395 410
396 410
399 410
382 411
388 411
389 411
390 411
391 411
398 411
399 411
382 412
387 412
388 412
392 412
395 412
396 412
398 412
399 412
381 413
384 413
385 413
388 413
391 413
395 413
396 413
397 413
399 413
381 414
382 414
385 414
389 414
393 414
396 414
398 414
399 414
381 415
384 415
386 415
388 415
389 415
390 415
391 415
392 415
393 415
394 415
395 415
397 415
399 415
400 415
384 416
385 416
386 416
387 416
388 416
389 416
390 416
391 416
392 416
393 416
394 416
395 416
397 416
398 416
400 416
382 417
384 417
385 417
386 417
388 417
389 417
390 417
392 417
394 417
395 417
398 417
399 417
400 417
381 418
382 418
386 418
388 418
391 418
394 418
400 418
381 419
383 419
384 419
385 419
386 419
390 419
391 419
394 419
400 419
383 420
387 420
389 420
391 420
392 420
394 420
395 420
397 420
400 420
402 421
404 421
408 421
410 421
411 421
413 421
415 421
419 421
420 421
401 422
405 422
407 422
409 422
410 422
412 422
413 422
414 422
417 422
418 422
420 422
403 423
404 423
406 423
409 423
411 423
413 423
415 423
416 423
417 423
401 424
404 424
406 424
410 424
412 424
414 424
415 424
416 424
417 424
419 424
420 424
401 425
403 425
405 425
411 425
413 425
415 425
416 425
417 425
418 425
402 426
405 426
407 426
412 426
413 426
414 426
416 426
417 426
405 427
406 427
409 427
410 427
412 427
413 427
416 427
418 427
401 428
402 428
405 428
407 428
408 428
411 428
416 428
417 428
419 428
401 429
402 429
405 429
406 429
407 429
408 429
409 429
411 429
415 429
417 429
418 429
419 429
401 430
402 430
403 430
404 430
410 430
411 430
415 430
418 430
419 430
406 431
407 431
409 431
410 431
412 431
414 431
415 431
416 431
420 431
402 432
404 432
409 432
412 432
413 432
414 432
415 432
419 432
420 432
401 433
402 433
404 433
405 433
407 433
408 433
409 433
411 433
412 433
414 433
415 433
417 433
420 433
402 434
403 434
404 434
405 434
406 434
407 434
408 434
409 434
412 434
415 434
416 434
417 434
404 435
406 435
407 435
410 435
411 435
412 435
414 435
415 435
417 435
402 436
404 436
406 436
409 436
410 436
411 436
413 436
414 436
416 436
420 436
402 437
403 437
405 437
406 437
411 437
412 437
414 437
417 437
418 437
419 437
409 438
411 438
412 438
416 438
417 438
418 438
419 438
420 438
401 439
403 439
406 439
407 439
411 439
412 439
413 439
415 439
416 439
417 439
418 439
402 440
404 440
405 440
408 440
411 440
413 440
414 440
416 440
417 440
421 441
422 441
424 441
425 441
426 441
427 441
429 441
431 441
433 441
434 441
435 441
436 441
438 441
439 441
440 441
421 442
422 442
423 442
424 442
425 442
426 442
427 442
432 442
433 442
436 442
437 442
439 442
421 443
424 443
426 443
428 443
429 443
430 443
431 443
433 443
435 443
437 443
439 443
440 443
421 444
424 444
427 444
432 444
433 444
436 444
439 444
421 445
422 445
424 445
425 445
427 445
428 445
429 445
430 445
432 445
433 445
437 445
440 445
422 446
423 446
424 446
428 446
430 446
432 446
437 446
439 446
422 447
424 447
425 447
426 447
429 447
437 447
421 448
422 448
423 448
428 448
429 448
430 448
431 448
433 448
437 448
438 448
440 448
423 449
425 449
428 449
429 449
431 449
432 449
434 449
435 449
438 449
422 450
423 450
424 450
425 450
428 450
432 450
436 450
437 450
421 451
422 451
425 451
428 451
431 451
434 451
436 451
437 451
438 451
422 452
423 452
424 452
425 452
426 452
427 452
428 452
429 452
432 452
437 452
438 452
439 452
440 452
423 453
425 453
426 453
428 453
429 453
430 453
431 453
433 453
434 453
438 453
439 453
440 453
422 454
423 454
425 454
426 454
428 454
431 454
433 454
435 454
436 454
438 454
440 454
421 455
423 455
424 455
426 455
431 455
434 455
435 455
436 455
439 455
440 455
421 456
423 456
425 456
428 456
431 456
433 456
436 456
437 456
421 457
422 457
424 457
426 457
427 457
429 457
431 457
433 457
434 457
435 457
436 457
437 457
438 457
439 457
423 458
424 458
425 458
427 458
428 458
432 458
438 458
421 459
422 459
423 459
424 459
425 459
426 459
427 459
428 459
429 459
430 459
431 459
432 459
434 459
435 459
436 459
437 459
438 459
440 459
421 460
423 460
427 460
428 460
430 460
432 460
434 460
437 460
438 460
439 460
443 461
444 461
446 461
448 461
450 461
451 461
453 461
454 461
457 461
460 461
441 462
442 462
444 462
446 462
448 462
456 462
457 462
458 462
459 462
460 462
441 463
442 463
443 463
445 463
447 463
448 463
450 463
454 463
458 463
460 463
441 464
442 464
443 464
446 464
447 464
449 464
451 464
453 464
456 464
457 464
458 464
459 464
460 464
441 465
442 465
444 465
449 465
450 465
451 465
453 465
457 465
458 465
459 465
460 465
441 466
442 466
447 466
449 466
455 466
457 466
459 466
460 466
441 467
444 467
445 467
446 467
449 467
451 467
452 467
454 467
455 467
457 467
458 467
460 467
441 468
445 468
447 468
449 468
455 468
456 468
457 468
459 468
460 468
441 469
443 469
444 469
445 469
447 469
448 469
449 469
450 469
451 469
452 469
454 469
455 469
457 469
459 469
441 470
446 470
448 470
449 470
455 470
456 470
459 470
441 471
442 471
443 471
444 471
445 471
446 471
454 471
455 471
456 471
459 471
443 472
444 472
449 472
451 472
453 472
455 472
456 472
457 472
460 472
441 473
442 473
443 473
444 473
446 473
447 473
448 473
451 473
452 473
453 473
454 473
455 473
456 473
457 473
458 473
460 473
442 474
445 474
447 474
449 474
450 474
451 474
453 474
455 474
456 474
457 474
458 474
459 474
460 474
442 475
444 475
445 475
447 475
449 475
450 475
451 475
452 475
455 475
457 475
458 475
460 475
441 476
444 476
448 476
451 476
454 476
456 476
458 476
459 476
460 476
441 477
445 477
447 477
448 477
449 477
452 477
454 477
456 477
458 477
459 477
460 477
441 478
447 478
451 478
452 478
454 478
456 478
457 478
459 478
441 479
443 479
444 479
445 479
446 479
448 479
449 479
450 479
453 479
454 479
458 479
459 479
460 479
441 480
444 480
445 480
447 480
448 480
449 480
450 480
451 480
452 480
454 480
456 480
458 480
460 480
462 481
463 481
464 481
468 481
469 481
470 481
472 481
474 481
475 481
476 481
479 481
461 482
464 482
465 482
466 482
467 482
469 482
470 482
471 482
472 482
474 482
477 482
462 483
465 483
467 483
471 483
472 483
473 483
477 483
478 483
462 484
467 484
468 484
469 484
470 484
471 484
472 484
473 484
475 484
477 484
479 484
480 484
462 485
465 485
466 485
468 485
469 485
470 485
473 485
478 485
461 486
463 486
464 486
467 486
468 486
469 486
470 486
471 486
472 486
473 486
475 486
476 486
479 486
480 486
461 487
463 487
470 487
471 487
474 487
475 487
477 487
480 487
462 488
463 488
466 488
473 488
475 488
476 488
477 488
479 488
464 489
466 489
467 489
471 489
472 489
474 489
476 489
479 489
464 490
473 490
474 490
475 490
476 490
477 490
480 490
461 491
462 491
464 491
467 491
470 491
479 491
461 492
463 492
465 492
468 492
469 492
470 492
473 492
475 492
476 492
478 492
480 492
461 493
463 493
464 493
465 493
468 493
471 493
472 493
473 493
474 493
476 493
477 493
480 493
461 494
463 494
464 494
465 494
467 494
470 494
472 494
473 494
474 494
476 494
477 494
479 494
463 495
466 495
469 495
470 495
474 495
476 495
480 495
461 496
463 496
464 496
465 496
466 496
469 496
470 496
471 496
473 496
474 496
475 496
476 496
477 496
480 496
464 497
470 497
473 497
476 497
478 497
461 498
463 498
465 498
467 498
472 498
473 498
475 498
477 498
478 498
479 498
463 499
464 499
465 499
466 499
467 499
470 499
473 499
474 499
478 499
467 500
471 500
472 500
473 500
475 500
478 500
483 501
484 501
485 501
486 501
487 501
492 501
493 501
494 501
496 501
497 501
498 501
482 502
486 502
487 502
489 502
490 502
492 502
493 502
497 502
498 502
499 502
481 503
482 503
484 503
488 503
489 503
491 503
492 503
494 503
495 503
498 503
500 503
482 504
487 504
489 504
490 504
492 504
493 504
498 504
499 504
483 505
485 505
486 505
487 505
489 505
491 505
493 505
497 505
498 505
499 505
482 506
484 506
486 506
489 506
490 506
491 506
492 506
493 506
495 506
496 506
497 506
498 506
499 506
500 506
482 507
483 507
484 507
486 507
487 507
488 507
490 507
494 507
495 507
496 507
497 507
499 507
500 507
481 508
482 508
486 508
488 508
491 508
492 508
493 508
495 508
496 508
497 508
498 508
499 508
500 508
483 509
484 509
490 509
491 509
493 509
495 509
497 509
481 510
482 510
487 510
488 510
495 510
496 510
498 510
499 510
482 511
483 511
486 511
488 511
489 511
490 511
491 511
492 511
494 511
495 511
498 511
500 511
481 512
485 512
486 512
487 512
488 512
489 512
490 512
492 512
494 512
495 512
498 512
499 512
483 513
487 513
488 513
490 513
491 513
495 513
496 513
499 513
481 514
488 514
489 514
490 514
493 514
494 514
495 514
497 514
498 514
500 514
482 515
483 515
487 515
489 515
491 515
496 515
497 515
498 515
499 515
481 516
482 516
483 516
484 516
485 516
486 516
488 516
490 516
491 516
492 516
494 516
497 516
498 516
500 516
481 517
483 517
485 517
487 517
490 517
492 517
495 517
496 517
498 517
499 517
483 518
485 518
486 518
490 518
492 518
494 518
495 518
497 518
498 518
500 518
481 519
485 519
488 519
489 519
490 519
491 519
492 519
494 519
495 519
496 519
481 520
482 520
483 520
485 520
486 520
487 520
488 520
490 520
492 520
493 520
494 520
495 520
496 520
498 520
501 521
503 521
504 521
505 521
508 521
511 521
513 521
514 521
518 521
501 522
502 522
505 522
508 522
509 522
510 522
512 522
513 522
516 522
517 522
520 522
502 523
504 523
505 523
506 523
508 523
509 523
511 523
512 523
513 523
517 523
506 524
507 524
508 524
509 524
511 524
512 524
513 524
514 524
515 524
517 524
518 524
502 525
504 525
507 525
509 525
511 525
513 525
515 525
516 525
517 525
518 525
520 525
501 526
502 526
503 526
505 526
507 526
508 526
509 526
512 526
514 526
516 526
518 526
519 526
520 526
503 527
504 527
505 527
507 527
508 527
511 527
512 527
513 527
515 527
517 527
503 528
505 528
509 528
512 528
515 528
517 528
520 528
501 529
503 529
506 529
509 529
511 529
512 529
513 529
516 529
517 529
502 530
506 530
507 530
509 530
510 530
511 530
514 530
515 530
516 530
518 530
504 531
506 531
509 531
513 531
516 531
501 532
502 532
503 532
504 532
507 532
510 532
512 532
515 532
518 532
520 532
501 533
502 533
504 533
506 533
507 533
509 533
513 533
514 533
517 533
519 533
520 533
502 534
503 534
504 534
505 534
512 534
514 534
515 534
516 534
518 534
520 534
501 535
504 535
505 535
506 535
507 535
508 535
511 535
512 535
514 535
515 535
516 535
517 535
519 535
504 536
505 536
507 536
508 536
511 536
514 536
515 536
517 536
520 536
501 537
504 537
505 537
506 537
507 537
508 537
510 537
516 537
501 538
504 538
505 538
506 538
507 538
508 538
510 538
511 538
513 538
516 538
519 538
520 538
501 539
502 539
503 539
505 539
506 539
507 539
509 539
511 539
514 539
518 539
519 539
520 539
502 540
504 540
506 540
507 540
509 540
511 540
512 540
513 540
515 540
516 540
518 540
519 540
520 540
521 541
524 541
526 541
527 541
528 541
530 541
531 541
533 541
537 541
538 541
521 542
522 542
523 542
524 542
528 542
529 542
530 542
532 542
536 542
537 542
538 542
540 542
522 543
523 543
524 543
525 543
527 543
530 543
531 543
533 543
535 543
539 543
521 544
523 544
524 544
526 544
527 544
529 544
536 544
537 544
539 544
521 545
524 545
525 545
526 545
531 545
533 545
535 545
536 545
537 545
538 545
539 545
540 545
523 546
526 546
527 546
528 546
529 546
530 546
531 546
533 546
534 546
535 546
537 546
538 546
539 546
522 547
525 547
528 547
530 547
532 547
533 547
534 547
535 547
536 547
521 548
522 548
525 548
527 548
528 548
534 548
537 548
539 548
522 549
523 549
526 549
531 549
532 549
534 549
536 549
538 549
539 549
540 549
522 550
523 550
524 550
525 550
526 550
528 550
530 550
531 550
532 550
533 550
535 550
536 550
538 550
540 550
521 551
522 551
523 551
524 551
525 551
526 551
527 551
529 551
530 551
531 551
532 551
533 551
535 551
538 551
539 551
522 552
525 552
526 552
527 552
533 552
537 552
538 552
539 552
540 552
523 553
524 553
530 553
532 553
533 553
534 553
535 553
536 553
539 553
540 553
521 554
526 554
527 554
529 554
530 554
532 554
534 554
536 554
538 554
540 554
521 555
522 555
524 555
526 555
527 555
529 555
530 555
533 555
535 555
538 555
539 555
540 555
521 556
522 556
523 556
528 556
536 556
537 556
538 556
523 557
525 557
528 557
532 557
533 557
534 557
535 557
536 557
538 557
539 557
540 557
522 558
523 558
528 558
531 558
532 558
533 558
534 558
537 558
538 558
539 558
521 559
522 559
523 559
524 559
525 559
526 559
528 559
529 559
531 559
532 559
533 559
534 559
536 559
537 559
538 559
539 559
522 560
523 560
526 560
530 560
534 560
536 560
537 560
541 561
542 561
544 561
545 561
546 561
548 561
551 561
552 561
554 561
555 561
556 561
557 561
558 561
559 561
541 562
544 562
545 562
547 562
548 562
549 562
555 562
557 562
560 562
541 563
542 563
543 563
544 563
547 563
550 563
552 563
553 563
554 563
555 563
559 563
560 563
543 564
544 564
547 564
548 564
549 564
550 564
551 564
552 564
553 564
554 564
558 564
560 564
541 565
545 565
546 565
549 565
550 565
551 565
553 565
554 565
555 565
556 565
557 565
558 565
559 565
542 566
544 566
546 566
548 566
549 566
550 566
551 566
552 566
554 566
555 566
556 566
557 566
558 566
559 566
560 566
542 567
543 567
544 567
545 567
548 567
549 567
551 567
554 567
555 567
556 567
557 567
543 568
544 568
545 568
547 568
551 568
553 568
554 568
555 568
556 568
557 568
559 568
560 568
541 569
542 569
545 569
547 569
548 569
553 569
554 569
556 569
558 569
541 570
542 570
543 570
545 570
549 570
550 570
552 570
557 570
558 570
559 570
541 571
542 571
543 571
544 571
545 571
546 571
547 571
548 571
549 571
550 571
552 571
553 571
554 571
555 571
556 571
557 571
559 571
560 571
541 572
543 572
544 572
546 572
553 572
555 572
556 572
557 572
558 572
560 572
543 573
546 573
549 573
550 573
554 573
558 573
541 574
542 574
545 574
546 574
547 574
548 574
551 574
552 574
553 574
554 574
556 574
557 574
558 574
559 574
541 575
544 575
550 575
553 575
554 575
556 575
558 575
560 575
542 576
543 576
544 576
545 576
546 576
549 576
552 576
554 576
556 576
557 576
558 576
559 576
560 576
541 577
542 577
543 577
544 577
545 577
546 577
547 577
549 577
550 577
552 577
556 577
557 577
558 577
559 577
541 578
542 578
543 578
544 578
545 578
547 578
549 578
550 578
551 578
553 578
555 578
556 578
558 578
560 578
545 579
547 579
548 579
549 579
553 579
556 579
558 579
560 579
542 580
543 580
546 580
547 580
548 580
554 580
556 580
559 580
561 581
562 581
563 581
566 581
568 581
572 581
573 581
574 581
575 581
579 581
580 581
562 582
563 582
566 582
567 582
568 582
569 582
573 582
574 582
575 582
580 582
562 583
563 583
565 583
567 583
573 583
574 583
577 583
578 583
579 583
580 583
561 584
563 584
567 584
568 584
570 584
571 584
572 584
573 584
574 584
576 584
579 584
580 584
564 585
565 585
568 585
571 585
572 585
574 585
575 585
576 585
578 585
580 585
562 586
564 586
565 586
566 586
567 586
568 586
570 586
572 586
574 586
577 586
578 586
579 586
580 586
563 587
564 587
565 587
566 587
567 587
570 587
571 587
572 587
575 587
576 587
579 587
580 587
561 588
562 588
565 588
568 588
570 588
573 588
574 588
575 588
579 588
580 588
561 589
562 589
563 589
564 589
567 589
569 589
571 589
573 589
574 589
575 589
576 589
578 589
579 589
561 590
565 590
566 590
567 590
569 590
571 590
572 590
573 590
565 591
569 591
572 591
573 591
576 591
579 591
580 591
562 592
563 592
565 592
566 592
568 592
569 592
575 592
576 592
577 592
578 592
562 593
570 593
571 593
573 593
574 593
575 593
576 593
561 594
562 594
565 594
566 594
567 594
568 594
569 594
570 594
572 594
573 594
576 594
578 594
579 594
580 594
566 595
568 595
574 595
575 595
576 595
578 595
579 595
561 596
562 596
564 596
565 596
569 596
570 596
571 596
572 596
575 596
577 596
578 596
579 596
562 597
563 597
567 597
568 597
569 597
576 597
579 597
562 598
564 598
569 598
572 598
573 598
579 598
561 599
563 599
567 599
568 599
569 599
572 599
573 599
575 599
577 599
578 599
580 599
565 600
567 600
569 600
570 600
572 600
573 600
574 600
575 600
577 600
580 600
583 601
585 601
587 601
588 601
589 601
590 601
591 601
592 601
594 601
595 601
596 601
597 601
598 601
599 601
600 601
582 602
584 602
587 602
589 602
590 602
592 602
595 602
597 602
583 603
584 603
585 603
586 603
592 603
593 603
595 603
596 603
598 603
583 604
585 604
586 604
589 604
593 604
597 604
581 605
583 605
584 605
585 605
587 605
588 605
590 605
595 605
600 605
582 606
584 606
586 606
590 606
592 606
595 606
598 606
600 606
581 607
582 607
583 607
586 607
587 607
588 607
591 607
592 607
594 607
595 607
599 607
582 608
583 608
584 608
585 608
586 608
587 608
589 608
590 608
592 608
593 608
595 608
597 608
598 608
599 608
584 609
585 609
586 609
587 609
588 609
592 609
593 609
594 609
595 609
596 609
597 609
598 609
600 609
585 610
588 610
591 610
594 610
595 610
596 610
597 610
599 610
600 610
584 611
585 611
587 611
588 611
590 611
591 611
593 611
594 611
595 611
597 611
598 611
599 611
600 611
581 612
583 612
585 612
588 612
589 612
590 612
592 612
594 612
597 612
600 612
585 613
587 613
589 613
590 613
593 613
596 613
597 613
599 613
582 614
587 614
589 614
590 614
591 614
592 614
593 614
595 614
596 614
597 614
599 614
600 614
582 615
583 615
584 615
585 615
588 615
589 615
590 615
594 615
596 615
597 615
598 615
599 615
583 616
585 616
586 616
590 616
593 616
594 616
595 616
596 616
585 617
588 617
589 617
590 617
592 617
596 617
598 617
599 617
582 618
583 618
585 618
586 618
589 618
592 618
593 618
594 618
595 618
596 618
597 618
598 618
599 618
600 618
583 619
584 619
585 619
586 619
587 619
590 619
591 619
592 619
595 619
596 619
598 619
582 620
586 620
587 620
589 620
590 620
593 620
596 620
597 620
598 620
599 620
600 620
601 621
602 621
604 621
605 621
606 621
608 621
609 621
613 621
615 621
616 621
617 621
618 621
602 622
603 622
607 622
608 622
609 622
610 622
611 622
612 622
618 622
620 622
602 623
604 623
608 623
611 623
615 623
616 623
618 623
619 623
602 624
603 624
605 624
606 624
609 624
611 624
616 624
618 624
619 624
620 624
601 625
602 625
605 625
606 625
609 625
610 625
615 625
616 625
617 625
601 626
605 626
607 626
608 626
610 626
611 626
612 626
614 626
619 626
620 626
602 627
606 627
607 627
608 627
609 627
611 627
615 627
617 627
619 627
604 628
606 628
608 628
611 628
612 628
614 628
615 628
618 628
619 628
620 628
603 629
604 629
605 629
606 629
609 629
611 629
615 629
616 629
617 629
619 629
603 630
604 630
605 630
607 630
608 630
610 630
613 630
614 630
616 630
617 630
618 630
620 630
603 631
604 631
605 631
607 631
608 631
611 631
615 631
616 631
617 631
618 631
620 631
601 632
603 632
604 632
605 632
606 632
607 632
609 632
612 632
614 632
617 632
618 632
620 632
601 633
605 633
606 633
609 633
611 633
612 633
615 633
617 633
618 633
620 633
601 634
602 634
603 634
604 634
605 634
608 634
611 634
612 634
613 634
614 634
615 634
617 634
619 634
620 634
601 635
604 635
605 635
606 635
607 635
611 635
612 635
616 635
618 635
620 635
603 636
604 636
605 636
607 636
608 636
609 636
614 636
616 636
617 636
619 636
601 637
606 637
608 637
611 637
616 637
603 638
608 638
610 638
611 638
612 638
613 638
616 638
617 638
618 638
620 638
604 639
606 639
612 639
614 639
615 639
616 639
620 639
602 640
603 640
605 640
606 640
608 640
610 640
611 640
613 640
614 640
615 640
620 640
622 641
624 641
626 641
627 641
628 641
629 641
631 641
632 641
633 641
635 641
636 641
639 641
640 641
622 642
624 642
625 642
626 642
627 642
630 642
634 642
635 642
636 642
639 642
640 642
621 643
622 643
625 643
626 643
627 643
630 643
631 643
633 643
635 643
636 643
637 643
639 643
621 644
622 644
623 644
624 644
629 644
630 644
631 644
632 644
639 644
621 645
622 645
626 645
632 645
634 645
637 645
638 645
640 645
621 646
625 646
631 646
634 646
635 646
637 646
640 646
621 647
622 647
625 647
629 647
630 647
632 647
633 647
634 647
635 647
636 647
638 647
640 647
621 648
622 648
630 648
631 648
632 648
633 648
634 648
638 648
639 648
621 649
625 649
626 649
627 649
628 649
629 649
630 649
636 649
637 649
638 649
640 649
622 650
623 650
625 650
627 650
630 650
631 650
632 650
633 650
636 650
637 650
638 650
639 650
621 651
623 651
624 651
625 651
626 651
630 651
631 651
633 651
634 651
635 651
636 651
637 651
638 651
624 652
625 652
626 652
627 652
628 652
629 652
631 652
633 652
636 652
637 652
639 652
622 653
627 653
628 653
631 653
632 653
634 653
639 653
640 653
621 654
623 654
624 654
625 654
629 654
631 654
632 654
635 654
636 654
637 654
622 655
623 655
624 655
627 655
628 655
632 655
634 655
636 655
637 655
639 655
622 656
626 656
628 656
629 656
630 656
631 656
638 656
639 656
640 656
621 657
622 657
623 657
625 657
628 657
632 657
636 657
639 657
640 657
622 658
626 658
630 658
631 658
632 658
633 658
635 658
636 658
637 658
638 658
640 658
621 659
622 659
623 659
624 659
629 659
631 659
633 659
634 659
636 659
637 659
621 660
622 660
623 660
626 660
628 660
629 660
630 660
632 660
634 660
637 660
638 660
641 661
643 661
645 661
648 661
649 661
651 661
654 661
655 661
656 661
657 661
659 661
660 661
641 662
642 662
644 662
645 662
646 662
648 662
649 662
651 662
654 662
655 662
656 662
657 662
660 662
641 663
643 663
644 663
646 663
648 663
651 663
653 663
656 663
657 663
658 663
659 663
645 664
647 664
651 664
653 664
656 664
658 664
659 664
645 665
649 665
651 665
655 665
657 665
659 665
660 665
641 666
643 666
645 666
649 666
651 666
652 666
656 666
657 666
658 666
659 666
642 667
644 667
645 667
646 667
648 667
649 667
652 667
654 667
656 667
658 667
659 667
660 667
643 668
644 668
645 668
646 668
647 668
648 668
649 668
650 668
651 668
653 668
655 668
656 668
657 668
659 668
660 668
641 669
642 669
644 669
645 669
646 669
647 669
648 669
649 669
650 669
654 669
656 669
660 669
641 670
644 670
645 670
646 670
647 670
648 670
652 670
654 670
655 670
657 670
658 670
641 671
644 671
646 671
647 671
648 671
651 671
652 671
654 671
655 671
658 671
659 671
641 672
642 672
643 672
647 672
649 672
651 672
652 672
654 672
655 672
657 672
659 672
642 673
649 673
650 673
656 673
658 673
659 673
641 674
643 674
644 674
645 674
650 674
653 674
654 674
656 674
657 674
642 675
644 675
645 675
646 675
648 675
649 675
650 675
652 675
653 675
655 675
657 675
658 675
644 676
645 676
648 676
653 676
654 676
655 676
656 676
658 676
659 676
647 677
650 677
655 677
657 677
660 677
643 678
645 678
646 678
647 678
649 678
651 678
652 678
654 678
655 678
656 678
660 678
642 679
643 679
650 679
653 679
656 679
658 679
659 679
641 680
642 680
644 680
646 680
647 680
649 680
650 680
654 680
656 680
657 680
659 680
660 680
661 681
662 681
665 681
666 681
669 681
671 681
674 681
675 681
676 681
677 681
679 681
665 682
667 682
668 682
669 682
671 682
672 682
674 682
676 682
677 682
680 682
661 683
666 683
677 683
680 683
662 684
663 684
664 684
668 684
669 684
672 684
673 684
674 684
675 684
676 684
678 684
679 684
661 685
663 685
668 685
670 685
671 685
673 685
676 685
677 685
678 685
680 685
661 686
664 686
667 686
668 686
670 686
671 686
675 686
676 686
678 686
679 686
665 687
672 687
673 687
674 687
675 687
676 687
677 687
678 687
661 688
662 688
666 688
668 688
670 688
671 688
673 688
674 688
676 688
679 688
661 689
662 689
664 689
667 689
668 689
669 689
672 689
673 689
677 689
680 689
662 690
663 690
664 690
665 690
668 690
669 690
672 690
673 690
674 690
675 690
677 690
663 691
664 691
666 691
669 691
670 691
672 691
673 691
674 691
675 691
676 691
677 691
678 691
679 691
667 692
670 692
673 692
676 692
677 692
678 692
680 692
662 693
668 693
669 693
671 693
661 694
662 694
663 694
665 694
667 694
668 694
669 694
670 694
672 694
676 694
678 694
680 694
663 695
664 695
665 695
667 695
668 695
670 695
673 695
675 695
677 695
661 696
663 696
664 696
665 696
670 696
671 696
676 696
677 696
678 696
679 696
661 697
663 697
664 697
665 697
666 697
667 697
669 697
670 697
674 697
675 697
676 697
680 697
661 698
662 698
663 698
664 698
665 698
669 698
670 698
677 698
680 698
663 699
664 699
666 699
667 699
668 699
671 699
672 699
673 699
675 699
676 699
678 699
679 699
666 700
667 700
668 700
673 700
674 700
675 700
676 700
679 700
680 700
681 701
682 701
683 701
685 701
687 701
688 701
692 701
694 701
697 701
699 701
700 701
682 702
683 702
684 702
685 702
687 702
689 702
690 702
692 702
693 702
694 702
696 702
699 702
681 703
682 703
683 703
684 703
689 703
691 703
692 703
696 703
697 703
699 703
700 703
681 704
684 704
688 704
689 704
696 704
686 705
687 705
688 705
689 705
692 705
693 705
694 705
696 705
698 705
699 705
700 705
681 706
682 706
687 706
691 706
692 706
698 706
700 706
681 707
684 707
685 707
687 707
688 707
692 707
695 707
697 707
699 707
700 707
683 708
687 708
689 708
690 708
692 708
693 708
694 708
695 708
699 708
681 709
682 709
684 709
685 709
686 709
687 709
690 709
691 709
695 709
696 709
697 709
700 709
681 710
682 710
686 710
692 710
694 710
695 710
696 710
698 710
699 710
700 710
683 711
686 711
689 711
692 711
693 711
694 711
696 711
697 711
700 711
683 712
685 712
686 712
687 712
688 712
689 712
691 712
694 712
695 712
696 712
697 712
681 713
689 713
691 713
693 713
695 713
698 713
699 713
681 714
682 714
684 714
685 714
686 714
687 714
688 714
690 714
691 714
693 714
694 714
695 714
697 714
698 714
684 715
691 715
694 715
697 715
699 715
682 716
685 716
687 716
688 716
690 716
692 716
693 716
695 716
697 716
700 716
681 717
683 717
684 717
687 717
688 717
689 717
691 717
692 717
695 717
696 717
697 717
698 717
699 717
681 718
683 718
685 718
686 718
687 718
688 718
689 718
690 718
691 718
693 718
683 719
686 719
688 719
690 719
691 719
694 719
697 719
699 719
700 719
682 720
684 720
685 720
688 720
689 720
691 720
692 720
693 720
696 720
698 720
700 720
702 721
703 721
707 721
709 721
710 721
711 721
712 721
713 721
714 721
717 721
718 721
720 721
703 722
704 722
705 722
706 722
708 722
713 722
715 722
717 722
702 723
703 723
707 723
708 723
709 723
711 723
713 723
714 723
716 723
718 723
720 723
701 724
705 724
707 724
711 724
714 724
716 724
718 724
701 725
704 725
707 725
708 725
714 725
716 725
717 725
720 725
701 726
702 726
703 726
707 726
709 726
710 726
712 726
714 726
715 726
717 726
718 726
720 726
701 727
702 727
706 727
710 727
714 727
715 727
701 728
703 728
704 728
706 728
708 728
709 728
710 728
711 728
712 728
713 728
714 728
715 728
716 728
717 728
718 728
719 728
720 728
702 729
703 729
706 729
707 729
708 729
710 729
713 729
715 729
716 729
718 729
720 729
709 730
713 730
715 730
716 730
718 730
719 730
720 730
701 731
703 731
705 731
707 731
708 731
709 731
711 731
712 731
713 731
714 731
716 731
717 731
718 731
720 731
702 732
703 732
704 732
705 732
706 732
707 732
708 732
709 732
711 732
712 732
713 732
715 732
716 732
717 732
719 732
702 733
703 733
704 733
706 733
707 733
711 733
712 733
713 733
715 733
716 733
718 733
702 734
703 734
704 734
706 734
709 734
710 734
711 734
713 734
716 734
717 734
718 734
703 735
711 735
713 735
716 735
718 735
719 735
701 736
703 736
704 736
705 736
707 736
709 736
712 736
714 736
715 736
716 736
717 736
718 736
701 737
703 737
704 737
706 737
708 737
709 737
712 737
713 737
715 737
716 737
719 737
720 737
702 738
703 738
704 738
707 738
708 738
709 738
711 738
712 738
714 738
715 738
718 738
705 739
709 739
710 739
711 739
717 739
719 739
702 740
704 740
707 740
708 740
711 740
714 740
716 740
717 740
720 740
722 741
724 741
725 741
726 741
727 741
729 741
730 741
731 741
733 741
735 741
736 741
737 741
738 741
721 742
727 742
728 742
732 742
734 742
735 742
736 742
737 742
740 742
722 743
724 743
725 743
729 743
730 743
734 743
736 743
737 743
739 743
740 743
725 744
726 744
727 744
729 744
731 744
732 744
734 744
740 744
721 745
724 745
726 745
727 745
728 745
729 745
730 745
731 745
732 745
733 745
735 745
738 745
721 746
722 746
724 746
725 746
729 746
730 746
733 746
736 746
738 746
739 746
722 747
723 747
726 747
728 747
731 747
738 747
721 748
723 748
724 748
725 748
726 748
728 748
729 748
730 748
734 748
738 748
723 749
724 749
726 749
727 749
729 749
730 749
733 749
735 749
736 749
738 749
740 749
721 750
722 750
725 750
726 750
727 750
730 750
734 750
737 750
738 750
721 751
723 751
729 751
731 751
732 751
733 751
734 751
735 751
738 751
740 751
721 752
724 752
725 752
726 752
730 752
731 752
735 752
736 752
738 752
739 752
740 752
721 753
722 753
723 753
724 753
725 753
726 753
728 753
729 753
730 753
732 753
733 753
737 753
739 753
740 753
723 754
724 754
726 754
728 754
729 754
730 754
734 754
736 754
737 754
738 754
740 754
723 755
725 755
729 755
730 755
732 755
733 755
735 755
721 756
722 756
723 756
724 756
727 756
729 756
733 756
734 756
735 756
736 756
739 756
721 757
722 757
723 757
724 757
732 757
734 757
736 757
737 757
740 757
721 758
724 758
731 758
732 758
721 759
724 759
725 759
726 759
729 759
730 759
733 759
734 759
737 759
738 759
739 759
740 759
722 760
724 760
725 760
726 760
727 760
728 760
730 760
732 760
733 760
736 760
737 760
738 760
740 760
741 761
742 761
744 761
746 761
747 761
748 761
749 761
752 761
754 761
758 761
760 761
741 762
742 762
744 762
750 762
752 762
754 762
755 762
758 762
741 763
744 763
745 763
747 763
748 763
749 763
750 763
752 763
753 763
754 763
755 763
756 763
757 763
758 763
741 764
742 764
743 764
744 764
745 764
746 764
747 764
749 764
751 764
752 764
753 764
757 764
759 764
760 764
742 765
743 765
744 765
745 765
746 765
747 765
749 765
752 765
753 765
755 765
757 765
745 766
749 766
750 766
752 766
754 766
741 767
742 767
743 767
744 767
746 767
747 767
751 767
752 767
753 767
754 767
756 767
757 767
759 767
760 767
750 768
751 768
752 768
756 768
757 768
760 768
741 769
745 769
747 769
748 769
749 769
751 769
753 769
755 769
757 769
742 770
744 770
747 770
749 770
752 770
753 770
756 770
758 770
759 770
760 770
742 771
743 771
744 771
745 771
746 771
748 771
749 771
750 771
751 771
753 771
755 771
756 771
757 771
742 772
743 772
744 772
745 772
746 772
747 772
748 772
750 772
752 772
753 772
756 772
757 772
758 772
760 772
742 773
745 773
746 773
747 773
749 773
750 773
754 773
755 773
757 773
760 773
741 774
742 774
743 774
745 774
746 774
747 774
754 774
755 774
757 774
742 775
746 775
747 775
748 775
749 775
750 775
756 775
757 775
760 775
745 776
747 776
748 776
749 776
752 776
753 776
755 776
756 776
757 776
758 776
759 776
742 777
743 777
745 777
746 777
750 777
752 777
753 777
754 777
755 777
758 777
759 777
743 778
744 778
745 778
746 778
748 778
750 778
760 778
744 779
746 779
747 779
748 779
749 779
750 779
754 779
755 779
756 779
759 779
743 780
744 780
746 780
747 780
748 780
749 780
750 780
752 780
756 780
757 780
758 780
759 780
763 781
766 781
769 781
770 781
772 781
773 781
775 781
776 781
778 781
779 781
762 782
763 782
764 782
766 782
773 782
774 782
775 782
777 782
779 782
762 783
763 783
765 783
768 783
769 783
771 783
772 783
774 783
777 783
779 783
763 784
765 784
767 784
768 784
769 784
770 784
771 784
772 784
773 784
775 784
777 784
778 784
779 784
761 785
762 785
764 785
766 785
767 785
769 785
771 785
773 785
774 785
775 785
776 785
778 785
766 786
767 786
768 786
771 786
772 786
774 786
776 786
777 786
778 786
779 786
762 787
763 787
764 787
766 787
767 787
768 787
769 787
770 787
771 787
773 787
774 787
776 787
766 788
768 788
769 788
770 788
771 788
773 788
776 788
762 789
763 789
766 789
769 789
771 789
772 789
773 789
774 789
777 789
780 789
762 790
763 790
764 790
765 790
766 790
767 790
769 790
773 790
776 790
777 790
778 790
779 790
780 790
761 791
763 791
765 791
767 791
769 791
771 791
772 791
775 791
777 791
779 791
780 791
761 792
762 792
763 792
764 792
765 792
768 792
769 792
771 792
774 792
776 792
778 792
761 793
762 793
764 793
766 793
767 793
774 793
777 793
779 793
780 793
761 794
762 794
763 794
765 794
766 794
768 794
769 794
774 794
775 794
779 794
780 794
761 795
765 795
767 795
770 795
771 795
772 795
773 795
775 795
776 795
777 795
779 795
762 796
764 796
765 796
767 796
772 796
773 796
774 796
775 796
777 796
778 796
779 796
761 797
762 797
764 797
765 797
766 797
769 797
771 797
775 797
777 797
780 797
761 798
763 798
764 798
766 798
767 798
769 798
770 798
771 798
772 798
773 798
774 798
777 798
778 798
761 799
763 799
769 799
770 799
772 799
773 799
775 799
777 799
780 799
762 800
763 800
764 800
767 800
768 800
769 800
770 800
771 800
773 800
774 800
777 800
779 800
