300 4226 15
20 20 20 20 20 20 20 20 20 20 20 20 20 20 20 
1 21
2 21
3 21
5 21
6 21
7 21
8 21
9 21
10 21
11 21
12 21
15 21
16 21
17 21
18 21
19 21
20 21
1 22
3 22
4 22
5 22
6 22
7 22
8 22
9 22
11 22
12 22
13 22
14 22
15 22
16 22
17 22
18 22
19 22
1 23
2 23
3 23
4 23
5 23
6 23
7 23
8 23
9 23
12 23
13 23
14 23
15 23
16 23
17 23
19 23
20 23
1 24
4 24
5 24
7 24
8 24
9 24
10 24
11 24
12 24
13 24
14 24
15 24
16 24
18 24
19 24
20 24
1 25
3 25
4 25
5 25
6 25
7 25
10 25
11 25
12 25
13 25
14 25
15 25
16 25
17 25
18 25
19 25
20 25
1 26
2 26
4 26
5 26
10 26
12 26
15 26
18 26
19 26
20 26
1 27
2 27
3 27
4 27
5 27
6 27
7 27
8 27
10 27
11 27
12 27
13 27
14 27
15 27
17 27
19 27
20 27
1 28
2 28
3 28
4 28
7 28
8 28
9 28
12 28
13 28
15 28
16 28
17 28
1 29
3 29
4 29
5 29
8 29
10 29
11 29
12 29
13 29
15 29
16 29
17 29
19 29
20 29
1 30
2 30
3 30
4 30
5 30
6 30
8 30
9 30
10 30
11 30
12 30
14 30
16 30
17 30
18 30
19 30
20 30
1 31
2 31
3 31
4 31
5 31
6 31
9 31
10 31
11 31
12 31
14 31
15 31
17 31
18 31
19 31
20 31
1 32
3 32
5 32
6 32
7 32
8 32
9 32
10 32
12 32
14 32
15 32
16 32
18 32
20 32
1 33
2 33
3 33
4 33
7 33
8 33
9 33
10 33
11 33
12 33
13 33
15 33
16 33
17 33
18 33
20 33
1 34
2 34
3 34
5 34
8 34
10 34
11 34
13 34
16 34
18 34
1 35
2 35
3 35
4 35
6 35
7 35
8 35
10 35
12 35
13 35
14 35
15 35
16 35
17 35
19 35
1 36
2 36
3 36
4 36
5 36
6 36
8 36
9 36
10 36
11 36
12 36
14 36
15 36
16 36
17 36
18 36
19 36
20 36
1 37
2 37
3 37
4 37
5 37
6 37
8 37
9 37
10 37
11 37
12 37
13 37
14 37
15 37
16 37
17 37
18 37
19 37
20 37
4 38
7 38
8 38
11 38
12 38
14 38
15 38
16 38
17 38
18 38
19 38
20 38
2 39
3 39
4 39
5 39
7 39
9 39
11 39
13 39
14 39
15 39
16 39
17 39
18 39
19 39
20 39
2 40
3 40
4 40
5 40
7 40
8 40
9 40
12 40
13 40
14 40
15 40
16 40
17 40
19 40
20 40
21 41
23 41
24 41
25 41
26 41
28 41
29 41
30 41
32 41
33 41
34 41
35 41
38 41
39 41
22 42
23 42
24 42
25 42
26 42
27 42
29 42
30 42
31 42
32 42
33 42
34 42
35 42
37 42
38 42
39 42
40 42
21 43
22 43
23 43
26 43
27 43
28 43
29 43
30 43
31 43
33 43
36 43
37 43
38 43
40 43
21 44
22 44
23 44
25 44
27 44
28 44
29 44
30 44
31 44
32 44
34 44
35 44
36 44
37 44
38 44
21 45
22 45
23 45
24 45
25 45
26 45
27 45
28 45
29 45
32 45
33 45
34 45
35 45
37 45
38 45
39 45
40 45
22 46
23 46
24 46
25 46
26 46
28 46
29 46
31 46
32 46
34 46
35 46
36 46
37 46
39 46
40 46
21 47
22 47
23 47
25 47
26 47
27 47
29 47
30 47
31 47
33 47
34 47
35 47
38 47
22 48
23 48
24 48
25 48
27 48
29 48
31 48
33 48
35 48
36 48
37 48
38 48
39 48
40 48
21 49
22 49
23 49
25 49
27 49
28 49
29 49
30 49
33 49
34 49
35 49
36 49
37 49
38 49
39 49
21 50
23 50
25 50
26 50
28 50
30 50
31 50
32 50
33 50
34 50
35 50
36 50
37 50
39 50
40 50
21 51
22 51
24 51
25 51
26 51
27 51
28 51
30 51
31 51
32 51
33 51
35 51
36 51
37 51
38 51
39 51
40 51
21 52
24 52
26 52
27 52
28 52
29 52
31 52
32 52
33 52
34 52
35 52
36 52
37 52
38 52
39 52
22 53
23 53
24 53
25 53
26 53
27 53
31 53
32 53
33 53
34 53
35 53
36 53
37 53
38 53
22 54
23 54
24 54
26 54
27 54
28 54
30 54
31 54
32 54
34 54
35 54
36 54
37 54
39 54
40 54
22 55
23 55
24 55
25 55
26 55
27 55
28 55
29 55
30 55
31 55
32 55
33 55
34 55
36 55
37 55
38 55
39 55
40 55
21 56
22 56
23 56
25 56
26 56
27 56
31 56
34 56
35 56
36 56
38 56
39 56
40 56
21 57
22 57
23 57
24 57
25 57
27 57
31 57
33 57
34 57
35 57
36 57
37 57
38 57
39 57
21 58
22 58
24 58
26 58
27 58
28 58
29 58
30 58
31 58
32 58
33 58
34 58
35 58
36 58
38 58
39 58
40 58
21 59
23 59
24 59
25 59
26 59
27 59
29 59
30 59
31 59
32 59
33 59
34 59
35 59
36 59
37 59
38 59
39 59
40 59
22 60
23 60
24 60
25 60
26 60
28 60
29 60
30 60
31 60
32 60
33 60
34 60
35 60
36 60
37 60
38 60
41 61
42 61
43 61
44 61
47 61
48 61
49 61
50 61
51 61
53 61
55 61
56 61
57 61
58 61
59 61
41 62
42 62
43 62
44 62
45 62
46 62
48 62
49 62
50 62
51 62
52 62
53 62
54 62
55 62
56 62
57 62
58 62
59 62
41 63
42 63
43 63
44 63
45 63
47 63
48 63
49 63
51 63
52 63
53 63
54 63
55 63
57 63
58 63
60 63
41 64
43 64
44 64
45 64
46 64
48 64
50 64
51 64
52 64
55 64
56 64
58 64
59 64
60 64
41 65
42 65
43 65
44 65
45 65
46 65
47 65
48 65
50 65
52 65
55 65
56 65
57 65
58 65
59 65
41 66
43 66
44 66
45 66
47 66
48 66
49 66
50 66
51 66
52 66
54 66
56 66
57 66
59 66
60 66
41 67
42 67
43 67
44 67
45 67
46 67
47 67
48 67
49 67
50 67
53 67
54 67
56 67
59 67
60 67
41 68
42 68
43 68
44 68
45 68
46 68
47 68
48 68
49 68
50 68
52 68
54 68
57 68
59 68
60 68
42 69
43 69
44 69
47 69
48 69
50 69
51 69
52 69
53 69
54 69
56 69
59 69
60 69
42 70
43 70
44 70
46 70
47 70
48 70
49 70
50 70
53 70
54 70
55 70
57 70
58 70
59 70
60 70
41 71
42 71
44 71
46 71
48 71
51 71
54 71
55 71
56 71
58 71
59 71
60 71
42 72
45 72
46 72
47 72
48 72
49 72
52 72
53 72
54 72
55 72
57 72
58 72
60 72
41 73
42 73
43 73
45 73
46 73
47 73
48 73
49 73
50 73
52 73
53 73
54 73
59 73
60 73
41 74
42 74
43 74
44 74
45 74
46 74
47 74
48 74
49 74
50 74
51 74
53 74
54 74
57 74
58 74
59 74
60 74
42 75
43 75
44 75
45 75
46 75
47 75
48 75
50 75
51 75
52 75
53 75
54 75
55 75
56 75
57 75
58 75
59 75
60 75
41 76
42 76
45 76
47 76
49 76
51 76
53 76
55 76
57 76
41 77
42 77
45 77
46 77
49 77
50 77
53 77
54 77
55 77
56 77
57 77
59 77
60 77
41 78
42 78
43 78
44 78
45 78
47 78
49 78
51 78
52 78
53 78
54 78
56 78
57 78
58 78
59 78
60 78
41 79
42 79
45 79
46 79
47 79
49 79
50 79
51 79
53 79
54 79
55 79
57 79
58 79
59 79
41 80
42 80
43 80
44 80
45 80
47 80
49 80
50 80
51 80
52 80
54 80
55 80
56 80
58 80
59 80
60 80
63 81
64 81
65 81
66 81
67 81
68 81
69 81
70 81
72 81
73 81
74 81
75 81
76 81
77 81
78 81
79 81
80 81
62 82
63 82
65 82
66 82
68 82
69 82
70 82
71 82
72 82
74 82
75 82
76 82
77 82
78 82
79 82
61 83
62 83
64 83
65 83
67 83
68 83
69 83
70 83
71 83
72 83
74 83
75 83
76 83
77 83
78 83
79 83
80 83
61 84
64 84
65 84
67 84
68 84
69 84
70 84
73 84
74 84
75 84
76 84
77 84
78 84
80 84
62 85
64 85
65 85
66 85
69 85
70 85
71 85
72 85
73 85
74 85
75 85
76 85
77 85
78 85
80 85
61 86
62 86
63 86
64 86
65 86
66 86
68 86
72 86
73 86
74 86
75 86
76 86
77 86
78 86
79 86
80 86
63 87
64 87
65 87
66 87
67 87
69 87
71 87
72 87
73 87
75 87
76 87
77 87
78 87
79 87
80 87
61 88
63 88
64 88
65 88
67 88
68 88
69 88
71 88
72 88
73 88
74 88
75 88
79 88
80 88
62 89
63 89
64 89
65 89
66 89
67 89
70 89
71 89
72 89
73 89
74 89
76 89
77 89
78 89
79 89
61 90
62 90
63 90
67 90
68 90
69 90
71 90
72 90
76 90
77 90
78 90
79 90
61 91
62 91
65 91
66 91
67 91
68 91
69 91
70 91
71 91
72 91
73 91
74 91
75 91
76 91
77 91
78 91
79 91
62 92
63 92
66 92
67 92
69 92
70 92
72 92
73 92
75 92
76 92
77 92
78 92
80 92
61 93
62 93
63 93
65 93
66 93
67 93
68 93
69 93
70 93
71 93
72 93
73 93
74 93
75 93
76 93
77 93
78 93
79 93
80 93
61 94
62 94
63 94
64 94
65 94
66 94
68 94
70 94
71 94
72 94
73 94
74 94
75 94
76 94
77 94
78 94
79 94
80 94
63 95
64 95
65 95
67 95
68 95
69 95
70 95
71 95
73 95
76 95
77 95
78 95
79 95
61 96
62 96
64 96
65 96
66 96
68 96
69 96
71 96
72 96
73 96
74 96
75 96
76 96
78 96
79 96
80 96
61 97
63 97
64 97
65 97
66 97
67 97
68 97
71 97
72 97
73 97
74 97
75 97
78 97
79 97
80 97
61 98
62 98
63 98
65 98
66 98
68 98
69 98
71 98
72 98
74 98
77 98
78 98
79 98
80 98
61 99
62 99
63 99
64 99
65 99
66 99
67 99
68 99
69 99
70 99
72 99
74 99
75 99
76 99
79 99
80 99
62 100
63 100
64 100
65 100
67 100
68 100
69 100
70 100
72 100
75 100
76 100
77 100
78 100
81 101
82 101
83 101
84 101
85 101
87 101
89 101
90 101
91 101
94 101
95 101
97 101
98 101
100 101
81 102
82 102
84 102
85 102
86 102
88 102
89 102
91 102
93 102
94 102
96 102
97 102
98 102
99 102
100 102
81 103
82 103
84 103
85 103
86 103
87 103
88 103
89 103
90 103
91 103
92 103
93 103
97 103
98 103
99 103
100 103
81 104
83 104
85 104
86 104
87 104
88 104
89 104
91 104
93 104
94 104
95 104
96 104
97 104
98 104
99 104
100 104
81 105
82 105
83 105
84 105
86 105
88 105
89 105
91 105
93 105
95 105
96 105
99 105
100 105
81 106
82 106
85 106
87 106
88 106
89 106
91 106
94 106
96 106
97 106
98 106
99 106
100 106
81 107
82 107
85 107
87 107
89 107
90 107
91 107
92 107
93 107
94 107
95 107
96 107
97 107
98 107
99 107
81 108
82 108
83 108
84 108
85 108
86 108
87 108
88 108
89 108
90 108
91 108
92 108
93 108
94 108
96 108
97 108
100 108
83 109
84 109
85 109
86 109
87 109
88 109
89 109
90 109
91 109
92 109
93 109
94 109
95 109
97 109
100 109
81 110
83 110
85 110
86 110
87 110
88 110
90 110
92 110
93 110
94 110
95 110
96 110
97 110
99 110
81 111
83 111
85 111
87 111
88 111
89 111
90 111
91 111
93 111
95 111
96 111
97 111
98 111
99 111
100 111
81 112
82 112
84 112
85 112
86 112
87 112
88 112
89 112
90 112
91 112
92 112
93 112
94 112
95 112
96 112
97 112
98 112
99 112
100 112
81 113
82 113
83 113
84 113
85 113
87 113
88 113
90 113
92 113
93 113
95 113
96 113
98 113
99 113
100 113
81 114
82 114
83 114
84 114
85 114
87 114
89 114
90 114
91 114
92 114
93 114
94 114
95 114
96 114
97 114
99 114
81 115
82 115
83 115
84 115
86 115
87 115
88 115
89 115
90 115
91 115
92 115
94 115
95 115
96 115
97 115
98 115
99 115
100 115
81 116
82 116
83 116
84 116
85 116
86 116
87 116
89 116
90 116
91 116
93 116
94 116
96 116
97 116
98 116
99 116
84 117
85 117
86 117
87 117
89 117
90 117
91 117
93 117
94 117
95 117
96 117
97 117
98 117
99 117
100 117
81 118
82 118
83 118
84 118
85 118
88 118
90 118
91 118
92 118
93 118
94 118
95 118
96 118
97 118
98 118
99 118
100 118
81 119
82 119
83 119
85 119
87 119
88 119
89 119
90 119
91 119
92 119
93 119
97 119
98 119
99 119
81 120
82 120
84 120
85 120
87 120
90 120
91 120
93 120
95 120
96 120
97 120
100 120
101 121
102 121
103 121
107 121
109 121
110 121
111 121
113 121
115 121
116 121
117 121
118 121
119 121
120 121
101 122
102 122
103 122
104 122
105 122
107 122
108 122
110 122
111 122
113 122
114 122
116 122
117 122
118 122
119 122
103 123
104 123
107 123
111 123
112 123
113 123
114 123
116 123
117 123
118 123
101 124
102 124
103 124
104 124
105 124
106 124
107 124
108 124
109 124
110 124
111 124
112 124
114 124
115 124
116 124
117 124
118 124
119 124
120 124
102 125
103 125
104 125
105 125
106 125
107 125
108 125
109 125
110 125
111 125
112 125
113 125
114 125
115 125
116 125
117 125
119 125
120 125
101 126
102 126
103 126
106 126
108 126
109 126
110 126
112 126
114 126
116 126
119 126
120 126
101 127
102 127
103 127
104 127
106 127
107 127
110 127
111 127
112 127
113 127
114 127
116 127
117 127
118 127
119 127
120 127
101 128
102 128
103 128
104 128
107 128
109 128
110 128
111 128
113 128
114 128
115 128
117 128
118 128
119 128
101 129
103 129
104 129
105 129
106 129
109 129
110 129
111 129
112 129
113 129
114 129
115 129
116 129
118 129
119 129
120 129
102 130
105 130
106 130
107 130
108 130
109 130
110 130
111 130
112 130
113 130
114 130
115 130
117 130
119 130
120 130
101 131
103 131
104 131
105 131
106 131
107 131
108 131
109 131
110 131
112 131
113 131
114 131
115 131
116 131
117 131
118 131
119 131
101 132
102 132
104 132
105 132
106 132
107 132
108 132
110 132
111 132
112 132
113 132
114 132
117 132
118 132
119 132
101 133
102 133
103 133
104 133
105 133
106 133
107 133
108 133
110 133
112 133
113 133
114 133
115 133
116 133
118 133
119 133
120 133
101 134
103 134
105 134
106 134
107 134
110 134
112 134
113 134
114 134
117 134
118 134
119 134
120 134
101 135
102 135
104 135
105 135
106 135
108 135
109 135
111 135
112 135
113 135
114 135
116 135
119 135
120 135
101 136
103 136
104 136
106 136
107 136
108 136
111 136
112 136
113 136
114 136
116 136
117 136
118 136
120 136
103 137
104 137
106 137
107 137
108 137
109 137
110 137
111 137
112 137
113 137
114 137
115 137
116 137
117 137
118 137
120 137
101 138
103 138
104 138
105 138
106 138
107 138
108 138
109 138
110 138
111 138
112 138
114 138
115 138
116 138
117 138
118 138
119 138
120 138
101 139
102 139
104 139
105 139
106 139
107 139
108 139
109 139
110 139
111 139
112 139
113 139
115 139
116 139
117 139
119 139
104 140
105 140
106 140
108 140
111 140
112 140
114 140
115 140
116 140
117 140
118 140
120 140
121 141
122 141
125 141
126 141
127 141
128 141
129 141
130 141
131 141
132 141
133 141
134 141
137 141
138 141
139 141
121 142
123 142
124 142
125 142
126 142
127 142
128 142
129 142
130 142
131 142
132 142
133 142
134 142
135 142
136 142
137 142
138 142
139 142
121 143
122 143
123 143
124 143
127 143
128 143
129 143
130 143
131 143
132 143
133 143
135 143
137 143
138 143
139 143
140 143
121 144
122 144
124 144
125 144
126 144
127 144
128 144
129 144
131 144
132 144
133 144
134 144
137 144
139 144
140 144
121 145
122 145
123 145
124 145
125 145
126 145
127 145
128 145
129 145
130 145
131 145
132 145
134 145
135 145
136 145
137 145
140 145
122 146
123 146
126 146
128 146
129 146
130 146
131 146
133 146
134 146
135 146
136 146
139 146
140 146
121 147
122 147
123 147
125 147
126 147
128 147
130 147
131 147
132 147
134 147
135 147
136 147
137 147
138 147
139 147
140 147
121 148
123 148
124 148
125 148
126 148
128 148
129 148
130 148
131 148
132 148
133 148
135 148
136 148
137 148
138 148
139 148
140 148
122 149
123 149
124 149
125 149
126 149
130 149
131 149
132 149
134 149
136 149
137 149
138 149
139 149
140 149
121 150
122 150
123 150
124 150
126 150
127 150
128 150
129 150
130 150
131 150
133 150
134 150
135 150
136 150
137 150
138 150
139 150
121 151
122 151
123 151
124 151
126 151
128 151
129 151
130 151
132 151
133 151
134 151
135 151
136 151
137 151
138 151
140 151
121 152
123 152
125 152
126 152
127 152
129 152
130 152
131 152
132 152
134 152
135 152
136 152
137 152
138 152
140 152
121 153
122 153
124 153
125 153
126 153
129 153
130 153
131 153
132 153
133 153
135 153
136 153
137 153
139 153
140 153
122 154
123 154
124 154
125 154
126 154
127 154
128 154
129 154
131 154
132 154
133 154
134 154
135 154
136 154
137 154
138 154
139 154
140 154
121 155
122 155
123 155
124 155
126 155
127 155
128 155
129 155
130 155
131 155
134 155
135 155
136 155
137 155
138 155
139 155
140 155
122 156
123 156
126 156
127 156
128 156
129 156
130 156
131 156
132 156
133 156
134 156
135 156
136 156
137 156
138 156
139 156
140 156
123 157
125 157
126 157
127 157
128 157
129 157
130 157
131 157
132 157
133 157
136 157
137 157
138 157
140 157
121 158
122 158
123 158
124 158
126 158
127 158
128 158
129 158
130 158
131 158
132 158
133 158
136 158
139 158
140 158
121 159
122 159
124 159
125 159
127 159
128 159
129 159
130 159
131 159
132 159
134 159
135 159
136 159
138 159
139 159
140 159
121 160
122 160
123 160
124 160
125 160
126 160
127 160
128 160
130 160
131 160
132 160
134 160
135 160
137 160
140 160
141 161
142 161
143 161
145 161
147 161
148 161
149 161
150 161
152 161
154 161
155 161
156 161
157 161
158 161
159 161
160 161
141 162
144 162
146 162
147 162
148 162
149 162
150 162
151 162
152 162
155 162
156 162
157 162
158 162
160 162
142 163
144 163
146 163
147 163
148 163
149 163
150 163
151 163
153 163
154 163
155 163
156 163
157 163
158 163
159 163
160 163
141 164
142 164
143 164
144 164
146 164
147 164
148 164
149 164
150 164
151 164
152 164
153 164
154 164
155 164
160 164
141 165
142 165
143 165
145 165
146 165
147 165
148 165
149 165
150 165
151 165
152 165
153 165
154 165
156 165
157 165
158 165
159 165
160 165
141 166
142 166
143 166
144 166
145 166
146 166
147 166
148 166
149 166
151 166
152 166
153 166
154 166
156 166
157 166
159 166
160 166
141 167
142 167
143 167
145 167
146 167
148 167
149 167
150 167
152 167
154 167
156 167
159 167
141 168
144 168
146 168
147 168
150 168
151 168
152 168
155 168
158 168
159 168
141 169
142 169
144 169
145 169
146 169
147 169
148 169
150 169
151 169
152 169
153 169
154 169
155 169
156 169
157 169
158 169
160 169
141 170
142 170
145 170
146 170
147 170
148 170
149 170
150 170
153 170
154 170
156 170
157 170
158 170
160 170
141 171
143 171
144 171
145 171
146 171
147 171
148 171
149 171
150 171
152 171
153 171
154 171
155 171
156 171
157 171
158 171
159 171
160 171
141 172
142 172
143 172
144 172
145 172
146 172
148 172
149 172
150 172
151 172
152 172
154 172
156 172
157 172
159 172
160 172
145 173
147 173
149 173
151 173
153 173
154 173
159 173
141 174
142 174
143 174
144 174
145 174
146 174
147 174
148 174
149 174
150 174
151 174
152 174
154 174
158 174
159 174
160 174
141 175
143 175
144 175
145 175
146 175
147 175
148 175
150 175
151 175
152 175
153 175
154 175
157 175
158 175
159 175
160 175
141 176
142 176
143 176
144 176
146 176
148 176
149 176
150 176
151 176
152 176
153 176
154 176
155 176
156 176
157 176
158 176
159 176
141 177
142 177
146 177
147 177
148 177
149 177
150 177
152 177
153 177
154 177
155 177
156 177
158 177
159 177
160 177
141 178
142 178
144 178
145 178
146 178
147 178
149 178
150 178
151 178
152 178
153 178
154 178
156 178
157 178
158 178
159 178
160 178
141 179
142 179
143 179
146 179
147 179
148 179
149 179
150 179
151 179
152 179
155 179
156 179
157 179
158 179
159 179
160 179
141 180
142 180
143 180
144 180
145 180
146 180
149 180
150 180
152 180
153 180
154 180
156 180
158 180
160 180
161 181
162 181
165 181
166 181
167 181
169 181
170 181
172 181
173 181
174 181
176 181
177 181
178 181
179 181
180 181
161 182
164 182
165 182
167 182
169 182
170 182
171 182
172 182
173 182
174 182
175 182
176 182
177 182
179 182
180 182
161 183
162 183
163 183
164 183
165 183
168 183
169 183
170 183
171 183
172 183
173 183
174 183
176 183
177 183
178 183
179 183
180 183
161 184
162 184
164 184
165 184
166 184
167 184
169 184
170 184
171 184
172 184
174 184
175 184
176 184
177 184
178 184
179 184
180 184
161 185
163 185
165 185
166 185
167 185
170 185
171 185
172 185
173 185
174 185
176 185
178 185
179 185
180 185
161 186
162 186
164 186
165 186
166 186
167 186
168 186
169 186
172 186
173 186
174 186
175 186
176 186
177 186
178 186
179 186
161 187
163 187
165 187
166 187
167 187
168 187
169 187
171 187
172 187
173 187
174 187
175 187
176 187
177 187
178 187
179 187
162 188
163 188
166 188
167 188
168 188
169 188
170 188
171 188
173 188
175 188
176 188
178 188
179 188
162 189
163 189
164 189
165 189
166 189
167 189
168 189
169 189
170 189
171 189
172 189
173 189
174 189
175 189
176 189
177 189
178 189
179 189
180 189
161 190
163 190
164 190
165 190
166 190
168 190
170 190
171 190
172 190
174 190
175 190
176 190
177 190
178 190
179 190
180 190
161 191
162 191
163 191
164 191
165 191
166 191
167 191
168 191
170 191
173 191
174 191
176 191
177 191
178 191
179 191
180 191
162 192
163 192
164 192
166 192
167 192
168 192
169 192
170 192
173 192
175 192
177 192
178 192
179 192
180 192
161 193
162 193
163 193
164 193
165 193
166 193
167 193
168 193
169 193
170 193
171 193
172 193
173 193
174 193
175 193
177 193
179 193
180 193
161 194
162 194
164 194
165 194
166 194
167 194
168 194
169 194
170 194
172 194
173 194
175 194
176 194
177 194
178 194
179 194
162 195
163 195
164 195
165 195
167 195
169 195
172 195
173 195
174 195
175 195
176 195
180 195
162 196
163 196
164 196
165 196
166 196
167 196
168 196
169 196
170 196
171 196
172 196
173 196
175 196
176 196
177 196
179 196
180 196
161 197
162 197
163 197
164 197
165 197
167 197
170 197
171 197
173 197
175 197
176 197
177 197
161 198
162 198
163 198
166 198
168 198
169 198
170 198
171 198
172 198
173 198
174 198
175 198
176 198
177 198
178 198
179 198
180 198
164 199
165 199
166 199
168 199
169 199
170 199
171 199
172 199
173 199
175 199
176 199
177 199
178 199
179 199
180 199
161 200
162 200
163 200
164 200
165 200
166 200
171 200
172 200
174 200
175 200
177 200
178 200
179 200
180 200
182 201
183 201
185 201
186 201
188 201
190 201
192 201
193 201
194 201
195 201
197 201
198 201
199 201
181 202
182 202
183 202
185 202
186 202
187 202
191 202
192 202
193 202
194 202
195 202
196 202
197 202
198 202
199 202
200 202
181 203
182 203
183 203
185 203
186 203
190 203
191 203
194 203
195 203
197 203
198 203
200 203
181 204
182 204
183 204
184 204
185 204
186 204
187 204
190 204
191 204
192 204
193 204
194 204
195 204
196 204
198 204
200 204
181 205
183 205
186 205
187 205
188 205
189 205
190 205
191 205
194 205
195 205
196 205
197 205
198 205
199 205
200 205
181 206
182 206
183 206
186 206
187 206
188 206
189 206
190 206
191 206
193 206
194 206
195 206
196 206
197 206
198 206
199 206
200 206
181 207
182 207
183 207
184 207
185 207
186 207
187 207
188 207
189 207
190 207
193 207
194 207
196 207
197 207
199 207
200 207
181 208
182 208
183 208
185 208
186 208
187 208
188 208
189 208
190 208
191 208
192 208
193 208
195 208
196 208
198 208
200 208
182 209
183 209
186 209
187 209
188 209
189 209
191 209
193 209
194 209
195 209
196 209
197 209
198 209
199 209
200 209
181 210
182 210
183 210
185 210
186 210
188 210
189 210
192 210
194 210
195 210
196 210
197 210
198 210
199 210
182 211
183 211
186 211
187 211
188 211
189 211
190 211
191 211
194 211
196 211
197 211
199 211
200 211
182 212
183 212
186 212
187 212
188 212
189 212
190 212
191 212
192 212
193 212
194 212
196 212
197 212
198 212
199 212
200 212
181 213
183 213
186 213
187 213
188 213
190 213
191 213
192 213
193 213
195 213
198 213
199 213
200 213
181 214
182 214
186 214
187 214
188 214
192 214
194 214
195 214
196 214
197 214
199 214
181 215
182 215
185 215
186 215
187 215
190 215
191 215
192 215
194 215
195 215
196 215
199 215
200 215
182 216
184 216
185 216
186 216
187 216
188 216
191 216
193 216
194 216
195 216
197 216
200 216
181 217
182 217
183 217
184 217
186 217
187 217
189 217
190 217
196 217
197 217
200 217
181 218
182 218
184 218
186 218
187 218
189 218
190 218
191 218
192 218
193 218
194 218
196 218
197 218
199 218
200 218
181 219
182 219
184 219
185 219
186 219
188 219
189 219
190 219
191 219
192 219
193 219
194 219
195 219
197 219
198 219
199 219
200 219
182 220
183 220
184 220
186 220
188 220
190 220
192 220
195 220
196 220
197 220
198 220
200 220
201 221
202 221
203 221
204 221
205 221
206 221
207 221
208 221
209 221
210 221
211 221
212 221
213 221
214 221
215 221
217 221
218 221
219 221
220 221
202 222
203 222
205 222
206 222
207 222
209 222
212 222
214 222
215 222
216 222
217 222
218 222
219 222
220 222
201 223
202 223
204 223
205 223
207 223
208 223
209 223
210 223
212 223
213 223
214 223
215 223
217 223
218 223
220 223
202 224
203 224
204 224
206 224
208 224
209 224
210 224
213 224
214 224
215 224
217 224
218 224
201 225
202 225
204 225
205 225
206 225
208 225
211 225
212 225
213 225
214 225
216 225
217 225
219 225
220 225
202 226
203 226
204 226
206 226
207 226
208 226
209 226
210 226
211 226
212 226
214 226
215 226
216 226
217 226
219 226
220 226
202 227
205 227
208 227
209 227
211 227
212 227
213 227
214 227
215 227
216 227
217 227
219 227
220 227
201 228
202 228
203 228
204 228
205 228
207 228
208 228
209 228
212 228
213 228
214 228
215 228
216 228
217 228
218 228
219 228
220 228
201 229
203 229
204 229
206 229
207 229
209 229
211 229
212 229
214 229
215 229
217 229
218 229
219 229
220 229
201 230
202 230
203 230
204 230
205 230
206 230
208 230
209 230
210 230
212 230
213 230
214 230
215 230
216 230
217 230
219 230
220 230
201 231
202 231
204 231
205 231
206 231
207 231
208 231
210 231
212 231
213 231
214 231
215 231
217 231
201 232
203 232
206 232
207 232
211 232
213 232
216 232
217 232
218 232
219 232
220 232
201 233
206 233
209 233
212 233
214 233
215 233
217 233
219 233
220 233
201 234
202 234
203 234
204 234
205 234
206 234
207 234
209 234
210 234
211 234
212 234
213 234
214 234
215 234
216 234
218 234
219 234
220 234
204 235
205 235
208 235
210 235
213 235
214 235
216 235
217 235
218 235
219 235
220 235
201 236
202 236
203 236
204 236
207 236
208 236
209 236
210 236
211 236
212 236
213 236
215 236
216 236
217 236
220 236
201 237
202 237
204 237
206 237
209 237
214 237
215 237
216 237
201 238
202 238
203 238
204 238
205 238
207 238
208 238
209 238
210 238
212 238
213 238
214 238
215 238
217 238
218 238
219 238
201 239
202 239
203 239
205 239
206 239
207 239
209 239
210 239
211 239
212 239
213 239
214 239
216 239
217 239
219 239
220 239
202 240
203 240
204 240
206 240
208 240
211 240
212 240
213 240
214 240
215 240
216 240
217 240
218 240
219 240
221 241
223 241
224 241
225 241
226 241
227 241
230 241
231 241
232 241
233 241
234 241
237 241
238 241
240 241
223 242
224 242
225 242
226 242
227 242
228 242
232 242
234 242
236 242
237 242
239 242
240 242
221 243
222 243
223 243
224 243
225 243
226 243
227 243
228 243
229 243
230 243
233 243
234 243
236 243
238 243
239 243
240 243
223 244
225 244
226 244
227 244
229 244
231 244
232 244
233 244
236 244
238 244
240 244
221 245
222 245
223 245
224 245
225 245
227 245
228 245
229 245
230 245
232 245
233 245
235 245
236 245
237 245
238 245
239 245
240 245
221 246
224 246
225 246
226 246
227 246
228 246
229 246
230 246
231 246
232 246
233 246
234 246
235 246
236 246
237 246
238 246
240 246
223 247
224 247
225 247
226 247
227 247
228 247
229 247
231 247
232 247
233 247
234 247
235 247
237 247
238 247
239 247
240 247
221 248
222 248
223 248
224 248
225 248
226 248
228 248
229 248
232 248
233 248
234 248
235 248
236 248
238 248
239 248
240 248
221 249
224 249
225 249
226 249
227 249
228 249
229 249
231 249
232 249
233 249
239 249
240 249
221 250
222 250
223 250
224 250
225 250
226 250
227 250
228 250
230 250
231 250
233 250
234 250
235 250
236 250
237 250
238 250
240 250
221 251
223 251
225 251
226 251
227 251
228 251
230 251
231 251
233 251
235 251
236 251
237 251
238 251
239 251
222 252
223 252
224 252
225 252
226 252
227 252
228 252
229 252
230 252
231 252
233 252
234 252
236 252
237 252
238 252
239 252
240 252
221 253
222 253
223 253
224 253
225 253
226 253
227 253
228 253
229 253
230 253
231 253
232 253
233 253
234 253
235 253
237 253
239 253
240 253
221 254
222 254
223 254
224 254
225 254
228 254
229 254
232 254
233 254
235 254
238 254
239 254
221 255
222 255
224 255
225 255
226 255
229 255
230 255
233 255
234 255
236 255
237 255
238 255
239 255
221 256
222 256
223 256
224 256
226 256
227 256
228 256
229 256
231 256
232 256
233 256
234 256
235 256
237 256
238 256
239 256
240 256
221 257
222 257
223 257
224 257
226 257
227 257
228 257
229 257
230 257
231 257
232 257
233 257
234 257
237 257
238 257
221 258
222 258
223 258
224 258
225 258
226 258
228 258
229 258
230 258
231 258
232 258
233 258
234 258
237 258
239 258
221 259
223 259
224 259
225 259
226 259
227 259
228 259
229 259
230 259
231 259
233 259
234 259
235 259
236 259
238 259
239 259
240 259
222 260
223 260
224 260
225 260
227 260
228 260
229 260
230 260
231 260
233 260
234 260
235 260
237 260
238 260
239 260
240 260
241 261
242 261
243 261
245 261
246 261
248 261
249 261
251 261
252 261
253 261
254 261
256 261
257 261
258 261
259 261
260 261
242 262
243 262
244 262
246 262
247 262
248 262
250 262
251 262
252 262
255 262
257 262
258 262
260 262
241 263
242 263
243 263
244 263
245 263
246 263
247 263
248 263
249 263
251 263
252 263
253 263
254 263
255 263
256 263
257 263
258 263
242 264
243 264
244 264
245 264
246 264
247 264
248 264
249 264
250 264
251 264
254 264
255 264
256 264
257 264
259 264
260 264
241 265
242 265
243 265
244 265
246 265
247 265
248 265
250 265
251 265
253 265
254 265
255 265
256 265
257 265
258 265
259 265
241 266
243 266
244 266
245 266
246 266
247 266
250 266
251 266
252 266
253 266
256 266
257 266
258 266
259 266
260 266
241 267
242 267
246 267
247 267
248 267
249 267
251 267
254 267
255 267
256 267
257 267
258 267
241 268
242 268
244 268
245 268
247 268
248 268
250 268
251 268
252 268
253 268
254 268
256 268
259 268
242 269
243 269
244 269
245 269
248 269
249 269
250 269
251 269
252 269
253 269
254 269
255 269
256 269
257 269
259 269
260 269
241 270
242 270
244 270
245 270
246 270
247 270
248 270
249 270
250 270
253 270
254 270
255 270
257 270
258 270
260 270
241 271
242 271
243 271
245 271
246 271
247 271
248 271
252 271
253 271
254 271
255 271
256 271
257 271
258 271
259 271
260 271
241 272
242 272
244 272
245 272
246 272
247 272
248 272
249 272
250 272
251 272
252 272
253 272
254 272
255 272
257 272
258 272
259 272
260 272
241 273
242 273
243 273
245 273
247 273
248 273
250 273
251 273
254 273
256 273
257 273
258 273
259 273
260 273
241 274
243 274
244 274
245 274
246 274
247 274
249 274
250 274
251 274
252 274
254 274
255 274
256 274
258 274
259 274
260 274
241 275
243 275
244 275
245 275
246 275
247 275
248 275
249 275
250 275
251 275
252 275
253 275
254 275
255 275
256 275
257 275
258 275
241 276
242 276
243 276
244 276
245 276
247 276
248 276
249 276
250 276
251 276
252 276
253 276
254 276
255 276
256 276
257 276
259 276
260 276
241 277
242 277
243 277
244 277
245 277
246 277
247 277
248 277
249 277
250 277
251 277
252 277
253 277
254 277
255 277
256 277
257 277
258 277
259 277
242 278
244 278
245 278
246 278
248 278
249 278
250 278
254 278
255 278
256 278
257 278
258 278
259 278
260 278
242 279
243 279
244 279
245 279
246 279
247 279
248 279
249 279
250 279
251 279
253 279
256 279
258 279
259 279
260 279
241 280
243 280
244 280
245 280
246 280
247 280
248 280
250 280
251 280
252 280
253 280
254 280
255 280
256 280
257 280
258 280
259 280
263 281
264 281
265 281
266 281
267 281
268 281
269 281
270 281
271 281
272 281
273 281
275 281
276 281
277 281
278 281
279 281
280 281
263 282
265 282
266 282
267 282
269 282
270 282
271 282
272 282
273 282
274 282
275 282
276 282
277 282
279 282
280 282
261 283
262 283
263 283
264 283
265 283
266 283
267 283
269 283
270 283
271 283
272 283
273 283
274 283
278 283
279 283
280 283
261 284
262 284
263 284
264 284
265 284
266 284
267 284
268 284
270 284
273 284
274 284
275 284
276 284
277 284
278 284
279 284
280 284
264 285
266 285
267 285
268 285
269 285
270 285
272 285
273 285
274 285
275 285
276 285
277 285
278 285
279 285
261 286
262 286
263 286
264 286
266 286
267 286
268 286
269 286
270 286
271 286
273 286
274 286
275 286
277 286
278 286
280 286
261 287
262 287
263 287
264 287
265 287
266 287
267 287
268 287
269 287
270 287
272 287
274 287
275 287
276 287
277 287
278 287
279 287
261 288
262 288
263 288
264 288
266 288
267 288
268 288
269 288
270 288
271 288
272 288
275 288
276 288
278 288
279 288
261 289
262 289
263 289
264 289
265 289
266 289
267 289
269 289
270 289
271 289
272 289
273 289
274 289
275 289
277 289
279 289
280 289
261 290
264 290
266 290
267 290
268 290
269 290
270 290
272 290
273 290
275 290
277 290
278 290
280 290
261 291
263 291
267 291
268 291
273 291
274 291
275 291
276 291
277 291
278 291
280 291
262 292
263 292
264 292
265 292
266 292
267 292
268 292
269 292
270 292
271 292
272 292
273 292
274 292
275 292
277 292
278 292
279 292
280 292
261 293
262 293
264 293
265 293
266 293
267 293
268 293
269 293
271 293
272 293
273 293
275 293
276 293
277 293
279 293
280 293
261 294
262 294
264 294
265 294
266 294
267 294
269 294
272 294
273 294
274 294
275 294
276 294
277 294
261 295
262 295
263 295
264 295
265 295
266 295
268 295
270 295
273 295
274 295
275 295
276 295
279 295
280 295
262 296
263 296
264 296
265 296
266 296
267 296
268 296
269 296
270 296
271 296
272 296
273 296
274 296
276 296
278 296
280 296
264 297
265 297
266 297
267 297
268 297
269 297
270 297
271 297
272 297
273 297
274 297
275 297
276 297
277 297
279 297
280 297
261 298
263 298
265 298
266 298
267 298
268 298
271 298
272 298
275 298
276 298
277 298
278 298
279 298
280 298
261 299
262 299
263 299
265 299
266 299
267 299
268 299
269 299
270 299
272 299
273 299
274 299
275 299
277 299
278 299
279 299
280 299
261 300
262 300
263 300
266 300
268 300
270 300
272 300
273 300
274 300
275 300
276 300
277 300
278 300
279 300
280 300
