500 7187 25
20 20 20 20 20 20 20 20 20 20 20 20 20 20 20 20 20 20 20 20 20 20 20 20 20 
1 21
2 21
3 21
4 21
5 21
6 21
7 21
8 21
9 21
10 21
11 21
12 21
14 21
15 21
16 21
17 21
18 21
19 21
20 21
1 22
2 22
3 22
4 22
6 22
7 22
8 22
10 22
12 22
13 22
14 22
15 22
16 22
17 22
18 22
19 22
20 22
1 23
3 23
4 23
5 23
6 23
7 23
9 23
10 23
11 23
12 23
13 23
14 23
15 23
18 23
19 23
20 23
1 24
2 24
3 24
4 24
5 24
6 24
7 24
8 24
10 24
11 24
12 24
13 24
14 24
15 24
17 24
19 24
20 24
1 25
3 25
4 25
5 25
6 25
9 25
11 25
13 25
14 25
15 25
16 25
18 25
19 25
20 25
2 26
3 26
5 26
7 26
8 26
9 26
10 26
11 26
12 26
13 26
16 26
18 26
19 26
20 26
1 27
2 27
3 27
4 27
5 27
7 27
8 27
9 27
10 27
11 27
12 27
13 27
14 27
16 27
17 27
19 27
20 27
1 28
2 28
3 28
4 28
6 28
10 28
11 28
12 28
13 28
14 28
15 28
16 28
17 28
18 28
20 28
1 29
3 29
4 29
7 29
8 29
10 29
11 29
12 29
13 29
14 29
15 29
19 29
1 30
2 30
3 30
4 30
6 30
7 30
10 30
12 30
13 30
14 30
15 30
16 30
17 30
18 30
19 30
20 30
2 31
3 31
4 31
6 31
7 31
8 31
9 31
10 31
11 31
12 31
13 31
14 31
15 31
17 31
20 31
2 32
3 32
4 32
6 32
8 32
9 32
10 32
11 32
12 32
13 32
15 32
17 32
18 32
19 32
1 33
3 33
4 33
8 33
9 33
10 33
11 33
12 33
13 33
14 33
15 33
17 33
18 33
19 33
20 33
1 34
3 34
5 34
8 34
10 34
11 34
13 34
14 34
15 34
16 34
18 34
19 34
1 35
3 35
4 35
7 35
8 35
9 35
10 35
11 35
12 35
13 35
15 35
16 35
17 35
18 35
19 35
20 35
1 36
2 36
3 36
5 36
6 36
7 36
8 36
12 36
16 36
17 36
20 36
1 37
2 37
3 37
8 37
10 37
12 37
14 37
16 37
20 37
1 38
2 38
3 38
5 38
6 38
8 38
9 38
10 38
11 38
12 38
14 38
15 38
16 38
17 38
18 38
19 38
20 38
6 39
7 39
8 39
9 39
10 39
11 39
12 39
13 39
14 39
15 39
16 39
17 39
18 39
19 39
20 39
1 40
2 40
3 40
4 40
5 40
6 40
7 40
8 40
9 40
11 40
12 40
13 40
15 40
16 40
17 40
19 40
20 40
22 41
23 41
24 41
25 41
26 41
30 41
31 41
32 41
33 41
34 41
36 41
37 41
39 41
40 41
21 42
22 42
23 42
25 42
26 42
27 42
28 42
29 42
30 42
33 42
34 42
35 42
36 42
37 42
38 42
40 42
21 43
22 43
23 43
25 43
26 43
27 43
29 43
31 43
32 43
33 43
34 43
35 43
36 43
37 43
39 43
40 43
22 44
24 44
25 44
26 44
29 44
32 44
34 44
35 44
36 44
37 44
38 44
39 44
40 44
21 45
22 45
23 45
24 45
25 45
26 45
28 45
29 45
30 45
31 45
32 45
34 45
37 45
38 45
39 45
40 45
22 46
24 46
25 46
27 46
28 46
30 46
31 46
32 46
33 46
34 46
36 46
38 46
39 46
40 46
21 47
22 47
23 47
24 47
28 47
30 47
31 47
34 47
35 47
36 47
37 47
39 47
40 47
21 48
24 48
25 48
26 48
27 48
28 48
29 48
30 48
31 48
33 48
35 48
36 48
37 48
38 48
39 48
40 48
21 49
22 49
24 49
25 49
28 49
29 49
30 49
31 49
32 49
33 49
34 49
35 49
37 49
38 49
39 49
40 49
22 50
23 50
24 50
26 50
27 50
28 50
30 50
31 50
34 50
35 50
36 50
39 50
40 50
21 51
23 51
24 51
25 51
26 51
27 51
28 51
29 51
30 51
31 51
32 51
33 51
34 51
35 51
36 51
38 51
22 52
23 52
24 52
25 52
26 52
27 52
31 52
33 52
34 52
35 52
36 52
37 52
39 52
21 53
23 53
24 53
25 53
26 53
27 53
28 53
29 53
32 53
33 53
34 53
36 53
37 53
38 53
39 53
40 53
21 54
22 54
23 54
24 54
26 54
27 54
28 54
29 54
31 54
32 54
34 54
35 54
36 54
38 54
40 54
21 55
22 55
25 55
27 55
29 55
30 55
31 55
33 55
35 55
36 55
37 55
40 55
21 56
22 56
23 56
24 56
25 56
26 56
27 56
28 56
29 56
30 56
31 56
32 56
34 56
35 56
36 56
37 56
38 56
39 56
40 56
21 57
22 57
24 57
25 57
28 57
29 57
30 57
31 57
33 57
35 57
37 57
38 57
39 57
25 58
26 58
29 58
30 58
31 58
32 58
34 58
35 58
37 58
38 58
40 58
21 59
22 59
23 59
24 59
25 59
26 59
27 59
28 59
31 59
32 59
33 59
35 59
36 59
37 59
38 59
39 59
40 59
21 60
23 60
25 60
26 60
27 60
28 60
29 60
30 60
31 60
32 60
36 60
37 60
38 60
39 60
41 61
43 61
44 61
47 61
50 61
51 61
52 61
54 61
55 61
57 61
59 61
60 61
42 62
43 62
44 62
45 62
47 62
48 62
49 62
51 62
52 62
53 62
57 62
58 62
59 62
60 62
42 63
43 63
44 63
45 63
48 63
49 63
50 63
51 63
53 63
55 63
56 63
57 63
59 63
41 64
42 64
43 64
44 64
45 64
46 64
48 64
49 64
50 64
51 64
52 64
53 64
54 64
55 64
56 64
58 64
60 64
41 65
43 65
44 65
46 65
47 65
48 65
50 65
51 65
52 65
53 65
54 65
58 65
59 65
41 66
42 66
43 66
45 66
46 66
47 66
48 66
49 66
50 66
52 66
53 66
54 66
55 66
57 66
58 66
59 66
60 66
41 67
42 67
44 67
46 67
47 67
48 67
49 67
50 67
51 67
52 67
53 67
56 67
57 67
58 67
60 67
42 68
43 68
46 68
47 68
48 68
49 68
51 68
52 68
53 68
54 68
55 68
56 68
57 68
58 68
59 68
60 68
41 69
43 69
44 69
45 69
46 69
50 69
51 69
52 69
53 69
54 69
55 69
56 69
57 69
58 69
41 70
43 70
44 70
45 70
47 70
48 70
50 70
51 70
52 70
55 70
56 70
57 70
59 70
60 70
41 71
42 71
43 71
44 71
45 71
46 71
47 71
48 71
51 71
53 71
54 71
56 71
57 71
58 71
59 71
60 71
41 72
43 72
45 72
46 72
47 72
49 72
50 72
52 72
54 72
55 72
56 72
57 72
59 72
60 72
41 73
42 73
43 73
44 73
46 73
47 73
48 73
49 73
50 73
51 73
52 73
53 73
54 73
56 73
58 73
59 73
41 74
42 74
43 74
44 74
47 74
48 74
49 74
50 74
51 74
53 74
54 74
55 74
56 74
57 74
58 74
59 74
60 74
41 75
42 75
43 75
45 75
47 75
49 75
51 75
52 75
53 75
54 75
55 75
56 75
57 75
58 75
59 75
60 75
41 76
42 76
43 76
44 76
45 76
46 76
47 76
49 76
50 76
51 76
52 76
53 76
55 76
56 76
57 76
58 76
59 76
60 76
41 77
42 77
44 77
45 77
46 77
47 77
49 77
50 77
51 77
52 77
53 77
55 77
56 77
58 77
60 77
41 78
42 78
43 78
47 78
48 78
49 78
50 78
51 78
53 78
54 78
55 78
56 78
58 78
59 78
60 78
41 79
42 79
43 79
45 79
48 79
52 79
53 79
55 79
56 79
57 79
58 79
59 79
60 79
42 80
43 80
44 80
45 80
46 80
47 80
48 80
50 80
52 80
53 80
55 80
56 80
57 80
58 80
59 80
60 80
61 81
63 81
64 81
65 81
66 81
67 81
68 81
69 81
70 81
71 81
72 81
73 81
74 81
75 81
76 81
77 81
78 81
79 81
80 81
61 82
62 82
65 82
66 82
67 82
68 82
70 82
71 82
74 82
76 82
77 82
78 82
79 82
61 83
62 83
63 83
65 83
67 83
68 83
69 83
70 83
71 83
72 83
73 83
75 83
76 83
77 83
78 83
79 83
62 84
63 84
64 84
67 84
68 84
70 84
71 84
72 84
74 84
76 84
77 84
78 84
80 84
61 85
62 85
64 85
65 85
66 85
68 85
70 85
71 85
72 85
73 85
74 85
75 85
76 85
77 85
78 85
79 85
61 86
62 86
63 86
64 86
66 86
67 86
69 86
74 86
75 86
76 86
77 86
79 86
80 86
61 87
62 87
63 87
64 87
65 87
66 87
67 87
68 87
69 87
70 87
71 87
72 87
73 87
74 87
75 87
76 87
78 87
61 88
63 88
64 88
65 88
66 88
67 88
68 88
69 88
70 88
71 88
72 88
73 88
74 88
75 88
77 88
78 88
79 88
80 88
61 89
62 89
63 89
64 89
65 89
68 89
69 89
70 89
71 89
72 89
73 89
74 89
75 89
76 89
77 89
78 89
79 89
80 89
62 90
65 90
66 90
67 90
68 90
70 90
71 90
72 90
73 90
74 90
75 90
76 90
77 90
78 90
79 90
80 90
61 91
63 91
64 91
66 91
67 91
68 91
69 91
70 91
71 91
74 91
75 91
76 91
78 91
79 91
61 92
62 92
63 92
64 92
65 92
66 92
68 92
70 92
71 92
72 92
73 92
74 92
76 92
77 92
78 92
80 92
61 93
62 93
63 93
64 93
65 93
66 93
67 93
68 93
69 93
70 93
74 93
76 93
78 93
79 93
62 94
63 94
64 94
65 94
66 94
67 94
68 94
69 94
70 94
72 94
74 94
75 94
76 94
79 94
80 94
62 95
63 95
64 95
65 95
66 95
68 95
70 95
71 95
72 95
73 95
74 95
76 95
77 95
79 95
80 95
61 96
63 96
64 96
65 96
66 96
67 96
68 96
70 96
72 96
73 96
74 96
76 96
77 96
78 96
79 96
80 96
61 97
62 97
63 97
65 97
66 97
68 97
69 97
70 97
71 97
72 97
74 97
75 97
76 97
77 97
79 97
80 97
61 98
62 98
63 98
64 98
65 98
68 98
69 98
70 98
71 98
72 98
73 98
75 98
76 98
77 98
78 98
79 98
80 98
61 99
64 99
65 99
66 99
67 99
69 99
70 99
71 99
72 99
73 99
74 99
75 99
76 99
78 99
79 99
80 99
61 100
62 100
63 100
64 100
65 100
66 100
67 100
68 100
69 100
71 100
72 100
73 100
74 100
75 100
76 100
77 100
78 100
79 100
80 100
81 101
83 101
84 101
85 101
86 101
88 101
89 101
90 101
91 101
92 101
93 101
94 101
95 101
97 101
98 101
100 101
81 102
82 102
83 102
84 102
85 102
86 102
87 102
88 102
91 102
93 102
94 102
95 102
96 102
97 102
98 102
99 102
100 102
81 103
82 103
84 103
85 103
86 103
87 103
89 103
91 103
92 103
93 103
94 103
97 103
99 103
100 103
81 104
82 104
84 104
86 104
87 104
89 104
90 104
91 104
92 104
94 104
95 104
96 104
97 104
99 104
100 104
81 105
83 105
84 105
85 105
86 105
87 105
89 105
91 105
92 105
93 105
94 105
95 105
97 105
98 105
99 105
100 105
82 106
83 106
84 106
85 106
86 106
87 106
88 106
89 106
90 106
92 106
93 106
94 106
95 106
99 106
100 106
81 107
83 107
85 107
87 107
89 107
91 107
92 107
93 107
94 107
95 107
97 107
99 107
81 108
84 108
85 108
86 108
88 108
89 108
90 108
91 108
92 108
93 108
94 108
95 108
96 108
97 108
98 108
99 108
81 109
83 109
85 109
87 109
88 109
90 109
91 109
93 109
94 109
95 109
97 109
99 109
100 109
81 110
82 110
83 110
85 110
88 110
89 110
90 110
91 110
92 110
93 110
94 110
95 110
96 110
97 110
98 110
99 110
81 111
82 111
83 111
84 111
88 111
89 111
90 111
91 111
92 111
93 111
94 111
96 111
99 111
100 111
83 112
85 112
87 112
88 112
89 112
90 112
91 112
92 112
93 112
94 112
95 112
96 112
98 112
81 113
82 113
83 113
84 113
86 113
88 113
89 113
91 113
92 113
93 113
94 113
95 113
96 113
97 113
100 113
81 114
82 114
83 114
84 114
85 114
87 114
89 114
90 114
91 114
93 114
94 114
95 114
97 114
98 114
99 114
100 114
82 115
83 115
84 115
86 115
87 115
88 115
89 115
91 115
92 115
93 115
94 115
95 115
96 115
97 115
98 115
99 115
81 116
82 116
85 116
86 116
87 116
88 116
90 116
94 116
97 116
98 116
100 116
81 117
82 117
84 117
85 117
86 117
89 117
90 117
91 117
92 117
93 117
94 117
95 117
97 117
98 117
100 117
81 118
83 118
84 118
87 118
89 118
90 118
91 118
92 118
95 118
96 118
97 118
98 118
99 118
82 119
83 119
84 119
85 119
88 119
89 119
90 119
92 119
95 119
96 119
97 119
100 119
81 120
82 120
83 120
84 120
85 120
86 120
87 120
90 120
91 120
92 120
94 120
95 120
96 120
98 120
100 120
101 121
102 121
103 121
104 121
105 121
106 121
107 121
108 121
109 121
110 121
112 121
114 121
115 121
116 121
117 121
118 121
119 121
120 121
101 122
102 122
103 122
104 122
105 122
107 122
108 122
109 122
110 122
111 122
112 122
113 122
116 122
117 122
119 122
101 123
102 123
103 123
106 123
107 123
108 123
110 123
113 123
116 123
118 123
119 123
120 123
101 124
102 124
103 124
104 124
106 124
107 124
108 124
109 124
110 124
111 124
112 124
113 124
114 124
115 124
116 124
117 124
119 124
120 124
101 125
102 125
103 125
104 125
108 125
109 125
110 125
111 125
113 125
114 125
115 125
116 125
117 125
119 125
102 126
104 126
105 126
106 126
107 126
108 126
109 126
110 126
112 126
113 126
114 126
115 126
116 126
117 126
119 126
120 126
101 127
102 127
103 127
104 127
106 127
107 127
112 127
114 127
115 127
116 127
117 127
118 127
119 127
120 127
101 128
102 128
103 128
104 128
105 128
106 128
107 128
109 128
110 128
112 128
113 128
114 128
117 128
118 128
119 128
120 128
101 129
102 129
104 129
106 129
107 129
108 129
109 129
110 129
111 129
112 129
113 129
114 129
115 129
118 129
119 129
101 130
102 130
104 130
106 130
107 130
108 130
109 130
110 130
111 130
112 130
113 130
115 130
116 130
117 130
118 130
119 130
120 130
101 131
103 131
104 131
105 131
106 131
109 131
110 131
111 131
112 131
113 131
115 131
117 131
118 131
119 131
120 131
102 132
103 132
104 132
105 132
106 132
107 132
108 132
109 132
110 132
112 132
115 132
116 132
118 132
119 132
120 132
101 133
102 133
103 133
104 133
105 133
106 133
107 133
108 133
110 133
111 133
112 133
113 133
114 133
115 133
116 133
117 133
102 134
104 134
105 134
106 134
107 134
108 134
110 134
112 134
113 134
114 134
115 134
117 134
118 134
119 134
120 134
102 135
103 135
104 135
108 135
109 135
111 135
112 135
114 135
117 135
118 135
119 135
120 135
102 136
103 136
104 136
105 136
106 136
107 136
109 136
110 136
111 136
113 136
115 136
116 136
118 136
119 136
101 137
102 137
103 137
104 137
106 137
108 137
109 137
111 137
112 137
113 137
114 137
115 137
116 137
118 137
119 137
120 137
101 138
102 138
108 138
109 138
112 138
113 138
114 138
115 138
116 138
118 138
119 138
120 138
101 139
102 139
103 139
105 139
108 139
109 139
112 139
113 139
114 139
116 139
117 139
118 139
119 139
102 140
104 140
105 140
106 140
107 140
109 140
110 140
111 140
112 140
114 140
115 140
116 140
119 140
120 140
122 141
123 141
124 141
125 141
126 141
127 141
128 141
129 141
131 141
132 141
134 141
135 141
136 141
137 141
138 141
139 141
122 142
123 142
124 142
125 142
127 142
128 142
129 142
130 142
131 142
133 142
134 142
136 142
137 142
140 142
121 143
123 143
124 143
126 143
127 143
128 143
129 143
130 143
131 143
132 143
133 143
134 143
136 143
138 143
139 143
140 143
121 144
122 144
124 144
125 144
126 144
127 144
128 144
130 144
132 144
133 144
135 144
136 144
137 144
138 144
139 144
140 144
121 145
122 145
124 145
125 145
126 145
127 145
129 145
130 145
131 145
132 145
134 145
135 145
137 145
138 145
139 145
140 145
121 146
124 146
125 146
126 146
127 146
128 146
129 146
130 146
131 146
133 146
134 146
135 146
136 146
138 146
139 146
140 146
121 147
122 147
124 147
125 147
128 147
129 147
130 147
131 147
132 147
133 147
134 147
136 147
137 147
138 147
139 147
140 147
121 148
122 148
123 148
124 148
125 148
127 148
128 148
129 148
131 148
132 148
133 148
135 148
136 148
137 148
139 148
121 149
123 149
125 149
126 149
128 149
129 149
132 149
133 149
134 149
136 149
137 149
138 149
139 149
121 150
123 150
125 150
126 150
127 150
128 150
129 150
130 150
131 150
132 150
134 150
135 150
137 150
138 150
139 150
121 151
122 151
123 151
124 151
126 151
127 151
128 151
130 151
131 151
132 151
133 151
134 151
135 151
137 151
138 151
139 151
140 151
121 152
122 152
123 152
124 152
125 152
126 152
127 152
128 152
130 152
131 152
132 152
133 152
135 152
136 152
138 152
140 152
122 153
125 153
126 153
127 153
128 153
130 153
131 153
132 153
136 153
137 153
138 153
139 153
140 153
123 154
124 154
126 154
127 154
128 154
129 154
132 154
133 154
134 154
135 154
136 154
137 154
138 154
139 154
140 154
121 155
122 155
124 155
125 155
126 155
127 155
128 155
131 155
132 155
134 155
135 155
136 155
137 155
138 155
139 155
140 155
121 156
122 156
123 156
124 156
125 156
128 156
129 156
131 156
132 156
133 156
134 156
135 156
136 156
139 156
140 156
121 157
122 157
123 157
124 157
125 157
126 157
127 157
128 157
129 157
130 157
132 157
133 157
134 157
136 157
137 157
138 157
139 157
140 157
121 158
122 158
124 158
125 158
126 158
128 158
129 158
131 158
132 158
133 158
134 158
136 158
138 158
139 158
140 158
121 159
122 159
123 159
124 159
126 159
127 159
128 159
129 159
130 159
131 159
132 159
133 159
134 159
135 159
136 159
137 159
140 159
121 160
123 160
124 160
126 160
128 160
130 160
133 160
134 160
135 160
137 160
138 160
139 160
140 160
141 161
142 161
143 161
144 161
145 161
146 161
147 161
148 161
149 161
150 161
151 161
152 161
153 161
155 161
156 161
157 161
158 161
159 161
160 161
141 162
142 162
143 162
144 162
148 162
150 162
151 162
152 162
153 162
154 162
155 162
156 162
158 162
159 162
141 163
142 163
144 163
145 163
146 163
147 163
149 163
150 163
151 163
152 163
153 163
155 163
156 163
158 163
159 163
160 163
141 164
142 164
143 164
144 164
145 164
147 164
150 164
151 164
152 164
153 164
154 164
155 164
156 164
157 164
159 164
160 164
141 165
142 165
144 165
147 165
148 165
150 165
151 165
152 165
153 165
154 165
155 165
156 165
157 165
159 165
160 165
141 166
142 166
144 166
145 166
146 166
148 166
149 166
151 166
152 166
154 166
155 166
157 166
159 166
160 166
141 167
144 167
145 167
146 167
148 167
149 167
150 167
152 167
153 167
156 167
157 167
158 167
159 167
160 167
141 168
142 168
146 168
147 168
148 168
149 168
152 168
153 168
154 168
155 168
156 168
157 168
158 168
159 168
160 168
141 169
143 169
146 169
147 169
148 169
149 169
150 169
151 169
152 169
153 169
154 169
156 169
157 169
158 169
142 170
144 170
145 170
146 170
147 170
150 170
151 170
153 170
154 170
155 170
157 170
158 170
141 171
142 171
144 171
146 171
147 171
149 171
150 171
153 171
154 171
155 171
156 171
158 171
160 171
142 172
143 172
144 172
145 172
146 172
148 172
149 172
150 172
151 172
153 172
155 172
156 172
157 172
158 172
160 172
141 173
142 173
143 173
144 173
145 173
146 173
147 173
148 173
149 173
150 173
151 173
152 173
154 173
155 173
156 173
157 173
158 173
159 173
160 173
141 174
142 174
145 174
146 174
147 174
148 174
149 174
150 174
151 174
152 174
153 174
157 174
158 174
159 174
160 174
141 175
142 175
143 175
145 175
146 175
147 175
149 175
150 175
151 175
152 175
154 175
155 175
157 175
158 175
159 175
143 176
144 176
146 176
147 176
148 176
149 176
150 176
151 176
152 176
153 176
155 176
156 176
157 176
158 176
159 176
160 176
141 177
142 177
143 177
144 177
145 177
146 177
149 177
150 177
151 177
152 177
154 177
155 177
156 177
157 177
158 177
159 177
160 177
141 178
142 178
144 178
145 178
146 178
148 178
149 178
150 178
151 178
152 178
153 178
155 178
157 178
160 178
141 179
142 179
143 179
144 179
146 179
148 179
151 179
152 179
155 179
156 179
157 179
158 179
159 179
160 179
141 180
142 180
144 180
146 180
147 180
148 180
149 180
151 180
152 180
153 180
154 180
155 180
156 180
158 180
159 180
160 180
163 181
165 181
167 181
168 181
170 181
171 181
172 181
173 181
175 181
176 181
179 181
180 181
161 182
162 182
163 182
164 182
166 182
168 182
169 182
170 182
171 182
172 182
173 182
174 182
175 182
176 182
177 182
178 182
179 182
180 182
161 183
162 183
163 183
165 183
166 183
167 183
168 183
171 183
173 183
174 183
176 183
177 183
178 183
162 184
163 184
164 184
165 184
168 184
170 184
171 184
172 184
173 184
175 184
176 184
178 184
179 184
180 184
161 185
162 185
163 185
164 185
165 185
166 185
167 185
168 185
169 185
170 185
171 185
172 185
173 185
176 185
178 185
179 185
180 185
161 186
162 186
163 186
164 186
165 186
166 186
167 186
168 186
169 186
170 186
172 186
173 186
174 186
175 186
176 186
177 186
178 186
179 186
180 186
161 187
162 187
163 187
164 187
168 187
169 187
171 187
172 187
173 187
174 187
176 187
177 187
178 187
179 187
180 187
161 188
163 188
164 188
166 188
167 188
168 188
169 188
171 188
172 188
173 188
174 188
176 188
177 188
178 188
179 188
161 189
162 189
163 189
164 189
166 189
168 189
172 189
173 189
174 189
175 189
176 189
177 189
178 189
179 189
161 190
162 190
163 190
164 190
165 190
167 190
168 190
169 190
170 190
172 190
173 190
174 190
175 190
177 190
178 190
179 190
162 191
163 191
164 191
165 191
166 191
167 191
168 191
169 191
170 191
172 191
173 191
174 191
175 191
177 191
178 191
180 191
161 192
162 192
164 192
166 192
167 192
168 192
169 192
170 192
171 192
172 192
173 192
174 192
175 192
176 192
178 192
180 192
162 193
163 193
164 193
165 193
166 193
167 193
168 193
169 193
170 193
171 193
172 193
174 193
176 193
177 193
178 193
179 193
161 194
162 194
163 194
166 194
167 194
168 194
169 194
172 194
173 194
174 194
177 194
178 194
179 194
180 194
162 195
163 195
164 195
165 195
167 195
168 195
169 195
170 195
171 195
172 195
173 195
174 195
175 195
176 195
177 195
178 195
179 195
180 195
161 196
162 196
163 196
164 196
165 196
166 196
167 196
168 196
169 196
170 196
171 196
172 196
174 196
176 196
177 196
178 196
179 196
180 196
161 197
162 197
163 197
164 197
165 197
166 197
167 197
168 197
170 197
171 197
176 197
177 197
178 197
179 197
161 198
163 198
164 198
165 198
166 198
167 198
169 198
172 198
173 198
174 198
175 198
176 198
177 198
179 198
180 198
161 199
162 199
163 199
164 199
165 199
166 199
168 199
169 199
170 199
171 199
172 199
174 199
176 199
177 199
178 199
179 199
162 200
163 200
164 200
165 200
166 200
168 200
169 200
170 200
171 200
173 200
174 200
175 200
176 200
177 200
178 200
180 200
182 201
184 201
185 201
186 201
187 201
188 201
190 201
191 201
192 201
193 201
194 201
195 201
196 201
197 201
198 201
199 201
200 201
181 202
182 202
184 202
185 202
186 202
187 202
190 202
192 202
193 202
194 202
196 202
197 202
198 202
200 202
181 203
182 203
183 203
184 203
185 203
186 203
187 203
188 203
192 203
193 203
195 203
197 203
200 203
182 204
183 204
185 204
186 204
187 204
188 204
189 204
192 204
193 204
194 204
196 204
198 204
199 204
181 205
182 205
183 205
184 205
185 205
188 205
191 205
192 205
193 205
195 205
196 205
197 205
198 205
199 205
200 205
181 206
182 206
184 206
185 206
186 206
187 206
188 206
189 206
190 206
191 206
192 206
193 206
194 206
196 206
197 206
199 206
181 207
182 207
183 207
186 207
187 207
188 207
190 207
191 207
192 207
193 207
194 207
196 207
198 207
199 207
200 207
183 208
184 208
189 208
190 208
191 208
192 208
193 208
195 208
196 208
198 208
200 208
181 209
182 209
184 209
185 209
188 209
189 209
190 209
191 209
192 209
194 209
195 209
196 209
198 209
199 209
200 209
182 210
183 210
185 210
186 210
189 210
190 210
191 210
193 210
195 210
197 210
198 210
199 210
200 210
182 211
183 211
185 211
186 211
187 211
189 211
190 211
191 211
193 211
196 211
198 211
200 211
181 212
183 212
184 212
185 212
186 212
187 212
188 212
189 212
191 212
192 212
193 212
194 212
196 212
197 212
198 212
199 212
200 212
181 213
182 213
183 213
185 213
186 213
187 213
188 213
189 213
190 213
191 213
192 213
193 213
194 213
195 213
196 213
197 213
198 213
200 213
181 214
182 214
183 214
185 214
186 214
187 214
189 214
190 214
191 214
193 214
195 214
196 214
197 214
199 214
200 214
181 215
184 215
187 215
188 215
189 215
190 215
193 215
194 215
195 215
196 215
198 215
199 215
181 216
182 216
184 216
186 216
187 216
189 216
190 216
192 216
194 216
197 216
198 216
199 216
200 216
181 217
183 217
185 217
186 217
190 217
195 217
196 217
197 217
198 217
199 217
200 217
182 218
183 218
184 218
185 218
186 218
187 218
188 218
189 218
190 218
191 218
192 218
193 218
194 218
195 218
196 218
197 218
181 219
182 219
183 219
184 219
186 219
187 219
189 219
191 219
193 219
194 219
196 219
197 219
198 219
199 219
200 219
181 220
182 220
183 220
184 220
185 220
186 220
187 220
188 220
189 220
190 220
191 220
192 220
196 220
198 220
199 220
201 221
202 221
203 221
205 221
206 221
207 221
210 221
211 221
213 221
214 221
215 221
216 221
218 221
219 221
202 222
203 222
204 222
206 222
208 222
209 222
211 222
212 222
213 222
214 222
215 222
216 222
217 222
219 222
201 223
202 223
204 223
207 223
208 223
209 223
210 223
211 223
212 223
214 223
215 223
216 223
217 223
218 223
219 223
220 223
201 224
202 224
204 224
206 224
208 224
209 224
210 224
211 224
212 224
213 224
214 224
215 224
217 224
219 224
220 224
202 225
204 225
206 225
207 225
209 225
210 225
211 225
212 225
213 225
214 225
215 225
216 225
218 225
219 225
201 226
202 226
203 226
204 226
205 226
206 226
207 226
208 226
209 226
210 226
213 226
214 226
215 226
217 226
218 226
219 226
220 226
202 227
203 227
204 227
205 227
206 227
207 227
208 227
210 227
211 227
212 227
215 227
216 227
217 227
218 227
220 227
201 228
202 228
203 228
205 228
206 228
207 228
209 228
211 228
213 228
214 228
215 228
216 228
217 228
218 228
219 228
220 228
201 229
203 229
204 229
205 229
206 229
208 229
209 229
210 229
211 229
212 229
213 229
214 229
215 229
217 229
218 229
219 229
220 229
201 230
202 230
203 230
204 230
205 230
209 230
210 230
211 230
212 230
213 230
214 230
215 230
216 230
219 230
220 230
202 231
206 231
207 231
208 231
209 231
211 231
212 231
213 231
219 231
220 231
201 232
202 232
203 232
204 232
205 232
206 232
207 232
210 232
211 232
213 232
214 232
215 232
216 232
218 232
219 232
201 233
202 233
204 233
206 233
207 233
208 233
209 233
210 233
211 233
215 233
218 233
219 233
201 234
202 234
203 234
204 234
205 234
206 234
209 234
211 234
212 234
213 234
214 234
215 234
216 234
217 234
219 234
220 234
201 235
202 235
203 235
204 235
207 235
209 235
212 235
213 235
214 235
215 235
216 235
218 235
219 235
220 235
201 236
202 236
203 236
206 236
207 236
208 236
209 236
210 236
211 236
215 236
216 236
217 236
218 236
201 237
202 237
203 237
205 237
206 237
208 237
210 237
212 237
214 237
217 237
218 237
219 237
220 237
203 238
205 238
206 238
207 238
208 238
210 238
211 238
212 238
213 238
215 238
216 238
217 238
219 238
220 238
201 239
202 239
203 239
204 239
205 239
208 239
209 239
210 239
211 239
212 239
213 239
214 239
215 239
216 239
217 239
218 239
219 239
220 239
202 240
203 240
204 240
205 240
206 240
207 240
208 240
209 240
211 240
212 240
213 240
214 240
215 240
217 240
218 240
219 240
220 240
223 241
224 241
225 241
226 241
227 241
228 241
229 241
230 241
231 241
234 241
236 241
237 241
239 241
240 241
221 242
222 242
224 242
225 242
226 242
227 242
228 242
229 242
231 242
233 242
234 242
235 242
236 242
237 242
239 242
240 242
223 243
224 243
225 243
228 243
230 243
231 243
232 243
233 243
234 243
235 243
237 243
238 243
239 243
221 244
222 244
223 244
224 244
225 244
226 244
227 244
228 244
230 244
232 244
233 244
234 244
235 244
236 244
237 244
238 244
239 244
240 244
221 245
222 245
223 245
224 245
226 245
227 245
230 245
231 245
232 245
234 245
235 245
237 245
239 245
221 246
222 246
223 246
225 246
227 246
228 246
231 246
232 246
233 246
235 246
236 246
237 246
239 246
240 246
221 247
223 247
225 247
226 247
227 247
228 247
229 247
230 247
231 247
233 247
234 247
236 247
237 247
238 247
239 247
240 247
221 248
222 248
224 248
227 248
228 248
229 248
230 248
231 248
232 248
234 248
235 248
236 248
237 248
239 248
240 248
221 249
222 249
224 249
226 249
228 249
230 249
231 249
232 249
234 249
235 249
239 249
240 249
221 250
222 250
223 250
225 250
226 250
228 250
229 250
230 250
231 250
232 250
233 250
234 250
235 250
236 250
237 250
238 250
240 250
221 251
223 251
224 251
225 251
226 251
227 251
229 251
230 251
233 251
236 251
238 251
239 251
221 252
222 252
223 252
224 252
226 252
227 252
228 252
229 252
231 252
232 252
234 252
235 252
236 252
237 252
238 252
239 252
240 252
221 253
222 253
224 253
226 253
227 253
228 253
230 253
231 253
232 253
233 253
234 253
235 253
236 253
237 253
238 253
239 253
240 253
222 254
225 254
226 254
227 254
228 254
229 254
230 254
231 254
233 254
234 254
235 254
237 254
238 254
239 254
240 254
221 255
223 255
224 255
225 255
226 255
227 255
228 255
230 255
233 255
234 255
238 255
239 255
221 256
222 256
229 256
230 256
232 256
233 256
235 256
236 256
237 256
238 256
240 256
221 257
222 257
223 257
224 257
227 257
228 257
230 257
231 257
232 257
233 257
234 257
236 257
237 257
238 257
239 257
240 257
222 258
224 258
225 258
226 258
227 258
228 258
229 258
231 258
232 258
233 258
234 258
235 258
236 258
237 258
238 258
240 258
221 259
222 259
223 259
224 259
225 259
226 259
227 259
228 259
229 259
230 259
231 259
233 259
234 259
235 259
236 259
237 259
238 259
239 259
221 260
222 260
224 260
225 260
227 260
228 260
230 260
231 260
232 260
233 260
234 260
235 260
237 260
238 260
239 260
241 261
243 261
245 261
246 261
247 261
250 261
253 261
254 261
255 261
256 261
258 261
260 261
242 262
243 262
244 262
245 262
246 262
247 262
248 262
249 262
250 262
252 262
253 262
254 262
255 262
256 262
257 262
258 262
259 262
260 262
241 263
242 263
243 263
244 263
246 263
247 263
248 263
249 263
250 263
251 263
253 263
254 263
255 263
256 263
257 263
258 263
259 263
241 264
242 264
243 264
244 264
245 264
250 264
251 264
252 264
254 264
255 264
256 264
257 264
258 264
259 264
260 264
243 265
244 265
245 265
246 265
247 265
248 265
250 265
251 265
252 265
253 265
254 265
256 265
257 265
259 265
260 265
241 266
242 266
243 266
245 266
246 266
247 266
248 266
250 266
251 266
252 266
253 266
254 266
255 266
241 267
243 267
244 267
245 267
249 267
250 267
251 267
253 267
254 267
255 267
257 267
258 267
260 267
241 268
242 268
243 268
244 268
245 268
246 268
247 268
248 268
251 268
253 268
255 268
257 268
259 268
241 269
242 269
244 269
245 269
246 269
248 269
249 269
251 269
253 269
254 269
255 269
256 269
257 269
258 269
259 269
260 269
241 270
242 270
243 270
244 270
245 270
246 270
251 270
252 270
253 270
254 270
255 270
256 270
258 270
259 270
260 270
242 271
244 271
245 271
246 271
247 271
249 271
250 271
251 271
253 271
254 271
255 271
256 271
257 271
258 271
259 271
241 272
242 272
243 272
245 272
246 272
248 272
249 272
251 272
253 272
254 272
255 272
256 272
257 272
258 272
259 272
260 272
244 273
245 273
247 273
248 273
249 273
250 273
251 273
253 273
254 273
255 273
256 273
258 273
241 274
242 274
245 274
246 274
247 274
250 274
251 274
252 274
253 274
254 274
255 274
256 274
257 274
258 274
260 274
244 275
245 275
248 275
250 275
252 275
253 275
254 275
255 275
256 275
257 275
259 275
260 275
243 276
246 276
247 276
250 276
252 276
253 276
254 276
255 276
256 276
259 276
260 276
241 277
242 277
243 277
244 277
245 277
246 277
247 277
248 277
249 277
250 277
251 277
253 277
254 277
255 277
256 277
257 277
259 277
260 277
241 278
243 278
244 278
245 278
246 278
248 278
249 278
251 278
252 278
256 278
257 278
258 278
259 278
260 278
241 279
242 279
245 279
247 279
248 279
249 279
250 279
251 279
252 279
253 279
254 279
255 279
256 279
258 279
241 280
242 280
244 280
245 280
247 280
248 280
249 280
250 280
251 280
252 280
253 280
254 280
255 280
257 280
258 280
259 280
261 281
262 281
264 281
265 281
266 281
272 281
274 281
278 281
279 281
280 281
261 282
262 282
263 282
264 282
265 282
266 282
267 282
268 282
270 282
272 282
273 282
275 282
276 282
277 282
278 282
279 282
280 282
261 283
263 283
264 283
265 283
266 283
269 283
270 283
271 283
272 283
273 283
274 283
275 283
276 283
278 283
279 283
280 283
261 284
262 284
263 284
265 284
266 284
267 284
268 284
269 284
271 284
272 284
273 284
274 284
276 284
277 284
278 284
279 284
280 284
261 285
262 285
263 285
264 285
265 285
266 285
267 285
268 285
271 285
272 285
274 285
277 285
278 285
279 285
280 285
261 286
264 286
265 286
266 286
267 286
268 286
269 286
270 286
271 286
272 286
273 286
274 286
275 286
276 286
277 286
278 286
279 286
261 287
262 287
264 287
265 287
267 287
269 287
270 287
271 287
272 287
273 287
275 287
276 287
277 287
278 287
280 287
262 288
263 288
265 288
267 288
268 288
269 288
270 288
271 288
272 288
274 288
275 288
276 288
277 288
280 288
261 289
262 289
263 289
264 289
265 289
266 289
267 289
269 289
270 289
271 289
272 289
273 289
274 289
275 289
277 289
280 289
261 290
262 290
263 290
264 290
266 290
267 290
268 290
269 290
270 290
272 290
274 290
278 290
279 290
280 290
261 291
262 291
264 291
265 291
266 291
267 291
268 291
269 291
270 291
271 291
272 291
273 291
274 291
275 291
277 291
278 291
279 291
280 291
262 292
263 292
266 292
267 292
268 292
269 292
270 292
271 292
272 292
273 292
275 292
277 292
278 292
280 292
261 293
262 293
263 293
265 293
266 293
268 293
269 293
272 293
273 293
274 293
275 293
276 293
261 294
262 294
263 294
265 294
266 294
267 294
269 294
270 294
271 294
272 294
273 294
275 294
276 294
277 294
279 294
261 295
262 295
264 295
268 295
269 295
270 295
271 295
272 295
274 295
275 295
276 295
277 295
280 295
261 296
262 296
263 296
264 296
265 296
266 296
267 296
268 296
269 296
272 296
273 296
274 296
275 296
276 296
277 296
278 296
279 296
280 296
261 297
262 297
264 297
266 297
267 297
268 297
269 297
270 297
271 297
272 297
273 297
274 297
275 297
276 297
277 297
278 297
279 297
262 298
264 298
266 298
268 298
271 298
272 298
273 298
275 298
277 298
278 298
280 298
261 299
264 299
266 299
268 299
269 299
270 299
271 299
273 299
275 299
276 299
277 299
278 299
279 299
261 300
262 300
263 300
264 300
265 300
266 300
267 300
268 300
269 300
270 300
271 300
272 300
273 300
274 300
275 300
276 300
277 300
278 300
279 300
280 300
281 301
282 301
283 301
285 301
288 301
289 301
290 301
291 301
292 301
293 301
294 301
295 301
296 301
297 301
298 301
281 302
282 302
283 302
284 302
285 302
286 302
287 302
288 302
289 302
290 302
291 302
292 302
293 302
294 302
295 302
298 302
300 302
283 303
285 303
286 303
287 303
288 303
289 303
290 303
291 303
292 303
293 303
294 303
295 303
296 303
297 303
298 303
299 303
300 303
281 304
282 304
283 304
284 304
285 304
286 304
287 304
289 304
290 304
291 304
292 304
294 304
295 304
296 304
297 304
298 304
299 304
300 304
281 305
283 305
284 305
285 305
287 305
289 305
290 305
293 305
294 305
295 305
296 305
297 305
298 305
281 306
282 306
283 306
286 306
288 306
289 306
290 306
292 306
293 306
294 306
295 306
296 306
299 306
281 307
282 307
283 307
285 307
286 307
287 307
288 307
289 307
290 307
293 307
294 307
295 307
296 307
297 307
298 307
300 307
281 308
282 308
285 308
286 308
288 308
289 308
291 308
292 308
293 308
294 308
297 308
298 308
299 308
300 308
281 309
282 309
283 309
284 309
285 309
286 309
287 309
288 309
290 309
291 309
292 309
293 309
294 309
295 309
296 309
297 309
298 309
281 310
282 310
283 310
284 310
285 310
286 310
287 310
288 310
289 310
290 310
291 310
292 310
294 310
295 310
296 310
298 310
299 310
300 310
281 311
284 311
286 311
288 311
289 311
291 311
292 311
293 311
294 311
295 311
296 311
297 311
298 311
299 311
281 312
282 312
285 312
290 312
291 312
293 312
294 312
295 312
296 312
300 312
281 313
282 313
283 313
284 313
286 313
287 313
288 313
292 313
294 313
295 313
298 313
299 313
281 314
282 314
283 314
284 314
285 314
286 314
287 314
290 314
291 314
292 314
293 314
294 314
296 314
297 314
298 314
300 314
282 315
283 315
284 315
285 315
287 315
288 315
289 315
292 315
293 315
295 315
296 315
297 315
298 315
299 315
281 316
282 316
283 316
284 316
285 316
286 316
287 316
288 316
289 316
290 316
291 316
293 316
294 316
295 316
296 316
298 316
299 316
300 316
281 317
282 317
284 317
285 317
288 317
292 317
293 317
295 317
296 317
297 317
299 317
300 317
281 318
282 318
283 318
284 318
285 318
288 318
289 318
290 318
291 318
292 318
293 318
294 318
296 318
297 318
298 318
299 318
281 319
282 319
284 319
285 319
286 319
287 319
288 319
289 319
290 319
291 319
292 319
293 319
295 319
296 319
297 319
299 319
281 320
282 320
284 320
285 320
286 320
290 320
291 320
293 320
294 320
295 320
296 320
297 320
298 320
299 320
300 320
302 321
303 321
305 321
306 321
307 321
308 321
309 321
311 321
312 321
313 321
314 321
315 321
316 321
318 321
319 321
320 321
301 322
304 322
308 322
309 322
310 322
312 322
313 322
314 322
315 322
316 322
317 322
319 322
320 322
302 323
303 323
306 323
307 323
309 323
310 323
311 323
312 323
313 323
314 323
315 323
316 323
317 323
318 323
320 323
301 324
302 324
304 324
305 324
306 324
308 324
309 324
310 324
311 324
312 324
313 324
314 324
316 324
317 324
318 324
320 324
302 325
304 325
305 325
306 325
308 325
309 325
310 325
313 325
314 325
315 325
317 325
302 326
303 326
304 326
305 326
307 326
308 326
309 326
310 326
311 326
312 326
313 326
314 326
315 326
316 326
317 326
318 326
319 326
320 326
301 327
302 327
303 327
304 327
305 327
306 327
307 327
308 327
309 327
310 327
312 327
313 327
314 327
315 327
316 327
317 327
318 327
319 327
303 328
305 328
306 328
307 328
308 328
309 328
310 328
311 328
312 328
313 328
314 328
315 328
316 328
318 328
319 328
320 328
301 329
302 329
303 329
304 329
305 329
306 329
307 329
309 329
310 329
311 329
312 329
313 329
314 329
316 329
317 329
318 329
319 329
320 329
301 330
302 330
304 330
305 330
306 330
307 330
309 330
311 330
312 330
313 330
315 330
317 330
320 330
303 331
305 331
306 331
307 331
308 331
309 331
310 331
311 331
312 331
313 331
314 331
316 331
317 331
319 331
320 331
301 332
303 332
304 332
305 332
306 332
307 332
308 332
309 332
310 332
312 332
313 332
314 332
315 332
316 332
317 332
318 332
319 332
320 332
301 333
302 333
303 333
305 333
307 333
308 333
309 333
310 333
311 333
312 333
313 333
315 333
316 333
317 333
318 333
320 333
301 334
303 334
304 334
305 334
306 334
307 334
311 334
313 334
314 334
315 334
318 334
320 334
301 335
302 335
303 335
305 335
306 335
307 335
309 335
310 335
311 335
312 335
313 335
314 335
315 335
316 335
317 335
318 335
320 335
301 336
302 336
303 336
304 336
307 336
310 336
311 336
312 336
313 336
314 336
317 336
318 336
319 336
320 336
301 337
302 337
303 337
305 337
306 337
307 337
309 337
310 337
312 337
315 337
316 337
318 337
319 337
320 337
301 338
302 338
303 338
305 338
306 338
308 338
309 338
310 338
311 338
312 338
313 338
314 338
315 338
316 338
318 338
319 338
320 338
301 339
302 339
303 339
304 339
305 339
306 339
307 339
308 339
309 339
311 339
312 339
313 339
314 339
315 339
316 339
317 339
318 339
319 339
301 340
302 340
305 340
306 340
308 340
309 340
310 340
312 340
314 340
315 340
316 340
318 340
319 340
320 340
321 341
322 341
323 341
324 341
325 341
326 341
327 341
328 341
329 341
332 341
333 341
334 341
335 341
336 341
337 341
338 341
339 341
340 341
322 342
323 342
324 342
325 342
326 342
327 342
334 342
335 342
337 342
339 342
323 343
324 343
325 343
327 343
329 343
330 343
331 343
332 343
333 343
334 343
336 343
337 343
338 343
339 343
321 344
322 344
323 344
324 344
325 344
327 344
328 344
329 344
330 344
332 344
333 344
334 344
335 344
337 344
338 344
339 344
340 344
321 345
323 345
324 345
325 345
326 345
327 345
328 345
330 345
332 345
333 345
336 345
337 345
338 345
340 345
322 346
323 346
324 346
326 346
327 346
330 346
331 346
332 346
336 346
337 346
339 346
340 346
321 347
322 347
323 347
324 347
325 347
326 347
327 347
328 347
329 347
330 347
331 347
332 347
333 347
335 347
336 347
337 347
338 347
339 347
340 347
321 348
323 348
324 348
327 348
328 348
329 348
330 348
332 348
333 348
334 348
336 348
337 348
338 348
321 349
322 349
323 349
324 349
325 349
326 349
327 349
328 349
329 349
330 349
331 349
332 349
333 349
335 349
336 349
337 349
338 349
339 349
340 349
321 350
322 350
323 350
324 350
325 350
327 350
328 350
329 350
330 350
331 350
332 350
333 350
335 350
336 350
337 350
338 350
321 351
322 351
324 351
327 351
328 351
329 351
330 351
331 351
332 351
334 351
335 351
336 351
337 351
338 351
339 351
340 351
321 352
322 352
324 352
325 352
328 352
329 352
331 352
333 352
334 352
337 352
338 352
339 352
321 353
322 353
324 353
325 353
326 353
327 353
328 353
329 353
330 353
333 353
335 353
336 353
338 353
339 353
321 354
322 354
323 354
327 354
328 354
329 354
330 354
332 354
333 354
334 354
336 354
339 354
340 354
321 355
322 355
323 355
324 355
325 355
326 355
327 355
328 355
329 355
330 355
331 355
333 355
334 355
336 355
337 355
338 355
339 355
340 355
321 356
324 356
325 356
326 356
327 356
328 356
330 356
331 356
334 356
336 356
337 356
338 356
321 357
322 357
323 357
324 357
325 357
326 357
329 357
330 357
332 357
334 357
336 357
337 357
339 357
340 357
321 358
322 358
323 358
324 358
325 358
327 358
328 358
329 358
331 358
332 358
333 358
334 358
335 358
337 358
338 358
339 358
340 358
321 359
322 359
324 359
325 359
326 359
327 359
328 359
329 359
330 359
332 359
333 359
334 359
336 359
337 359
339 359
321 360
322 360
323 360
326 360
327 360
328 360
329 360
331 360
332 360
334 360
336 360
337 360
338 360
339 360
341 361
342 361
344 361
345 361
346 361
348 361
351 361
352 361
353 361
355 361
356 361
357 361
358 361
359 361
360 361
341 362
342 362
343 362
346 362
347 362
348 362
349 362
350 362
351 362
352 362
353 362
354 362
355 362
356 362
357 362
358 362
359 362
360 362
342 363
345 363
346 363
347 363
350 363
351 363
353 363
358 363
359 363
341 364
343 364
345 364
347 364
348 364
349 364
350 364
352 364
354 364
355 364
358 364
359 364
360 364
341 365
343 365
346 365
347 365
348 365
349 365
351 365
352 365
353 365
354 365
357 365
358 365
359 365
360 365
341 366
342 366
344 366
346 366
347 366
348 366
349 366
350 366
351 366
352 366
353 366
356 366
357 366
359 366
360 366
341 367
342 367
343 367
344 367
346 367
347 367
348 367
351 367
352 367
353 367
354 367
356 367
357 367
358 367
359 367
360 367
341 368
344 368
345 368
347 368
348 368
349 368
351 368
353 368
354 368
355 368
356 368
357 368
359 368
360 368
341 369
342 369
343 369
345 369
347 369
349 369
350 369
351 369
352 369
355 369
357 369
358 369
359 369
360 369
341 370
342 370
343 370
346 370
348 370
349 370
350 370
351 370
354 370
356 370
359 370
360 370
341 371
342 371
344 371
345 371
346 371
347 371
351 371
352 371
353 371
354 371
357 371
358 371
359 371
360 371
341 372
343 372
344 372
348 372
349 372
350 372
351 372
352 372
353 372
354 372
355 372
356 372
357 372
360 372
342 373
343 373
344 373
345 373
346 373
348 373
351 373
352 373
353 373
354 373
355 373
356 373
357 373
358 373
359 373
360 373
341 374
346 374
347 374
348 374
349 374
350 374
351 374
352 374
353 374
354 374
356 374
357 374
358 374
359 374
360 374
341 375
342 375
343 375
346 375
347 375
349 375
350 375
351 375
354 375
355 375
356 375
358 375
360 375
341 376
342 376
343 376
344 376
345 376
346 376
347 376
348 376
349 376
350 376
351 376
352 376
353 376
354 376
355 376
356 376
357 376
358 376
359 376
360 376
341 377
342 377
343 377
344 377
345 377
346 377
347 377
348 377
349 377
350 377
351 377
352 377
353 377
355 377
356 377
358 377
359 377
360 377
341 378
342 378
343 378
344 378
345 378
346 378
347 378
348 378
349 378
350 378
351 378
352 378
354 378
355 378
356 378
357 378
342 379
344 379
345 379
346 379
347 379
348 379
349 379
351 379
352 379
353 379
354 379
355 379
357 379
359 379
360 379
344 380
345 380
346 380
348 380
349 380
351 380
352 380
353 380
354 380
355 380
356 380
357 380
358 380
359 380
360 380
361 381
362 381
363 381
365 381
366 381
368 381
369 381
373 381
374 381
375 381
376 381
379 381
380 381
361 382
362 382
364 382
365 382
366 382
367 382
368 382
370 382
371 382
372 382
373 382
375 382
376 382
377 382
378 382
379 382
380 382
361 383
362 383
365 383
367 383
368 383
369 383
371 383
372 383
374 383
375 383
376 383
377 383
378 383
380 383
361 384
362 384
364 384
365 384
367 384
368 384
370 384
372 384
375 384
376 384
378 384
379 384
380 384
361 385
363 385
364 385
366 385
368 385
370 385
371 385
372 385
373 385
374 385
375 385
377 385
378 385
380 385
361 386
362 386
363 386
364 386
365 386
366 386
369 386
371 386
372 386
374 386
378 386
379 386
380 386
361 387
363 387
364 387
366 387
367 387
368 387
371 387
372 387
373 387
374 387
375 387
376 387
377 387
378 387
379 387
362 388
365 388
366 388
367 388
368 388
369 388
370 388
371 388
372 388
373 388
376 388
377 388
378 388
379 388
380 388
361 389
362 389
363 389
364 389
366 389
367 389
368 389
369 389
370 389
371 389
372 389
374 389
375 389
377 389
378 389
379 389
380 389
361 390
365 390
367 390
368 390
369 390
370 390
371 390
372 390
374 390
375 390
376 390
378 390
380 390
361 391
362 391
364 391
365 391
367 391
368 391
369 391
370 391
371 391
372 391
374 391
376 391
377 391
378 391
379 391
380 391
361 392
362 392
363 392
364 392
365 392
366 392
367 392
368 392
369 392
370 392
371 392
372 392
373 392
374 392
375 392
376 392
377 392
378 392
380 392
361 393
362 393
363 393
365 393
366 393
368 393
369 393
370 393
372 393
373 393
374 393
376 393
377 393
378 393
361 394
362 394
363 394
367 394
368 394
369 394
370 394
371 394
373 394
376 394
377 394
378 394
379 394
380 394
361 395
362 395
364 395
365 395
366 395
367 395
368 395
369 395
370 395
371 395
372 395
373 395
374 395
375 395
376 395
377 395
378 395
379 395
380 395
361 396
362 396
363 396
364 396
365 396
367 396
368 396
370 396
371 396
373 396
375 396
376 396
378 396
379 396
361 397
362 397
363 397
366 397
367 397
368 397
369 397
371 397
372 397
377 397
378 397
379 397
380 397
361 398
362 398
365 398
368 398
369 398
373 398
374 398
375 398
377 398
378 398
379 398
380 398
361 399
362 399
363 399
364 399
365 399
368 399
369 399
370 399
371 399
372 399
373 399
374 399
375 399
376 399
378 399
379 399
361 400
362 400
363 400
365 400
366 400
367 400
368 400
369 400
370 400
371 400
372 400
373 400
374 400
375 400
376 400
377 400
378 400
379 400
380 400
381 401
383 401
384 401
385 401
386 401
387 401
388 401
389 401
390 401
391 401
393 401
394 401
396 401
398 401
399 401
400 401
381 402
382 402
384 402
385 402
386 402
387 402
388 402
390 402
391 402
392 402
394 402
396 402
397 402
398 402
399 402
400 402
381 403
383 403
384 403
385 403
386 403
387 403
390 403
391 403
392 403
393 403
394 403
395 403
397 403
398 403
399 403
400 403
382 404
383 404
384 404
385 404
386 404
387 404
388 404
389 404
390 404
391 404
392 404
393 404
394 404
395 404
396 404
397 404
398 404
381 405
383 405
386 405
388 405
389 405
390 405
391 405
392 405
393 405
395 405
396 405
397 405
398 405
400 405
381 406
382 406
384 406
385 406
387 406
388 406
389 406
390 406
392 406
393 406
394 406
395 406
397 406
398 406
399 406
400 406
381 407
382 407
383 407
384 407
386 407
388 407
389 407
390 407
393 407
396 407
398 407
399 407
400 407
381 408
383 408
384 408
387 408
388 408
389 408
390 408
391 408
393 408
394 408
396 408
398 408
400 408
383 409
384 409
385 409
386 409
387 409
391 409
392 409
393 409
394 409
395 409
396 409
397 409
399 409
400 409
382 410
383 410
384 410
385 410
387 410
388 410
392 410
393 410
394 410
395 410
396 410
397 410
398 410
399 410
400 410
381 411
382 411
384 411
385 411
386 411
388 411
389 411
390 411
391 411
392 411
393 411
395 411
396 411
397 411
400 411
383 412
384 412
385 412
386 412
387 412
388 412
389 412
391 412
392 412
396 412
397 412
398 412
399 412
381 413
384 413
387 413
388 413
390 413
392 413
393 413
394 413
395 413
396 413
397 413
398 413
381 414
382 414
383 414
384 414
385 414
386 414
387 414
388 414
389 414
390 414
391 414
392 414
393 414
396 414
397 414
398 414
381 415
386 415
387 415
388 415
389 415
390 415
391 415
392 415
394 415
395 415
396 415
397 415
398 415
400 415
381 416
382 416
384 416
385 416
386 416
390 416
391 416
392 416
393 416
394 416
395 416
396 416
398 416
399 416
400 416
381 417
382 417
384 417
385 417
387 417
388 417
389 417
390 417
391 417
392 417
393 417
395 417
396 417
397 417
398 417
400 417
381 418
383 418
384 418
387 418
388 418
389 418
390 418
396 418
397 418
398 418
400 418
381 419
383 419
385 419
386 419
388 419
390 419
391 419
392 419
393 419
394 419
395 419
397 419
399 419
381 420
383 420
384 420
389 420
390 420
393 420
395 420
396 420
397 420
399 420
400 420
401 421
402 421
403 421
405 421
406 421
410 421
411 421
412 421
413 421
415 421
416 421
417 421
418 421
419 421
420 421
401 422
402 422
403 422
404 422
405 422
406 422
407 422
408 422
410 422
411 422
412 422
413 422
414 422
415 422
416 422
418 422
419 422
401 423
402 423
403 423
404 423
405 423
406 423
407 423
408 423
409 423
410 423
412 423
413 423
414 423
415 423
417 423
418 423
419 423
420 423
401 424
402 424
403 424
404 424
406 424
407 424
408 424
409 424
410 424
413 424
414 424
415 424
416 424
417 424
420 424
401 425
403 425
405 425
406 425
407 425
408 425
409 425
411 425
412 425
413 425
414 425
415 425
416 425
418 425
419 425
420 425
404 426
405 426
406 426
407 426
408 426
409 426
410 426
411 426
413 426
414 426
415 426
417 426
419 426
420 426
401 427
402 427
403 427
404 427
405 427
406 427
407 427
410 427
411 427
412 427
413 427
414 427
415 427
416 427
417 427
418 427
419 427
420 427
401 428
402 428
403 428
406 428
410 428
412 428
413 428
415 428
417 428
418 428
419 428
420 428
401 429
402 429
403 429
404 429
407 429
408 429
409 429
410 429
411 429
413 429
414 429
415 429
416 429
418 429
419 429
401 430
403 430
405 430
406 430
407 430
408 430
409 430
410 430
411 430
412 430
413 430
414 430
415 430
416 430
417 430
418 430
419 430
420 430
402 431
404 431
405 431
406 431
407 431
409 431
410 431
411 431
413 431
415 431
417 431
418 431
419 431
420 431
401 432
403 432
404 432
405 432
407 432
408 432
409 432
410 432
411 432
412 432
413 432
415 432
416 432
417 432
418 432
419 432
420 432
401 433
403 433
404 433
405 433
406 433
408 433
409 433
410 433
411 433
413 433
414 433
415 433
417 433
418 433
419 433
420 433
401 434
402 434
403 434
404 434
405 434
406 434
407 434
409 434
410 434
411 434
412 434
413 434
414 434
415 434
418 434
419 434
420 434
401 435
402 435
403 435
404 435
405 435
406 435
409 435
410 435
411 435
412 435
413 435
414 435
417 435
419 435
402 436
403 436
404 436
405 436
406 436
409 436
412 436
413 436
414 436
415 436
417 436
418 436
419 436
401 437
402 437
403 437
404 437
405 437
406 437
407 437
408 437
410 437
411 437
412 437
414 437
415 437
416 437
417 437
418 437
419 437
420 437
402 438
403 438
404 438
405 438
406 438
407 438
408 438
409 438
410 438
411 438
412 438
413 438
414 438
415 438
416 438
417 438
418 438
419 438
401 439
402 439
404 439
405 439
406 439
407 439
409 439
410 439
412 439
413 439
414 439
415 439
416 439
417 439
418 439
419 439
401 440
402 440
403 440
406 440
407 440
409 440
412 440
413 440
414 440
415 440
417 440
419 440
420 440
421 441
422 441
423 441
425 441
426 441
427 441
428 441
429 441
430 441
432 441
433 441
434 441
435 441
436 441
437 441
421 442
422 442
425 442
427 442
428 442
430 442
431 442
432 442
433 442
435 442
438 442
439 442
440 442
421 443
422 443
423 443
424 443
425 443
426 443
427 443
428 443
429 443
431 443
432 443
433 443
434 443
435 443
436 443
437 443
438 443
439 443
440 443
421 444
422 444
423 444
424 444
426 444
427 444
428 444
429 444
431 444
432 444
434 444
435 444
436 444
437 444
438 444
439 444
440 444
423 445
424 445
427 445
428 445
429 445
430 445
431 445
432 445
434 445
435 445
436 445
437 445
438 445
439 445
440 445
421 446
422 446
423 446
424 446
425 446
426 446
427 446
429 446
430 446
431 446
432 446
434 446
435 446
436 446
437 446
439 446
421 447
422 447
423 447
424 447
426 447
427 447
429 447
430 447
431 447
432 447
433 447
434 447
435 447
437 447
438 447
440 447
421 448
422 448
423 448
424 448
425 448
426 448
427 448
429 448
431 448
432 448
433 448
436 448
437 448
438 448
439 448
421 449
423 449
425 449
426 449
429 449
430 449
431 449
432 449
433 449
434 449
436 449
438 449
439 449
440 449
422 450
424 450
425 450
427 450
428 450
429 450
430 450
431 450
432 450
433 450
434 450
435 450
436 450
437 450
438 450
439 450
421 451
422 451
423 451
424 451
425 451
426 451
427 451
429 451
430 451
431 451
432 451
434 451
435 451
437 451
438 451
439 451
440 451
421 452
422 452
423 452
424 452
425 452
427 452
428 452
429 452
430 452
431 452
432 452
433 452
434 452
435 452
436 452
438 452
439 452
440 452
421 453
422 453
423 453
424 453
425 453
426 453
427 453
428 453
429 453
431 453
432 453
433 453
436 453
437 453
439 453
422 454
423 454
424 454
425 454
426 454
427 454
428 454
429 454
430 454
431 454
433 454
435 454
437 454
438 454
439 454
440 454
423 455
424 455
425 455
426 455
427 455
429 455
430 455
431 455
433 455
434 455
435 455
436 455
437 455
439 455
440 455
421 456
422 456
424 456
425 456
426 456
427 456
428 456
431 456
433 456
435 456
436 456
437 456
438 456
439 456
440 456
422 457
423 457
427 457
428 457
429 457
430 457
431 457
432 457
434 457
436 457
437 457
438 457
439 457
422 458
424 458
426 458
428 458
429 458
432 458
433 458
434 458
435 458
436 458
437 458
438 458
439 458
421 459
422 459
423 459
424 459
427 459
429 459
430 459
431 459
432 459
433 459
434 459
437 459
440 459
421 460
423 460
426 460
427 460
429 460
430 460
432 460
433 460
434 460
436 460
437 460
440 460
442 461
443 461
444 461
445 461
446 461
447 461
448 461
449 461
450 461
452 461
453 461
454 461
455 461
456 461
458 461
460 461
442 462
445 462
447 462
448 462
452 462
454 462
455 462
456 462
457 462
458 462
459 462
460 462
441 463
442 463
445 463
448 463
449 463
450 463
451 463
453 463
454 463
455 463
456 463
460 463
442 464
444 464
445 464
446 464
447 464
448 464
449 464
452 464
455 464
457 464
458 464
459 464
460 464
441 465
442 465
445 465
446 465
447 465
448 465
449 465
452 465
453 465
454 465
455 465
457 465
458 465
460 465
441 466
442 466
443 466
444 466
445 466
446 466
447 466
449 466
450 466
451 466
452 466
453 466
454 466
455 466
456 466
458 466
459 466
460 466
442 467
443 467
444 467
446 467
447 467
450 467
451 467
452 467
453 467
454 467
455 467
456 467
457 467
458 467
460 467
441 468
442 468
443 468
444 468
448 468
449 468
450 468
451 468
452 468
453 468
456 468
457 468
458 468
460 468
441 469
443 469
444 469
445 469
446 469
447 469
448 469
449 469
453 469
454 469
455 469
457 469
458 469
441 470
442 470
443 470
444 470
445 470
446 470
447 470
449 470
451 470
452 470
453 470
454 470
455 470
457 470
458 470
459 470
460 470
441 471
442 471
443 471
444 471
445 471
446 471
447 471
448 471
449 471
450 471
452 471
453 471
454 471
455 471
457 471
459 471
460 471
441 472
443 472
445 472
446 472
447 472
449 472
450 472
452 472
453 472
454 472
455 472
456 472
457 472
458 472
459 472
441 473
442 473
443 473
444 473
446 473
447 473
448 473
449 473
450 473
453 473
454 473
455 473
457 473
459 473
460 473
441 474
442 474
444 474
445 474
446 474
447 474
449 474
451 474
452 474
454 474
455 474
456 474
457 474
458 474
459 474
460 474
441 475
443 475
444 475
445 475
446 475
448 475
449 475
450 475
451 475
452 475
454 475
455 475
456 475
457 475
459 475
460 475
441 476
443 476
444 476
446 476
448 476
449 476
450 476
451 476
452 476
454 476
456 476
457 476
458 476
460 476
442 477
443 477
444 477
445 477
446 477
447 477
448 477
452 477
454 477
455 477
457 477
458 477
459 477
460 477
445 478
446 478
447 478
448 478
449 478
450 478
451 478
452 478
453 478
454 478
457 478
458 478
459 478
460 478
441 479
442 479
443 479
446 479
447 479
448 479
449 479
450 479
451 479
452 479
454 479
455 479
456 479
458 479
441 480
442 480
443 480
444 480
446 480
448 480
449 480
450 480
451 480
453 480
454 480
456 480
457 480
458 480
459 480
460 480
461 481
463 481
464 481
467 481
470 481
471 481
472 481
473 481
475 481
476 481
477 481
480 481
461 482
464 482
465 482
466 482
467 482
468 482
471 482
472 482
473 482
474 482
475 482
476 482
477 482
478 482
480 482
461 483
462 483
464 483
465 483
467 483
468 483
469 483
470 483
471 483
473 483
474 483
475 483
476 483
477 483
479 483
480 483
461 484
464 484
465 484
466 484
467 484
468 484
469 484
470 484
472 484
474 484
475 484
478 484
479 484
480 484
463 485
464 485
465 485
466 485
467 485
468 485
469 485
470 485
471 485
474 485
475 485
476 485
478 485
479 485
480 485
462 486
464 486
465 486
468 486
469 486
470 486
472 486
473 486
477 486
478 486
479 486
480 486
461 487
462 487
463 487
464 487
465 487
466 487
467 487
468 487
469 487
470 487
471 487
472 487
473 487
474 487
475 487
476 487
477 487
478 487
479 487
462 488
463 488
465 488
466 488
470 488
471 488
472 488
473 488
474 488
475 488
476 488
477 488
479 488
480 488
461 489
463 489
465 489
466 489
468 489
469 489
472 489
473 489
474 489
475 489
476 489
477 489
478 489
479 489
480 489
461 490
463 490
464 490
466 490
468 490
472 490
473 490
474 490
475 490
476 490
477 490
478 490
479 490
480 490
461 491
463 491
464 491
465 491
467 491
468 491
469 491
472 491
474 491
478 491
480 491
461 492
462 492
463 492
464 492
465 492
466 492
467 492
468 492
470 492
471 492
472 492
473 492
474 492
476 492
477 492
478 492
480 492
461 493
463 493
464 493
465 493
466 493
468 493
469 493
470 493
471 493
472 493
473 493
474 493
475 493
476 493
478 493
461 494
462 494
464 494
466 494
467 494
468 494
469 494
470 494
471 494
472 494
473 494
474 494
475 494
477 494
478 494
479 494
480 494
461 495
462 495
463 495
464 495
465 495
467 495
468 495
469 495
470 495
471 495
473 495
476 495
479 495
480 495
463 496
465 496
466 496
467 496
468 496
469 496
470 496
471 496
472 496
473 496
474 496
475 496
476 496
478 496
479 496
464 497
465 497
466 497
467 497
469 497
470 497
471 497
472 497
473 497
474 497
475 497
477 497
478 497
479 497
480 497
462 498
463 498
465 498
466 498
467 498
469 498
470 498
471 498
472 498
474 498
476 498
477 498
479 498
480 498
461 499
462 499
463 499
465 499
466 499
467 499
468 499
469 499
470 499
472 499
473 499
474 499
475 499
479 499
480 499
461 500
462 500
464 500
465 500
466 500
467 500
468 500
469 500
471 500
472 500
473 500
474 500
475 500
476 500
477 500
478 500
479 500
480 500
