60 623 3
20 20 20 
1 21
2 21
3 21
4 21
5 21
6 21
7 21
8 21
9 21
11 21
12 21
14 21
15 21
16 21
17 21
1 22
2 22
3 22
4 22
5 22
6 22
7 22
8 22
11 22
13 22
15 22
16 22
17 22
18 22
20 22
1 23
2 23
4 23
5 23
6 23
7 23
8 23
10 23
11 23
12 23
13 23
14 23
15 23
16 23
17 23
19 23
20 23
2 24
3 24
4 24
5 24
6 24
7 24
8 24
9 24
10 24
13 24
14 24
15 24
16 24
18 24
20 24
1 25
3 25
4 25
7 25
9 25
10 25
11 25
12 25
13 25
14 25
15 25
16 25
18 25
19 25
20 25
1 26
2 26
3 26
5 26
6 26
8 26
9 26
10 26
11 26
12 26
14 26
16 26
17 26
18 26
19 26
20 26
1 27
2 27
3 27
4 27
5 27
6 27
7 27
8 27
9 27
10 27
11 27
12 27
15 27
16 27
17 27
18 27
19 27
20 27
1 28
2 28
3 28
4 28
5 28
6 28
7 28
8 28
10 28
12 28
13 28
14 28
16 28
17 28
18 28
20 28
1 29
2 29
3 29
4 29
5 29
6 29
7 29
8 29
9 29
10 29
11 29
12 29
13 29
14 29
16 29
17 29
18 29
2 30
3 30
4 30
5 30
6 30
8 30
9 30
12 30
13 30
14 30
15 30
16 30
17 30
18 30
19 30
20 30
1 31
2 31
3 31
4 31
5 31
6 31
7 31
9 31
12 31
13 31
14 31
16 31
17 31
18 31
19 31
20 31
2 32
3 32
4 32
6 32
8 32
9 32
10 32
11 32
12 32
14 32
15 32
16 32
17 32
19 32
20 32
1 33
2 33
5 33
9 33
10 33
11 33
12 33
13 33
14 33
18 33
19 33
20 33
1 34
2 34
3 34
4 34
6 34
7 34
8 34
9 34
10 34
11 34
12 34
13 34
14 34
15 34
16 34
17 34
18 34
19 34
20 34
1 35
3 35
5 35
7 35
8 35
9 35
10 35
12 35
13 35
14 35
16 35
17 35
18 35
19 35
20 35
2 36
3 36
4 36
5 36
7 36
9 36
10 36
12 36
13 36
15 36
16 36
17 36
18 36
19 36
20 36
1 37
2 37
3 37
4 37
5 37
6 37
7 37
8 37
9 37
11 37
12 37
13 37
14 37
15 37
17 37
18 37
19 37
20 37
1 38
2 38
3 38
4 38
6 38
7 38
8 38
9 38
10 38
11 38
13 38
14 38
15 38
16 38
17 38
20 38
2 39
3 39
4 39
5 39
6 39
7 39
8 39
9 39
10 39
12 39
13 39
14 39
15 39
16 39
18 39
20 39
1 40
5 40
6 40
7 40
8 40
9 40
10 40
11 40
13 40
14 40
15 40
17 40
18 40
19 40
21 41
22 41
23 41
24 41
26 41
27 41
28 41
29 41
30 41
32 41
33 41
34 41
35 41
36 41
37 41
38 41
21 42
22 42
23 42
24 42
25 42
26 42
27 42
28 42
32 42
33 42
35 42
37 42
38 42
21 43
22 43
23 43
24 43
26 43
27 43
28 43
29 43
30 43
31 43
32 43
33 43
34 43
36 43
38 43
39 43
40 43
21 44
23 44
24 44
26 44
28 44
30 44
31 44
32 44
33 44
34 44
35 44
36 44
37 44
38 44
39 44
40 44
21 45
22 45
23 45
24 45
26 45
27 45
28 45
30 45
31 45
32 45
34 45
35 45
36 45
37 45
38 45
39 45
40 45
21 46
23 46
24 46
25 46
26 46
27 46
28 46
29 46
30 46
31 46
32 46
33 46
34 46
35 46
37 46
38 46
39 46
40 46
21 47
22 47
23 47
24 47
25 47
26 47
28 47
29 47
30 47
32 47
33 47
35 47
36 47
37 47
38 47
39 47
40 47
23 48
24 48
25 48
26 48
28 48
29 48
30 48
32 48
33 48
34 48
35 48
39 48
40 48
21 49
23 49
25 49
26 49
27 49
28 49
29 49
31 49
32 49
34 49
35 49
36 49
37 49
38 49
39 49
40 49
22 50
23 50
25 50
26 50
29 50
30 50
32 50
33 50
34 50
35 50
36 50
38 50
39 50
40 50
21 51
22 51
23 51
24 51
25 51
27 51
28 51
29 51
31 51
32 51
34 51
35 51
36 51
37 51
40 51
21 52
22 52
27 52
30 52
31 52
32 52
33 52
34 52
35 52
36 52
37 52
39 52
21 53
22 53
23 53
24 53
25 53
27 53
28 53
32 53
33 53
34 53
35 53
36 53
37 53
38 53
40 53
21 54
22 54
24 54
26 54
27 54
29 54
30 54
31 54
32 54
33 54
34 54
35 54
36 54
37 54
38 54
39 54
40 54
23 55
25 55
26 55
27 55
28 55
29 55
31 55
32 55
33 55
34 55
35 55
37 55
38 55
39 55
21 56
22 56
23 56
24 56
25 56
26 56
27 56
28 56
32 56
35 56
37 56
38 56
40 56
21 57
22 57
23 57
24 57
25 57
26 57
28 57
29 57
30 57
32 57
34 57
35 57
36 57
37 57
38 57
39 57
40 57
21 58
24 58
25 58
26 58
27 58
28 58
29 58
30 58
31 58
32 58
35 58
37 58
38 58
39 58
21 59
22 59
23 59
24 59
25 59
27 59
28 59
30 59
31 59
32 59
33 59
34 59
35 59
36 59
37 59
40 59
21 60
22 60
23 60
24 60
25 60
26 60
27 60
28 60
29 60
30 60
31 60
32 60
33 60
34 60
35 60
37 60
38 60
