60 622 3
20 20 20 
2 21
3 21
4 21
5 21
6 21
8 21
9 21
10 21
11 21
12 21
15 21
16 21
17 21
18 21
19 21
20 21
1 22
2 22
3 22
7 22
8 22
9 22
10 22
11 22
13 22
14 22
15 22
16 22
17 22
18 22
19 22
20 22
1 23
2 23
4 23
6 23
8 23
9 23
10 23
11 23
12 23
13 23
14 23
17 23
18 23
19 23
1 24
2 24
4 24
5 24
6 24
8 24
10 24
11 24
12 24
13 24
14 24
15 24
17 24
18 24
1 25
3 25
4 25
5 25
6 25
7 25
9 25
10 25
11 25
12 25
13 25
14 25
17 25
18 25
19 25
20 25
2 26
3 26
4 26
5 26
6 26
8 26
9 26
10 26
11 26
12 26
13 26
14 26
15 26
16 26
17 26
1 27
2 27
4 27
5 27
6 27
7 27
8 27
10 27
11 27
13 27
14 27
15 27
16 27
18 27
20 27
1 28
2 28
4 28
5 28
6 28
8 28
10 28
12 28
13 28
15 28
16 28
17 28
19 28
20 28
1 29
2 29
4 29
6 29
7 29
8 29
9 29
13 29
15 29
16 29
17 29
18 29
19 29
20 29
3 30
4 30
5 30
6 30
7 30
8 30
9 30
13 30
14 30
15 30
16 30
17 30
18 30
19 30
20 30
1 31
2 31
3 31
4 31
5 31
6 31
7 31
8 31
10 31
11 31
12 31
13 31
14 31
16 31
17 31
18 31
19 31
2 32
3 32
6 32
7 32
8 32
9 32
11 32
13 32
15 32
16 32
17 32
18 32
19 32
20 32
1 33
4 33
5 33
7 33
8 33
9 33
10 33
11 33
13 33
15 33
16 33
17 33
19 33
20 33
2 34
3 34
4 34
5 34
6 34
7 34
8 34
9 34
10 34
11 34
12 34
13 34
14 34
15 34
16 34
17 34
18 34
20 34
1 35
2 35
3 35
5 35
6 35
7 35
9 35
11 35
12 35
13 35
14 35
15 35
16 35
17 35
19 35
2 36
3 36
5 36
6 36
8 36
9 36
10 36
12 36
13 36
14 36
15 36
16 36
17 36
18 36
19 36
20 36
1 37
2 37
3 37
4 37
5 37
6 37
7 37
8 37
10 37
11 37
13 37
14 37
15 37
17 37
18 37
19 37
20 37
2 38
3 38
4 38
5 38
6 38
8 38
9 38
10 38
11 38
12 38
13 38
14 38
16 38
17 38
18 38
19 38
2 39
3 39
5 39
6 39
7 39
8 39
9 39
11 39
12 39
13 39
14 39
15 39
16 39
17 39
20 39
4 40
5 40
6 40
7 40
8 40
10 40
11 40
12 40
13 40
15 40
16 40
18 40
19 40
20 40
21 41
23 41
24 41
26 41
27 41
28 41
29 41
30 41
31 41
32 41
33 41
34 41
36 41
37 41
38 41
39 41
40 41
21 42
22 42
23 42
24 42
26 42
27 42
29 42
30 42
31 42
32 42
33 42
34 42
35 42
36 42
37 42
38 42
40 42
21 43
22 43
23 43
25 43
26 43
28 43
29 43
30 43
31 43
32 43
33 43
35 43
36 43
37 43
38 43
39 43
40 43
21 44
23 44
27 44
28 44
29 44
30 44
32 44
33 44
36 44
37 44
39 44
40 44
21 45
22 45
23 45
24 45
26 45
27 45
28 45
30 45
31 45
32 45
33 45
34 45
36 45
37 45
39 45
40 45
21 46
23 46
24 46
26 46
27 46
28 46
29 46
30 46
31 46
32 46
34 46
36 46
37 46
38 46
40 46
21 47
23 47
24 47
27 47
28 47
29 47
31 47
32 47
34 47
35 47
36 47
37 47
39 47
40 47
21 48
22 48
23 48
24 48
25 48
27 48
28 48
29 48
30 48
31 48
32 48
33 48
34 48
35 48
36 48
37 48
38 48
39 48
40 48
21 49
22 49
23 49
24 49
25 49
26 49
28 49
31 49
33 49
34 49
35 49
36 49
37 49
38 49
39 49
40 49
21 50
22 50
24 50
25 50
26 50
27 50
28 50
29 50
30 50
31 50
32 50
33 50
35 50
36 50
37 50
38 50
39 50
40 50
21 51
22 51
23 51
24 51
25 51
26 51
27 51
29 51
30 51
31 51
32 51
34 51
35 51
36 51
37 51
38 51
40 51
22 52
25 52
27 52
28 52
29 52
30 52
31 52
33 52
34 52
35 52
36 52
38 52
23 53
24 53
25 53
26 53
27 53
28 53
29 53
30 53
31 53
32 53
33 53
35 53
36 53
37 53
39 53
40 53
21 54
22 54
23 54
24 54
25 54
26 54
27 54
28 54
29 54
31 54
32 54
33 54
35 54
36 54
37 54
39 54
40 54
21 55
22 55
25 55
26 55
28 55
29 55
30 55
31 55
32 55
33 55
34 55
35 55
36 55
37 55
38 55
39 55
40 55
21 56
22 56
23 56
24 56
25 56
26 56
27 56
29 56
30 56
31 56
35 56
36 56
37 56
38 56
39 56
40 56
22 57
24 57
26 57
28 57
29 57
30 57
31 57
32 57
34 57
35 57
36 57
37 57
39 57
40 57
22 58
23 58
25 58
26 58
27 58
28 58
29 58
30 58
31 58
32 58
33 58
35 58
37 58
38 58
39 58
40 58
21 59
22 59
23 59
24 59
25 59
26 59
27 59
29 59
31 59
32 59
33 59
34 59
35 59
37 59
38 59
39 59
40 59
21 60
22 60
25 60
27 60
29 60
30 60
31 60
32 60
33 60
34 60
37 60
38 60
39 60
40 60
