60 591 3
20 20 20 
1 21
2 21
3 21
4 21
5 21
6 21
7 21
8 21
9 21
10 21
11 21
12 21
14 21
15 21
16 21
17 21
18 21
19 21
20 21
1 22
2 22
3 22
4 22
6 22
7 22
8 22
10 22
12 22
13 22
14 22
15 22
16 22
17 22
18 22
19 22
20 22
1 23
3 23
4 23
5 23
6 23
7 23
9 23
10 23
11 23
12 23
13 23
14 23
15 23
18 23
19 23
20 23
1 24
2 24
3 24
4 24
5 24
6 24
7 24
8 24
10 24
11 24
12 24
13 24
14 24
15 24
17 24
19 24
20 24
1 25
3 25
4 25
5 25
6 25
9 25
11 25
13 25
14 25
15 25
16 25
18 25
19 25
20 25
2 26
3 26
5 26
7 26
8 26
9 26
10 26
11 26
12 26
13 26
16 26
18 26
19 26
20 26
1 27
2 27
3 27
4 27
5 27
7 27
8 27
9 27
10 27
11 27
12 27
13 27
14 27
16 27
17 27
19 27
20 27
1 28
2 28
3 28
4 28
6 28
10 28
11 28
12 28
13 28
14 28
15 28
16 28
17 28
18 28
20 28
1 29
3 29
4 29
7 29
8 29
10 29
11 29
12 29
13 29
14 29
15 29
19 29
1 30
2 30
3 30
4 30
6 30
7 30
10 30
12 30
13 30
14 30
15 30
16 30
17 30
18 30
19 30
20 30
2 31
3 31
4 31
6 31
7 31
8 31
9 31
10 31
11 31
12 31
13 31
14 31
15 31
17 31
20 31
2 32
3 32
4 32
6 32
8 32
9 32
10 32
11 32
12 32
13 32
15 32
17 32
18 32
19 32
1 33
3 33
4 33
8 33
9 33
10 33
11 33
12 33
13 33
14 33
15 33
17 33
18 33
19 33
20 33
1 34
3 34
5 34
8 34
10 34
11 34
13 34
14 34
15 34
16 34
18 34
19 34
1 35
3 35
4 35
7 35
8 35
9 35
10 35
11 35
12 35
13 35
15 35
16 35
17 35
18 35
19 35
20 35
1 36
2 36
3 36
5 36
6 36
7 36
8 36
12 36
16 36
17 36
20 36
1 37
2 37
3 37
8 37
10 37
12 37
14 37
16 37
20 37
1 38
2 38
3 38
5 38
6 38
8 38
9 38
10 38
11 38
12 38
14 38
15 38
16 38
17 38
18 38
19 38
20 38
6 39
7 39
8 39
9 39
10 39
11 39
12 39
13 39
14 39
15 39
16 39
17 39
18 39
19 39
20 39
1 40
2 40
3 40
4 40
5 40
6 40
7 40
8 40
9 40
11 40
12 40
13 40
15 40
16 40
17 40
19 40
20 40
22 41
23 41
24 41
25 41
26 41
30 41
31 41
32 41
33 41
34 41
36 41
37 41
39 41
40 41
21 42
22 42
23 42
25 42
26 42
27 42
28 42
29 42
30 42
33 42
34 42
35 42
36 42
37 42
38 42
40 42
21 43
22 43
23 43
25 43
26 43
27 43
29 43
31 43
32 43
33 43
34 43
35 43
36 43
37 43
39 43
40 43
22 44
24 44
25 44
26 44
29 44
32 44
34 44
35 44
36 44
37 44
38 44
39 44
40 44
21 45
22 45
23 45
24 45
25 45
26 45
28 45
29 45
30 45
31 45
32 45
34 45
37 45
38 45
39 45
40 45
22 46
24 46
25 46
27 46
28 46
30 46
31 46
32 46
33 46
34 46
36 46
38 46
39 46
40 46
21 47
22 47
23 47
24 47
28 47
30 47
31 47
34 47
35 47
36 47
37 47
39 47
40 47
21 48
24 48
25 48
26 48
27 48
28 48
29 48
30 48
31 48
33 48
35 48
36 48
37 48
38 48
39 48
40 48
21 49
22 49
24 49
25 49
28 49
29 49
30 49
31 49
32 49
33 49
34 49
35 49
37 49
38 49
39 49
40 49
22 50
23 50
24 50
26 50
27 50
28 50
30 50
31 50
34 50
35 50
36 50
39 50
40 50
21 51
23 51
24 51
25 51
26 51
27 51
28 51
29 51
30 51
31 51
32 51
33 51
34 51
35 51
36 51
38 51
22 52
23 52
24 52
25 52
26 52
27 52
31 52
33 52
34 52
35 52
36 52
37 52
39 52
21 53
23 53
24 53
25 53
26 53
27 53
28 53
29 53
32 53
33 53
34 53
36 53
37 53
38 53
39 53
40 53
21 54
22 54
23 54
24 54
26 54
27 54
28 54
29 54
31 54
32 54
34 54
35 54
36 54
38 54
40 54
21 55
22 55
25 55
27 55
29 55
30 55
31 55
33 55
35 55
36 55
37 55
40 55
21 56
22 56
23 56
24 56
25 56
26 56
27 56
28 56
29 56
30 56
31 56
32 56
34 56
35 56
36 56
37 56
38 56
39 56
40 56
21 57
22 57
24 57
25 57
28 57
29 57
30 57
31 57
33 57
35 57
37 57
38 57
39 57
25 58
26 58
29 58
30 58
31 58
32 58
34 58
35 58
37 58
38 58
40 58
21 59
22 59
23 59
24 59
25 59
26 59
27 59
28 59
31 59
32 59
33 59
35 59
36 59
37 59
38 59
39 59
40 59
21 60
23 60
25 60
26 60
27 60
28 60
29 60
30 60
31 60
32 60
36 60
37 60
38 60
39 60
