300 4268 15
20 20 20 20 20 20 20 20 20 20 20 20 20 20 20 
2 21
3 21
4 21
5 21
6 21
8 21
9 21
10 21
11 21
12 21
15 21
16 21
17 21
18 21
19 21
20 21
1 22
2 22
3 22
7 22
8 22
9 22
10 22
11 22
13 22
14 22
15 22
16 22
17 22
18 22
19 22
20 22
1 23
2 23
4 23
6 23
8 23
9 23
10 23
11 23
12 23
13 23
14 23
17 23
18 23
19 23
1 24
2 24
4 24
5 24
6 24
8 24
10 24
11 24
12 24
13 24
14 24
15 24
17 24
18 24
1 25
3 25
4 25
5 25
6 25
7 25
9 25
10 25
11 25
12 25
13 25
14 25
17 25
18 25
19 25
20 25
2 26
3 26
4 26
5 26
6 26
8 26
9 26
10 26
11 26
12 26
13 26
14 26
15 26
16 26
17 26
1 27
2 27
4 27
5 27
6 27
7 27
8 27
10 27
11 27
13 27
14 27
15 27
16 27
18 27
20 27
1 28
2 28
4 28
5 28
6 28
8 28
10 28
12 28
13 28
15 28
16 28
17 28
19 28
20 28
1 29
2 29
4 29
6 29
7 29
8 29
9 29
13 29
15 29
16 29
17 29
18 29
19 29
20 29
3 30
4 30
5 30
6 30
7 30
8 30
9 30
13 30
14 30
15 30
16 30
17 30
18 30
19 30
20 30
1 31
2 31
3 31
4 31
5 31
6 31
7 31
8 31
10 31
11 31
12 31
13 31
14 31
16 31
17 31
18 31
19 31
2 32
3 32
6 32
7 32
8 32
9 32
11 32
13 32
15 32
16 32
17 32
18 32
19 32
20 32
1 33
4 33
5 33
7 33
8 33
9 33
10 33
11 33
13 33
15 33
16 33
17 33
19 33
20 33
2 34
3 34
4 34
5 34
6 34
7 34
8 34
9 34
10 34
11 34
12 34
13 34
14 34
15 34
16 34
17 34
18 34
20 34
1 35
2 35
3 35
5 35
6 35
7 35
9 35
11 35
12 35
13 35
14 35
15 35
16 35
17 35
19 35
2 36
3 36
5 36
6 36
8 36
9 36
10 36
12 36
13 36
14 36
15 36
16 36
17 36
18 36
19 36
20 36
1 37
2 37
3 37
4 37
5 37
6 37
7 37
8 37
10 37
11 37
13 37
14 37
15 37
17 37
18 37
19 37
20 37
2 38
3 38
4 38
5 38
6 38
8 38
9 38
10 38
11 38
12 38
13 38
14 38
16 38
17 38
18 38
19 38
2 39
3 39
5 39
6 39
7 39
8 39
9 39
11 39
12 39
13 39
14 39
15 39
16 39
17 39
20 39
4 40
5 40
6 40
7 40
8 40
10 40
11 40
12 40
13 40
15 40
16 40
18 40
19 40
20 40
21 41
23 41
24 41
26 41
27 41
28 41
29 41
30 41
31 41
32 41
33 41
34 41
36 41
37 41
38 41
39 41
40 41
21 42
22 42
23 42
24 42
26 42
27 42
29 42
30 42
31 42
32 42
33 42
34 42
35 42
36 42
37 42
38 42
40 42
21 43
22 43
23 43
25 43
26 43
28 43
29 43
30 43
31 43
32 43
33 43
35 43
36 43
37 43
38 43
39 43
40 43
21 44
23 44
27 44
28 44
29 44
30 44
32 44
33 44
36 44
37 44
39 44
40 44
21 45
22 45
23 45
24 45
26 45
27 45
28 45
30 45
31 45
32 45
33 45
34 45
36 45
37 45
39 45
40 45
21 46
23 46
24 46
26 46
27 46
28 46
29 46
30 46
31 46
32 46
34 46
36 46
37 46
38 46
40 46
21 47
23 47
24 47
27 47
28 47
29 47
31 47
32 47
34 47
35 47
36 47
37 47
39 47
40 47
21 48
22 48
23 48
24 48
25 48
27 48
28 48
29 48
30 48
31 48
32 48
33 48
34 48
35 48
36 48
37 48
38 48
39 48
40 48
21 49
22 49
23 49
24 49
25 49
26 49
28 49
31 49
33 49
34 49
35 49
36 49
37 49
38 49
39 49
40 49
21 50
22 50
24 50
25 50
26 50
27 50
28 50
29 50
30 50
31 50
32 50
33 50
35 50
36 50
37 50
38 50
39 50
40 50
21 51
22 51
23 51
24 51
25 51
26 51
27 51
29 51
30 51
31 51
32 51
34 51
35 51
36 51
37 51
38 51
40 51
22 52
25 52
27 52
28 52
29 52
30 52
31 52
33 52
34 52
35 52
36 52
38 52
23 53
24 53
25 53
26 53
27 53
28 53
29 53
30 53
31 53
32 53
33 53
35 53
36 53
37 53
39 53
40 53
21 54
22 54
23 54
24 54
25 54
26 54
27 54
28 54
29 54
31 54
32 54
33 54
35 54
36 54
37 54
39 54
40 54
21 55
22 55
25 55
26 55
28 55
29 55
30 55
31 55
32 55
33 55
34 55
35 55
36 55
37 55
38 55
39 55
40 55
21 56
22 56
23 56
24 56
25 56
26 56
27 56
29 56
30 56
31 56
35 56
36 56
37 56
38 56
39 56
40 56
22 57
24 57
26 57
28 57
29 57
30 57
31 57
32 57
34 57
35 57
36 57
37 57
39 57
40 57
22 58
23 58
25 58
26 58
27 58
28 58
29 58
30 58
31 58
32 58
33 58
35 58
37 58
38 58
39 58
40 58
21 59
22 59
23 59
24 59
25 59
26 59
27 59
29 59
31 59
32 59
33 59
34 59
35 59
37 59
38 59
39 59
40 59
21 60
22 60
25 60
27 60
29 60
30 60
31 60
32 60
33 60
34 60
37 60
38 60
39 60
40 60
41 61
42 61
43 61
44 61
45 61
46 61
47 61
50 61
51 61
52 61
53 61
55 61
56 61
57 61
58 61
60 61
41 62
42 62
44 62
45 62
46 62
49 62
50 62
52 62
53 62
54 62
57 62
58 62
59 62
60 62
41 63
42 63
43 63
44 63
45 63
46 63
47 63
48 63
49 63
50 63
51 63
52 63
53 63
54 63
56 63
57 63
59 63
60 63
41 64
43 64
45 64
46 64
47 64
48 64
49 64
50 64
51 64
53 64
55 64
56 64
57 64
59 64
60 64
44 65
47 65
48 65
49 65
50 65
52 65
53 65
55 65
56 65
57 65
58 65
60 65
41 66
43 66
44 66
45 66
46 66
47 66
48 66
50 66
52 66
53 66
54 66
56 66
57 66
58 66
59 66
60 66
41 67
43 67
44 67
45 67
46 67
47 67
48 67
49 67
50 67
52 67
53 67
54 67
55 67
56 67
58 67
60 67
41 68
42 68
43 68
44 68
45 68
46 68
48 68
49 68
50 68
51 68
52 68
53 68
54 68
55 68
56 68
57 68
58 68
41 69
42 69
43 69
46 69
47 69
49 69
50 69
51 69
53 69
54 69
55 69
56 69
58 69
59 69
60 69
41 70
42 70
43 70
44 70
45 70
46 70
47 70
48 70
49 70
50 70
51 70
52 70
53 70
55 70
56 70
57 70
58 70
41 71
42 71
43 71
45 71
46 71
47 71
49 71
50 71
51 71
53 71
54 71
55 71
56 71
58 71
59 71
60 71
41 72
42 72
43 72
44 72
45 72
46 72
47 72
48 72
50 72
51 72
53 72
54 72
55 72
56 72
57 72
59 72
60 72
41 73
42 73
44 73
45 73
46 73
48 73
49 73
50 73
52 73
53 73
54 73
55 73
56 73
59 73
60 73
42 74
43 74
47 74
49 74
50 74
51 74
52 74
53 74
55 74
56 74
57 74
58 74
60 74
41 75
43 75
44 75
45 75
46 75
48 75
49 75
50 75
53 75
54 75
56 75
57 75
58 75
59 75
60 75
42 76
44 76
45 76
46 76
50 76
51 76
52 76
54 76
57 76
58 76
59 76
60 76
41 77
42 77
43 77
45 77
46 77
47 77
48 77
49 77
50 77
52 77
53 77
54 77
56 77
58 77
59 77
60 77
41 78
42 78
43 78
44 78
45 78
47 78
48 78
50 78
51 78
52 78
54 78
56 78
57 78
58 78
59 78
60 78
41 79
42 79
43 79
44 79
45 79
46 79
47 79
49 79
50 79
51 79
52 79
53 79
54 79
55 79
56 79
57 79
58 79
59 79
41 80
43 80
44 80
47 80
48 80
49 80
50 80
51 80
52 80
53 80
54 80
55 80
57 80
58 80
59 80
61 81
62 81
63 81
64 81
66 81
68 81
69 81
71 81
72 81
73 81
75 81
76 81
77 81
79 81
61 82
62 82
63 82
64 82
65 82
66 82
67 82
69 82
70 82
71 82
72 82
73 82
74 82
75 82
76 82
77 82
78 82
79 82
80 82
61 83
63 83
65 83
66 83
68 83
70 83
71 83
72 83
74 83
75 83
77 83
78 83
79 83
80 83
62 84
64 84
66 84
67 84
68 84
70 84
71 84
72 84
73 84
74 84
75 84
76 84
77 84
79 84
80 84
61 85
62 85
63 85
64 85
65 85
66 85
67 85
68 85
69 85
70 85
71 85
72 85
73 85
74 85
75 85
76 85
77 85
78 85
80 85
61 86
62 86
63 86
66 86
67 86
68 86
72 86
73 86
74 86
75 86
78 86
79 86
80 86
61 87
62 87
63 87
64 87
65 87
66 87
68 87
70 87
71 87
72 87
74 87
76 87
77 87
78 87
79 87
80 87
61 88
62 88
63 88
64 88
65 88
66 88
67 88
68 88
69 88
71 88
72 88
73 88
74 88
75 88
76 88
77 88
79 88
61 89
63 89
65 89
66 89
68 89
69 89
70 89
71 89
72 89
74 89
75 89
76 89
77 89
78 89
79 89
80 89
61 90
62 90
63 90
65 90
66 90
68 90
69 90
71 90
72 90
73 90
74 90
75 90
76 90
77 90
78 90
79 90
80 90
61 91
62 91
64 91
67 91
68 91
69 91
70 91
71 91
72 91
73 91
74 91
76 91
79 91
80 91
61 92
62 92
63 92
64 92
65 92
66 92
67 92
68 92
70 92
71 92
73 92
76 92
78 92
62 93
63 93
64 93
65 93
66 93
67 93
70 93
71 93
72 93
74 93
75 93
77 93
78 93
80 93
61 94
62 94
63 94
65 94
66 94
68 94
69 94
70 94
71 94
73 94
74 94
75 94
76 94
80 94
61 95
62 95
63 95
65 95
67 95
68 95
69 95
71 95
72 95
73 95
74 95
75 95
76 95
79 95
80 95
61 96
62 96
64 96
65 96
66 96
71 96
73 96
74 96
75 96
76 96
78 96
79 96
80 96
61 97
63 97
64 97
66 97
67 97
68 97
70 97
71 97
72 97
73 97
74 97
77 97
79 97
80 97
61 98
62 98
64 98
65 98
66 98
71 98
72 98
73 98
74 98
75 98
76 98
77 98
78 98
80 98
61 99
62 99
63 99
64 99
65 99
67 99
69 99
70 99
71 99
72 99
73 99
74 99
76 99
77 99
78 99
79 99
80 99
61 100
62 100
63 100
65 100
69 100
70 100
71 100
72 100
73 100
74 100
75 100
76 100
77 100
78 100
80 100
81 101
82 101
83 101
86 101
87 101
91 101
94 101
95 101
96 101
97 101
98 101
99 101
81 102
82 102
83 102
84 102
85 102
86 102
87 102
89 102
90 102
91 102
92 102
93 102
94 102
96 102
97 102
98 102
100 102
81 103
83 103
84 103
85 103
86 103
92 103
93 103
94 103
95 103
96 103
97 103
99 103
100 103
81 104
83 104
84 104
86 104
87 104
88 104
89 104
92 104
93 104
95 104
96 104
99 104
100 104
81 105
82 105
83 105
84 105
85 105
86 105
87 105
88 105
89 105
90 105
91 105
93 105
94 105
95 105
97 105
98 105
99 105
100 105
81 106
82 106
84 106
85 106
86 106
87 106
88 106
90 106
91 106
92 106
93 106
94 106
95 106
97 106
98 106
100 106
81 107
83 107
85 107
86 107
87 107
88 107
89 107
92 107
93 107
94 107
97 107
98 107
99 107
81 108
83 108
84 108
85 108
87 108
88 108
90 108
91 108
93 108
94 108
95 108
98 108
99 108
100 108
81 109
83 109
84 109
85 109
86 109
87 109
88 109
89 109
90 109
91 109
92 109
93 109
94 109
95 109
96 109
97 109
98 109
99 109
100 109
81 110
82 110
83 110
84 110
85 110
86 110
87 110
89 110
90 110
95 110
96 110
97 110
98 110
100 110
81 111
82 111
83 111
84 111
85 111
86 111
87 111
88 111
89 111
90 111
91 111
92 111
94 111
95 111
97 111
99 111
100 111
82 112
83 112
85 112
86 112
89 112
92 112
93 112
94 112
95 112
96 112
97 112
99 112
100 112
81 113
82 113
83 113
84 113
85 113
86 113
87 113
88 113
89 113
91 113
92 113
94 113
96 113
97 113
99 113
100 113
81 114
82 114
83 114
84 114
87 114
88 114
89 114
91 114
92 114
94 114
95 114
96 114
97 114
98 114
99 114
100 114
81 115
82 115
83 115
84 115
86 115
87 115
88 115
89 115
90 115
92 115
94 115
95 115
97 115
98 115
99 115
100 115
81 116
82 116
84 116
86 116
88 116
91 116
92 116
93 116
94 116
95 116
96 116
97 116
98 116
99 116
81 117
82 117
83 117
84 117
85 117
87 117
90 117
91 117
93 117
94 117
96 117
97 117
100 117
81 118
82 118
83 118
86 118
88 118
89 118
90 118
92 118
93 118
94 118
95 118
97 118
98 118
99 118
100 118
81 119
82 119
83 119
84 119
85 119
86 119
87 119
88 119
91 119
92 119
96 119
97 119
98 119
99 119
82 120
83 120
84 120
85 120
86 120
88 120
89 120
90 120
92 120
93 120
94 120
95 120
96 120
97 120
98 120
100 120
101 121
102 121
105 121
107 121
110 121
111 121
112 121
115 121
117 121
118 121
119 121
120 121
101 122
102 122
103 122
104 122
106 122
107 122
108 122
109 122
111 122
112 122
113 122
115 122
117 122
119 122
120 122
101 123
102 123
103 123
105 123
106 123
107 123
108 123
110 123
111 123
112 123
113 123
114 123
115 123
116 123
117 123
118 123
119 123
120 123
101 124
103 124
104 124
105 124
106 124
107 124
108 124
109 124
110 124
111 124
112 124
113 124
114 124
115 124
116 124
117 124
118 124
120 124
101 125
102 125
103 125
104 125
105 125
106 125
107 125
108 125
109 125
110 125
113 125
114 125
115 125
116 125
118 125
119 125
101 126
102 126
104 126
106 126
109 126
111 126
112 126
113 126
115 126
117 126
118 126
119 126
120 126
101 127
102 127
103 127
105 127
106 127
107 127
108 127
110 127
111 127
112 127
113 127
114 127
116 127
117 127
119 127
120 127
104 128
105 128
106 128
108 128
109 128
111 128
112 128
114 128
115 128
116 128
117 128
118 128
119 128
101 129
103 129
105 129
106 129
107 129
108 129
110 129
114 129
115 129
116 129
117 129
118 129
119 129
120 129
102 130
104 130
105 130
106 130
107 130
108 130
109 130
110 130
111 130
112 130
113 130
114 130
115 130
116 130
117 130
119 130
120 130
101 131
102 131
104 131
105 131
106 131
107 131
108 131
110 131
111 131
112 131
114 131
115 131
116 131
117 131
118 131
120 131
101 132
102 132
103 132
104 132
105 132
106 132
108 132
109 132
110 132
111 132
113 132
114 132
116 132
117 132
118 132
119 132
120 132
101 133
103 133
104 133
105 133
106 133
107 133
108 133
109 133
111 133
112 133
114 133
115 133
116 133
117 133
119 133
120 133
101 134
102 134
103 134
104 134
105 134
106 134
107 134
108 134
109 134
110 134
111 134
112 134
113 134
114 134
115 134
117 134
118 134
120 134
101 135
102 135
104 135
106 135
107 135
108 135
109 135
110 135
111 135
112 135
114 135
115 135
116 135
117 135
118 135
119 135
120 135
101 136
103 136
104 136
105 136
107 136
108 136
109 136
110 136
111 136
112 136
113 136
114 136
115 136
117 136
118 136
119 136
120 136
102 137
103 137
104 137
105 137
106 137
108 137
109 137
110 137
112 137
113 137
115 137
116 137
117 137
118 137
119 137
120 137
101 138
102 138
103 138
104 138
105 138
106 138
107 138
108 138
109 138
110 138
111 138
112 138
113 138
115 138
116 138
117 138
118 138
119 138
120 138
101 139
102 139
103 139
104 139
106 139
107 139
108 139
110 139
111 139
112 139
113 139
114 139
115 139
117 139
118 139
119 139
120 139
101 140
102 140
103 140
104 140
105 140
106 140
107 140
108 140
110 140
111 140
112 140
113 140
115 140
116 140
117 140
118 140
121 141
122 141
123 141
124 141
125 141
126 141
127 141
128 141
130 141
136 141
138 141
121 142
122 142
123 142
124 142
126 142
127 142
128 142
129 142
131 142
133 142
135 142
137 142
138 142
139 142
140 142
121 143
122 143
123 143
124 143
125 143
126 143
127 143
129 143
132 143
133 143
136 143
137 143
138 143
140 143
121 144
122 144
123 144
124 144
125 144
126 144
127 144
128 144
129 144
130 144
131 144
133 144
134 144
135 144
136 144
138 144
139 144
140 144
121 145
122 145
123 145
124 145
126 145
129 145
131 145
132 145
133 145
134 145
135 145
138 145
140 145
121 146
122 146
123 146
124 146
125 146
126 146
127 146
128 146
129 146
130 146
132 146
133 146
134 146
135 146
136 146
138 146
121 147
122 147
123 147
126 147
127 147
128 147
129 147
130 147
132 147
133 147
138 147
139 147
140 147
121 148
123 148
124 148
126 148
128 148
129 148
132 148
133 148
136 148
137 148
138 148
140 148
121 149
123 149
124 149
125 149
128 149
130 149
132 149
133 149
134 149
135 149
136 149
137 149
138 149
139 149
140 149
121 150
124 150
125 150
127 150
128 150
129 150
133 150
134 150
135 150
136 150
137 150
139 150
140 150
121 151
122 151
123 151
124 151
125 151
126 151
127 151
130 151
131 151
132 151
133 151
134 151
135 151
137 151
138 151
139 151
140 151
121 152
122 152
123 152
124 152
125 152
126 152
127 152
128 152
129 152
130 152
131 152
132 152
133 152
135 152
136 152
137 152
138 152
139 152
121 153
122 153
123 153
124 153
125 153
126 153
127 153
128 153
129 153
130 153
131 153
132 153
133 153
134 153
135 153
136 153
137 153
138 153
140 153
122 154
123 154
124 154
125 154
126 154
127 154
128 154
130 154
131 154
132 154
133 154
134 154
136 154
137 154
138 154
139 154
140 154
121 155
122 155
123 155
125 155
126 155
127 155
128 155
130 155
131 155
132 155
135 155
139 155
140 155
121 156
123 156
124 156
125 156
126 156
127 156
129 156
130 156
131 156
132 156
135 156
136 156
139 156
140 156
121 157
122 157
123 157
124 157
125 157
126 157
128 157
130 157
131 157
132 157
133 157
134 157
135 157
136 157
137 157
138 157
139 157
140 157
121 158
122 158
123 158
124 158
125 158
126 158
127 158
128 158
129 158
130 158
131 158
132 158
133 158
134 158
135 158
136 158
137 158
138 158
140 158
121 159
122 159
123 159
124 159
126 159
127 159
128 159
129 159
130 159
132 159
133 159
134 159
135 159
136 159
137 159
138 159
139 159
140 159
124 160
125 160
126 160
127 160
128 160
130 160
131 160
132 160
133 160
134 160
136 160
137 160
138 160
139 160
141 161
142 161
143 161
144 161
145 161
146 161
147 161
148 161
149 161
150 161
151 161
152 161
153 161
154 161
155 161
156 161
157 161
160 161
142 162
143 162
144 162
145 162
146 162
147 162
149 162
153 162
154 162
155 162
156 162
157 162
158 162
159 162
160 162
141 163
142 163
143 163
145 163
147 163
148 163
149 163
150 163
154 163
155 163
156 163
157 163
158 163
159 163
160 163
141 164
142 164
143 164
144 164
146 164
147 164
148 164
150 164
151 164
152 164
155 164
156 164
157 164
158 164
159 164
160 164
142 165
144 165
145 165
147 165
148 165
149 165
151 165
154 165
155 165
157 165
159 165
141 166
142 166
143 166
144 166
145 166
146 166
147 166
148 166
149 166
150 166
151 166
152 166
154 166
155 166
156 166
157 166
158 166
159 166
160 166
141 167
142 167
143 167
144 167
146 167
148 167
149 167
150 167
151 167
152 167
153 167
156 167
157 167
158 167
159 167
160 167
141 168
142 168
143 168
144 168
145 168
146 168
147 168
148 168
149 168
150 168
152 168
153 168
154 168
155 168
160 168
141 169
143 169
145 169
146 169
147 169
148 169
149 169
150 169
152 169
153 169
154 169
156 169
157 169
158 169
159 169
160 169
141 170
142 170
143 170
144 170
146 170
147 170
148 170
150 170
151 170
152 170
153 170
154 170
155 170
157 170
158 170
159 170
160 170
141 171
142 171
143 171
146 171
148 171
149 171
150 171
151 171
153 171
155 171
156 171
157 171
158 171
159 171
141 172
142 172
143 172
144 172
145 172
147 172
148 172
149 172
150 172
151 172
152 172
154 172
155 172
156 172
157 172
158 172
159 172
160 172
141 173
142 173
143 173
144 173
145 173
146 173
147 173
149 173
150 173
151 173
152 173
153 173
154 173
155 173
156 173
157 173
158 173
159 173
142 174
143 174
145 174
146 174
148 174
149 174
150 174
151 174
152 174
153 174
154 174
155 174
156 174
157 174
158 174
159 174
160 174
143 175
144 175
146 175
148 175
150 175
151 175
154 175
155 175
157 175
158 175
159 175
160 175
142 176
143 176
145 176
146 176
147 176
148 176
149 176
150 176
151 176
152 176
153 176
154 176
155 176
156 176
157 176
158 176
159 176
141 177
143 177
144 177
145 177
147 177
148 177
149 177
150 177
151 177
152 177
153 177
154 177
156 177
157 177
160 177
141 178
142 178
147 178
148 178
149 178
151 178
153 178
154 178
155 178
156 178
157 178
160 178
141 179
142 179
143 179
144 179
145 179
146 179
147 179
148 179
149 179
151 179
153 179
154 179
155 179
156 179
157 179
158 179
159 179
160 179
141 180
142 180
143 180
144 180
145 180
146 180
147 180
148 180
149 180
150 180
151 180
155 180
156 180
157 180
158 180
159 180
160 180
161 181
162 181
164 181
165 181
167 181
169 181
170 181
171 181
172 181
176 181
177 181
161 182
162 182
163 182
164 182
165 182
167 182
169 182
170 182
171 182
172 182
173 182
175 182
177 182
178 182
179 182
161 183
162 183
163 183
165 183
166 183
168 183
170 183
171 183
172 183
174 183
175 183
176 183
177 183
178 183
179 183
161 184
162 184
163 184
167 184
168 184
169 184
171 184
173 184
174 184
175 184
176 184
177 184
178 184
179 184
180 184
161 185
162 185
163 185
164 185
165 185
167 185
168 185
169 185
170 185
171 185
172 185
173 185
174 185
175 185
176 185
177 185
178 185
179 185
180 185
161 186
162 186
163 186
164 186
165 186
166 186
167 186
169 186
171 186
173 186
174 186
175 186
178 186
179 186
161 187
162 187
163 187
164 187
165 187
166 187
167 187
168 187
169 187
170 187
171 187
172 187
175 187
176 187
177 187
179 187
180 187
161 188
162 188
163 188
164 188
165 188
166 188
167 188
169 188
171 188
172 188
174 188
175 188
176 188
177 188
178 188
179 188
162 189
163 189
164 189
165 189
166 189
167 189
169 189
170 189
171 189
172 189
173 189
175 189
177 189
161 190
162 190
164 190
166 190
168 190
169 190
170 190
171 190
172 190
173 190
174 190
175 190
176 190
177 190
179 190
180 190
161 191
162 191
163 191
164 191
165 191
167 191
169 191
170 191
171 191
172 191
173 191
175 191
176 191
178 191
179 191
180 191
161 192
164 192
166 192
167 192
170 192
171 192
172 192
173 192
174 192
175 192
176 192
178 192
179 192
180 192
162 193
163 193
165 193
169 193
170 193
172 193
173 193
174 193
175 193
176 193
177 193
178 193
180 193
161 194
164 194
165 194
166 194
170 194
171 194
172 194
173 194
174 194
175 194
176 194
177 194
178 194
179 194
180 194
161 195
162 195
163 195
164 195
165 195
166 195
167 195
169 195
170 195
171 195
172 195
173 195
174 195
175 195
178 195
179 195
180 195
161 196
162 196
163 196
164 196
165 196
168 196
169 196
170 196
171 196
173 196
174 196
176 196
177 196
178 196
179 196
161 197
162 197
164 197
165 197
166 197
167 197
169 197
172 197
173 197
174 197
175 197
176 197
177 197
178 197
179 197
180 197
161 198
162 198
163 198
164 198
165 198
166 198
168 198
169 198
170 198
171 198
172 198
173 198
174 198
175 198
177 198
178 198
180 198
161 199
162 199
163 199
164 199
166 199
167 199
168 199
170 199
173 199
174 199
179 199
180 199
161 200
162 200
163 200
164 200
165 200
168 200
169 200
171 200
172 200
173 200
174 200
175 200
176 200
178 200
179 200
180 200
181 201
183 201
184 201
185 201
186 201
187 201
189 201
191 201
192 201
193 201
194 201
200 201
182 202
184 202
185 202
186 202
188 202
189 202
190 202
191 202
193 202
195 202
196 202
198 202
199 202
200 202
181 203
182 203
183 203
185 203
186 203
187 203
188 203
189 203
190 203
191 203
192 203
193 203
194 203
195 203
197 203
198 203
199 203
182 204
183 204
184 204
185 204
186 204
187 204
188 204
189 204
190 204
191 204
193 204
194 204
195 204
199 204
200 204
181 205
182 205
183 205
184 205
185 205
186 205
188 205
189 205
191 205
192 205
193 205
194 205
195 205
197 205
199 205
200 205
181 206
182 206
184 206
185 206
186 206
187 206
188 206
189 206
190 206
191 206
193 206
194 206
195 206
196 206
198 206
181 207
183 207
186 207
187 207
189 207
190 207
193 207
194 207
195 207
196 207
198 207
199 207
200 207
181 208
182 208
183 208
184 208
186 208
187 208
189 208
190 208
191 208
192 208
193 208
195 208
196 208
197 208
198 208
199 208
200 208
181 209
182 209
183 209
184 209
185 209
186 209
187 209
189 209
190 209
191 209
193 209
194 209
195 209
196 209
198 209
199 209
200 209
181 210
183 210
184 210
185 210
186 210
187 210
188 210
189 210
190 210
193 210
194 210
195 210
196 210
197 210
198 210
199 210
200 210
181 211
182 211
183 211
184 211
185 211
187 211
188 211
189 211
190 211
191 211
192 211
193 211
194 211
195 211
197 211
198 211
200 211
181 212
182 212
183 212
184 212
185 212
186 212
187 212
188 212
189 212
191 212
192 212
193 212
195 212
196 212
197 212
198 212
182 213
184 213
185 213
187 213
189 213
191 213
192 213
193 213
194 213
195 213
196 213
197 213
199 213
200 213
181 214
183 214
186 214
187 214
189 214
191 214
192 214
193 214
196 214
198 214
199 214
200 214
182 215
184 215
186 215
188 215
190 215
191 215
192 215
193 215
194 215
195 215
199 215
200 215
181 216
182 216
183 216
185 216
186 216
187 216
188 216
189 216
191 216
192 216
193 216
195 216
196 216
199 216
181 217
182 217
183 217
184 217
186 217
187 217
188 217
190 217
191 217
193 217
194 217
196 217
198 217
199 217
200 217
181 218
182 218
183 218
184 218
185 218
186 218
187 218
188 218
189 218
190 218
191 218
192 218
193 218
194 218
196 218
197 218
199 218
181 219
182 219
183 219
185 219
186 219
187 219
189 219
190 219
191 219
192 219
193 219
195 219
196 219
198 219
199 219
200 219
181 220
182 220
183 220
184 220
185 220
186 220
187 220
188 220
189 220
190 220
191 220
192 220
193 220
194 220
196 220
197 220
198 220
199 220
200 220
201 221
202 221
204 221
205 221
206 221
208 221
209 221
211 221
212 221
213 221
214 221
216 221
218 221
219 221
220 221
201 222
203 222
204 222
205 222
207 222
208 222
210 222
211 222
214 222
216 222
217 222
218 222
201 223
203 223
204 223
205 223
206 223
207 223
208 223
209 223
210 223
211 223
212 223
213 223
214 223
215 223
216 223
218 223
219 223
203 224
205 224
206 224
207 224
209 224
210 224
211 224
213 224
216 224
217 224
218 224
219 224
220 224
201 225
202 225
203 225
204 225
205 225
206 225
207 225
208 225
209 225
211 225
212 225
214 225
215 225
216 225
217 225
218 225
219 225
202 226
203 226
204 226
205 226
206 226
210 226
211 226
212 226
213 226
214 226
215 226
216 226
219 226
220 226
202 227
203 227
204 227
205 227
206 227
207 227
208 227
209 227
211 227
215 227
216 227
217 227
218 227
219 227
220 227
202 228
203 228
204 228
205 228
206 228
207 228
208 228
210 228
212 228
213 228
214 228
215 228
216 228
217 228
218 228
219 228
220 228
201 229
202 229
204 229
206 229
208 229
209 229
210 229
211 229
213 229
215 229
216 229
220 229
201 230
202 230
203 230
204 230
205 230
206 230
208 230
209 230
210 230
211 230
212 230
213 230
215 230
217 230
218 230
219 230
220 230
202 231
203 231
204 231
205 231
206 231
207 231
209 231
211 231
212 231
213 231
216 231
217 231
218 231
220 231
201 232
202 232
203 232
204 232
205 232
206 232
207 232
208 232
209 232
210 232
211 232
213 232
214 232
215 232
216 232
218 232
219 232
220 232
201 233
202 233
206 233
211 233
212 233
213 233
214 233
216 233
218 233
219 233
220 233
201 234
202 234
204 234
206 234
208 234
209 234
210 234
211 234
212 234
213 234
214 234
216 234
218 234
219 234
201 235
202 235
204 235
205 235
206 235
207 235
208 235
209 235
210 235
211 235
212 235
215 235
219 235
220 235
201 236
203 236
204 236
205 236
207 236
208 236
209 236
211 236
212 236
214 236
215 236
216 236
217 236
218 236
219 236
202 237
203 237
205 237
208 237
210 237
211 237
212 237
214 237
215 237
217 237
218 237
219 237
201 238
203 238
204 238
205 238
206 238
207 238
208 238
209 238
210 238
211 238
213 238
214 238
215 238
216 238
218 238
219 238
220 238
201 239
202 239
205 239
206 239
207 239
208 239
209 239
211 239
212 239
213 239
214 239
215 239
216 239
218 239
220 239
202 240
203 240
204 240
205 240
206 240
207 240
208 240
209 240
210 240
211 240
212 240
213 240
214 240
215 240
219 240
221 241
223 241
226 241
228 241
229 241
230 241
231 241
233 241
234 241
235 241
236 241
237 241
238 241
239 241
240 241
221 242
222 242
223 242
225 242
226 242
227 242
228 242
229 242
230 242
233 242
236 242
238 242
239 242
221 243
222 243
223 243
224 243
225 243
226 243
229 243
231 243
233 243
234 243
235 243
236 243
238 243
239 243
240 243
221 244
223 244
225 244
228 244
230 244
231 244
232 244
233 244
234 244
237 244
238 244
222 245
225 245
226 245
227 245
228 245
229 245
230 245
231 245
232 245
233 245
234 245
235 245
236 245
237 245
238 245
221 246
222 246
223 246
224 246
225 246
226 246
228 246
229 246
230 246
232 246
233 246
234 246
235 246
236 246
237 246
238 246
239 246
221 247
223 247
224 247
225 247
226 247
227 247
228 247
231 247
232 247
233 247
234 247
235 247
236 247
237 247
238 247
221 248
222 248
223 248
224 248
226 248
227 248
228 248
229 248
231 248
233 248
234 248
236 248
237 248
238 248
240 248
221 249
223 249
224 249
226 249
227 249
228 249
229 249
230 249
231 249
232 249
233 249
234 249
235 249
237 249
238 249
239 249
240 249
221 250
222 250
223 250
224 250
225 250
226 250
227 250
228 250
229 250
230 250
231 250
232 250
234 250
235 250
236 250
238 250
239 250
222 251
225 251
226 251
229 251
230 251
231 251
232 251
233 251
236 251
237 251
239 251
240 251
221 252
223 252
224 252
225 252
226 252
231 252
232 252
233 252
234 252
235 252
236 252
237 252
238 252
239 252
240 252
221 253
222 253
223 253
224 253
225 253
226 253
227 253
231 253
232 253
233 253
234 253
235 253
238 253
239 253
240 253
221 254
224 254
226 254
227 254
228 254
229 254
230 254
231 254
232 254
233 254
234 254
236 254
237 254
238 254
239 254
240 254
224 255
225 255
226 255
227 255
229 255
231 255
232 255
235 255
236 255
237 255
238 255
240 255
221 256
222 256
224 256
226 256
227 256
228 256
229 256
230 256
231 256
232 256
233 256
235 256
236 256
237 256
238 256
240 256
221 257
223 257
225 257
226 257
227 257
228 257
229 257
231 257
232 257
233 257
236 257
237 257
238 257
239 257
240 257
222 258
223 258
224 258
225 258
226 258
227 258
228 258
229 258
231 258
232 258
233 258
234 258
235 258
237 258
238 258
239 258
221 259
222 259
223 259
224 259
225 259
227 259
229 259
230 259
232 259
236 259
237 259
238 259
239 259
240 259
222 260
224 260
225 260
226 260
227 260
228 260
229 260
232 260
234 260
236 260
238 260
239 260
241 261
242 261
244 261
245 261
246 261
248 261
249 261
250 261
251 261
253 261
254 261
256 261
257 261
259 261
242 262
243 262
244 262
245 262
247 262
248 262
249 262
250 262
251 262
252 262
254 262
255 262
256 262
257 262
259 262
241 263
242 263
243 263
247 263
248 263
249 263
250 263
251 263
252 263
253 263
254 263
256 263
257 263
258 263
259 263
260 263
241 264
242 264
244 264
245 264
247 264
249 264
250 264
251 264
253 264
255 264
256 264
257 264
259 264
260 264
241 265
242 265
243 265
244 265
245 265
246 265
247 265
248 265
249 265
250 265
252 265
253 265
254 265
255 265
256 265
257 265
259 265
260 265
241 266
242 266
243 266
244 266
247 266
248 266
249 266
250 266
251 266
252 266
253 266
254 266
255 266
256 266
258 266
260 266
241 267
244 267
247 267
249 267
251 267
252 267
253 267
254 267
255 267
256 267
257 267
258 267
259 267
260 267
241 268
243 268
244 268
246 268
247 268
249 268
250 268
251 268
252 268
254 268
255 268
256 268
257 268
258 268
259 268
242 269
243 269
244 269
245 269
246 269
247 269
248 269
250 269
251 269
252 269
253 269
254 269
255 269
256 269
258 269
259 269
260 269
242 270
243 270
244 270
245 270
247 270
249 270
250 270
251 270
252 270
253 270
254 270
255 270
256 270
258 270
259 270
260 270
241 271
242 271
243 271
244 271
248 271
249 271
250 271
251 271
252 271
254 271
257 271
258 271
259 271
260 271
241 272
242 272
243 272
244 272
245 272
246 272
247 272
248 272
252 272
254 272
255 272
256 272
257 272
258 272
259 272
241 273
242 273
243 273
244 273
245 273
246 273
248 273
249 273
251 273
253 273
254 273
256 273
257 273
258 273
259 273
260 273
241 274
242 274
243 274
245 274
247 274
249 274
252 274
253 274
254 274
256 274
259 274
241 275
243 275
245 275
246 275
248 275
249 275
250 275
251 275
252 275
253 275
254 275
255 275
259 275
260 275
241 276
244 276
245 276
246 276
247 276
252 276
254 276
255 276
257 276
258 276
259 276
260 276
241 277
243 277
244 277
245 277
246 277
247 277
249 277
250 277
251 277
252 277
255 277
258 277
259 277
260 277
241 278
243 278
245 278
246 278
247 278
248 278
249 278
250 278
251 278
252 278
254 278
255 278
256 278
257 278
258 278
259 278
260 278
241 279
242 279
243 279
245 279
249 279
250 279
252 279
253 279
254 279
255 279
256 279
259 279
260 279
241 280
243 280
244 280
245 280
248 280
249 280
250 280
251 280
252 280
253 280
254 280
255 280
257 280
258 280
259 280
260 280
261 281
264 281
265 281
266 281
267 281
269 281
270 281
271 281
272 281
273 281
274 281
275 281
277 281
278 281
280 281
262 282
263 282
265 282
266 282
267 282
271 282
272 282
273 282
274 282
276 282
277 282
278 282
279 282
280 282
263 283
265 283
266 283
267 283
269 283
270 283
271 283
272 283
273 283
274 283
275 283
276 283
277 283
278 283
280 283
261 284
262 284
263 284
264 284
265 284
267 284
268 284
269 284
270 284
271 284
272 284
273 284
274 284
275 284
276 284
277 284
279 284
261 285
262 285
264 285
265 285
266 285
267 285
268 285
269 285
270 285
271 285
272 285
273 285
274 285
275 285
276 285
277 285
278 285
279 285
261 286
264 286
265 286
266 286
267 286
269 286
270 286
272 286
273 286
274 286
275 286
277 286
279 286
280 286
261 287
262 287
263 287
264 287
265 287
266 287
267 287
268 287
269 287
270 287
272 287
273 287
275 287
276 287
278 287
279 287
280 287
262 288
263 288
264 288
265 288
267 288
269 288
270 288
272 288
273 288
274 288
275 288
276 288
278 288
279 288
280 288
261 289
262 289
263 289
264 289
265 289
266 289
267 289
269 289
270 289
272 289
273 289
274 289
276 289
278 289
279 289
280 289
261 290
262 290
263 290
265 290
267 290
269 290
270 290
271 290
272 290
275 290
276 290
277 290
278 290
279 290
280 290
261 291
262 291
263 291
265 291
266 291
267 291
268 291
271 291
272 291
273 291
275 291
276 291
277 291
279 291
263 292
264 292
265 292
266 292
267 292
269 292
270 292
271 292
272 292
273 292
274 292
275 292
276 292
277 292
278 292
279 292
261 293
262 293
263 293
264 293
265 293
266 293
267 293
269 293
272 293
273 293
274 293
275 293
276 293
277 293
278 293
279 293
261 294
263 294
265 294
266 294
267 294
268 294
269 294
270 294
271 294
272 294
273 294
274 294
276 294
277 294
278 294
279 294
263 295
264 295
265 295
268 295
272 295
273 295
275 295
276 295
277 295
278 295
279 295
280 295
261 296
262 296
263 296
264 296
265 296
266 296
268 296
269 296
270 296
272 296
275 296
276 296
277 296
278 296
279 296
280 296
261 297
263 297
266 297
267 297
269 297
271 297
273 297
274 297
276 297
277 297
279 297
280 297
261 298
262 298
263 298
265 298
266 298
269 298
270 298
271 298
272 298
273 298
274 298
276 298
277 298
279 298
280 298
261 299
263 299
264 299
268 299
269 299
271 299
273 299
275 299
276 299
277 299
278 299
279 299
280 299
261 300
264 300
267 300
268 300
269 300
270 300
271 300
272 300
273 300
275 300
277 300
278 300
279 300
280 300
