800 7823 40
20 20 20 20 20 20 20 20 20 20 20 20 20 20 20 20 20 20 20 20 20 20 20 20 20 20 20 20 20 20 20 20 20 20 20 20 20 20 20 20 
2 21
3 21
4 21
6 21
8 21
10 21
12 21
15 21
17 21
18 21
20 21
1 22
2 22
3 22
8 22
9 22
10 22
11 22
14 22
15 22
17 22
19 22
20 22
1 23
2 23
6 23
8 23
9 23
11 23
14 23
18 23
19 23
2 24
4 24
5 24
6 24
8 24
11 24
13 24
14 24
18 24
3 25
4 25
5 25
6 25
7 25
9 25
10 25
11 25
13 25
14 25
18 25
19 25
20 25
2 26
3 26
4 26
5 26
8 26
9 26
12 26
13 26
14 26
16 26
17 26
2 27
4 27
10 27
13 27
14 27
16 27
18 27
20 27
2 28
4 28
8 28
15 28
20 28
1 29
8 29
15 29
16 29
17 29
19 29
3 30
5 30
6 30
7 30
8 30
13 30
14 30
15 30
16 30
18 30
1 31
2 31
4 31
5 31
6 31
7 31
8 31
11 31
12 31
14 31
16 31
17 31
18 31
19 31
3 32
6 32
7 32
11 32
13 32
15 32
16 32
19 32
1 33
4 33
5 33
7 33
8 33
10 33
11 33
15 33
16 33
17 33
19 33
2 34
3 34
4 34
5 34
6 34
7 34
8 34
10 34
11 34
13 34
15 34
16 34
18 34
20 34
2 35
3 35
5 35
6 35
7 35
9 35
11 35
12 35
14 35
15 35
19 35
2 36
6 36
8 36
9 36
10 36
12 36
13 36
14 36
15 36
20 36
2 37
4 37
5 37
6 37
7 37
8 37
14 37
17 37
19 37
2 38
4 38
5 38
6 38
8 38
9 38
10 38
11 38
12 38
13 38
14 38
17 38
3 39
6 39
7 39
8 39
11 39
12 39
13 39
15 39
17 39
4 40
5 40
6 40
7 40
10 40
12 40
13 40
15 40
19 40
20 40
21 41
26 41
28 41
29 41
30 41
33 41
37 41
38 41
21 42
22 42
26 42
27 42
30 42
32 42
33 42
35 42
36 42
38 42
21 43
22 43
23 43
25 43
30 43
32 43
35 43
38 43
39 43
40 43
23 44
27 44
28 44
29 44
30 44
32 44
33 44
36 44
37 44
39 44
23 45
24 45
27 45
28 45
30 45
33 45
34 45
36 45
23 46
26 46
27 46
29 46
31 46
34 46
36 46
37 46
38 46
40 46
23 47
24 47
27 47
29 47
31 47
34 47
39 47
40 47
24 48
25 48
28 48
29 48
30 48
31 48
34 48
35 48
37 48
38 48
40 48
21 49
22 49
23 49
25 49
28 49
33 49
34 49
35 49
36 49
37 49
38 49
39 49
40 49
21 50
24 50
25 50
26 50
27 50
28 50
29 50
30 50
31 50
33 50
35 50
37 50
39 50
40 50
21 51
22 51
24 51
26 51
30 51
31 51
32 51
35 51
37 51
38 51
27 52
29 52
30 52
31 52
33 52
34 52
35 52
36 52
23 53
25 53
27 53
28 53
29 53
31 53
32 53
33 53
35 53
36 53
37 53
39 53
40 53
22 54
23 54
24 54
25 54
27 54
29 54
32 54
33 54
35 54
37 54
39 54
40 54
21 55
22 55
25 55
28 55
30 55
33 55
34 55
35 55
36 55
37 55
38 55
39 55
40 55
21 56
22 56
23 56
24 56
25 56
26 56
36 56
37 56
39 56
22 57
24 57
28 57
30 57
32 57
34 57
35 57
37 57
40 57
22 58
25 58
28 58
30 58
35 58
38 58
39 58
40 58
23 59
24 59
25 59
27 59
31 59
34 59
37 59
38 59
21 60
22 60
25 60
27 60
30 60
31 60
32 60
37 60
38 60
44 61
45 61
47 61
50 61
55 61
56 61
57 61
42 62
45 62
46 62
49 62
57 62
58 62
59 62
60 62
41 63
43 63
48 63
49 63
50 63
51 63
53 63
56 63
59 63
60 63
41 64
45 64
49 64
50 64
51 64
53 64
56 64
57 64
60 64
47 65
48 65
49 65
50 65
53 65
55 65
56 65
57 65
58 65
44 66
45 66
46 66
50 66
52 66
53 66
54 66
56 66
57 66
41 67
43 67
44 67
45 67
47 67
49 67
50 67
52 67
53 67
55 67
41 68
42 68
43 68
44 68
49 68
52 68
53 68
42 69
43 69
46 69
47 69
49 69
50 69
53 69
54 69
55 69
56 69
59 69
41 70
42 70
43 70
44 70
45 70
48 70
49 70
50 70
51 70
52 70
55 70
56 70
57 70
58 70
43 71
45 71
47 71
49 71
50 71
53 71
54 71
55 71
56 71
58 71
59 71
60 71
43 72
45 72
47 72
48 72
50 72
51 72
55 72
59 72
60 72
41 73
42 73
45 73
46 73
49 73
52 73
54 73
55 73
59 73
60 73
47 74
49 74
51 74
53 74
57 74
60 74
43 75
44 75
45 75
46 75
49 75
50 75
54 75
57 75
58 75
59 75
60 75
42 76
44 76
45 76
46 76
50 76
54 76
57 76
59 76
41 77
43 77
45 77
46 77
47 77
48 77
52 77
53 77
54 77
56 77
59 77
60 77
42 78
43 78
44 78
47 78
51 78
54 78
56 78
58 78
59 78
60 78
42 79
43 79
44 79
45 79
50 79
51 79
52 79
53 79
54 79
55 79
56 79
58 79
41 80
47 80
48 80
49 80
50 80
51 80
52 80
53 80
54 80
55 80
57 80
58 80
59 80
61 81
62 81
63 81
64 81
68 81
69 81
76 81
79 81
61 82
62 82
65 82
66 82
67 82
70 82
71 82
73 82
75 82
77 82
78 82
79 82
80 82
63 83
65 83
66 83
70 83
71 83
72 83
75 83
77 83
78 83
79 83
62 84
64 84
66 84
67 84
68 84
70 84
71 84
72 84
74 84
75 84
76 84
80 84
62 85
63 85
64 85
66 85
69 85
72 85
73 85
74 85
75 85
76 85
77 85
78 85
80 85
61 86
62 86
66 86
72 86
74 86
78 86
61 87
63 87
64 87
65 87
66 87
70 87
71 87
76 87
79 87
80 87
61 88
62 88
63 88
64 88
66 88
69 88
71 88
72 88
73 88
74 88
75 88
76 88
79 88
63 89
65 89
66 89
68 89
69 89
71 89
72 89
75 89
76 89
78 89
79 89
62 90
65 90
68 90
69 90
72 90
73 90
74 90
75 90
78 90
79 90
80 90
61 91
64 91
68 91
69 91
70 91
72 91
73 91
76 91
79 91
80 91
61 92
62 92
63 92
65 92
66 92
68 92
70 92
76 92
78 92
62 93
64 93
65 93
66 93
70 93
71 93
72 93
74 93
77 93
78 93
61 94
62 94
63 94
65 94
66 94
68 94
69 94
71 94
73 94
74 94
80 94
61 95
62 95
63 95
65 95
67 95
68 95
69 95
71 95
72 95
74 95
79 95
80 95
62 96
65 96
66 96
71 96
73 96
74 96
75 96
76 96
78 96
79 96
61 97
66 97
67 97
68 97
72 97
73 97
74 97
77 97
79 97
62 98
64 98
65 98
66 98
75 98
77 98
61 99
63 99
64 99
67 99
69 99
72 99
74 99
76 99
77 99
78 99
61 100
62 100
63 100
70 100
71 100
72 100
74 100
76 100
77 100
78 100
81 101
82 101
83 101
86 101
87 101
91 101
95 101
96 101
97 101
98 101
99 101
82 102
84 102
85 102
86 102
89 102
90 102
91 102
94 102
96 102
98 102
100 102
85 103
92 103
93 103
99 103
100 103
86 104
87 104
88 104
92 104
93 104
95 104
96 104
99 104
100 104
81 105
82 105
83 105
84 105
87 105
89 105
90 105
91 105
94 105
97 105
99 105
81 106
82 106
84 106
86 106
87 106
88 106
90 106
91 106
92 106
93 106
94 106
95 106
98 106
100 106
83 107
85 107
86 107
89 107
92 107
93 107
94 107
97 107
99 107
81 108
85 108
87 108
93 108
94 108
95 108
98 108
99 108
100 108
81 109
83 109
86 109
87 109
90 109
91 109
93 109
95 109
96 109
97 109
98 109
99 109
81 110
82 110
84 110
85 110
90 110
95 110
96 110
98 110
100 110
81 111
83 111
84 111
85 111
86 111
87 111
88 111
89 111
91 111
92 111
94 111
95 111
97 111
99 111
100 111
83 112
89 112
92 112
93 112
94 112
96 112
97 112
99 112
100 112
82 113
85 113
89 113
91 113
92 113
94 113
96 113
97 113
100 113
83 114
84 114
87 114
88 114
89 114
91 114
92 114
97 114
98 114
99 114
100 114
81 115
82 115
83 115
84 115
86 115
87 115
88 115
89 115
90 115
92 115
94 115
97 115
100 115
86 116
91 116
92 116
93 116
94 116
95 116
96 116
98 116
99 116
81 117
83 117
85 117
87 117
91 117
93 117
94 117
96 117
97 117
81 118
82 118
86 118
89 118
92 118
93 118
95 118
98 118
99 118
81 119
83 119
84 119
86 119
88 119
91 119
92 119
99 119
82 120
83 120
84 120
85 120
86 120
88 120
89 120
92 120
93 120
95 120
96 120
98 120
100 120
101 121
105 121
107 121
110 121
111 121
112 121
117 121
118 121
120 121
102 122
104 122
106 122
108 122
111 122
113 122
115 122
117 122
119 122
120 122
102 123
103 123
111 123
112 123
113 123
114 123
115 123
116 123
119 123
120 123
101 124
103 124
104 124
105 124
106 124
107 124
108 124
110 124
111 124
114 124
115 124
118 124
120 124
101 125
102 125
103 125
104 125
105 125
107 125
108 125
109 125
110 125
113 125
114 125
115 125
116 125
118 125
119 125
101 126
102 126
104 126
106 126
112 126
115 126
117 126
118 126
119 126
102 127
103 127
105 127
107 127
108 127
110 127
111 127
117 127
119 127
120 127
104 128
106 128
108 128
114 128
117 128
118 128
119 128
101 129
105 129
106 129
107 129
108 129
110 129
114 129
116 129
117 129
119 129
120 129
102 130
104 130
105 130
107 130
108 130
110 130
112 130
114 130
116 130
117 130
101 131
102 131
104 131
105 131
106 131
107 131
110 131
111 131
114 131
116 131
117 131
118 131
120 131
104 132
105 132
106 132
109 132
110 132
113 132
117 132
118 132
119 132
120 132
101 133
103 133
105 133
106 133
107 133
109 133
111 133
112 133
114 133
115 133
116 133
117 133
119 133
120 133
101 134
102 134
103 134
105 134
107 134
108 134
109 134
110 134
111 134
112 134
114 134
115 134
117 134
120 134
101 135
102 135
107 135
108 135
109 135
111 135
115 135
116 135
117 135
118 135
120 135
101 136
103 136
104 136
105 136
107 136
108 136
111 136
112 136
113 136
115 136
117 136
118 136
119 136
120 136
104 137
105 137
106 137
109 137
110 137
115 137
117 137
118 137
119 137
102 138
106 138
107 138
108 138
111 138
115 138
116 138
117 138
118 138
119 138
102 139
103 139
104 139
106 139
107 139
111 139
113 139
117 139
118 139
119 139
101 140
103 140
104 140
105 140
106 140
107 140
110 140
111 140
112 140
113 140
116 140
117 140
118 140
121 141
122 141
127 141
128 141
136 141
138 141
122 142
123 142
124 142
126 142
129 142
131 142
135 142
137 142
138 142
140 142
122 143
124 143
125 143
126 143
129 143
132 143
133 143
136 143
138 143
140 143
121 144
123 144
124 144
126 144
127 144
129 144
130 144
133 144
134 144
135 144
136 144
138 144
139 144
140 144
121 145
122 145
123 145
126 145
129 145
133 145
134 145
135 145
140 145
122 146
123 146
124 146
125 146
126 146
128 146
129 146
132 146
133 146
134 146
136 146
121 147
122 147
126 147
127 147
128 147
129 147
130 147
133 147
138 147
139 147
121 148
123 148
126 148
128 148
132 148
136 148
138 148
140 148
121 149
123 149
124 149
125 149
132 149
133 149
136 149
138 149
139 149
121 150
124 150
125 150
127 150
128 150
133 150
136 150
137 150
139 150
140 150
121 151
123 151
124 151
125 151
126 151
127 151
131 151
133 151
134 151
135 151
137 151
140 151
121 152
130 152
131 152
132 152
133 152
136 152
137 152
138 152
139 152
123 153
124 153
126 153
128 153
129 153
130 153
133 153
134 153
135 153
136 153
137 153
140 153
122 154
123 154
124 154
125 154
126 154
127 154
130 154
133 154
134 154
136 154
140 154
125 155
127 155
130 155
131 155
132 155
135 155
139 155
121 156
124 156
125 156
126 156
127 156
130 156
131 156
132 156
135 156
136 156
139 156
140 156
121 157
122 157
126 157
128 157
131 157
133 157
134 157
135 157
138 157
140 157
122 158
123 158
124 158
126 158
128 158
130 158
131 158
132 158
133 158
134 158
135 158
137 158
138 158
123 159
127 159
128 159
130 159
133 159
134 159
135 159
138 159
139 159
140 159
124 160
126 160
128 160
130 160
131 160
132 160
133 160
134 160
136 160
137 160
138 160
142 161
143 161
144 161
145 161
146 161
147 161
149 161
152 161
156 161
157 161
160 161
142 162
143 162
145 162
146 162
147 162
149 162
154 162
156 162
157 162
158 162
159 162
160 162
141 163
142 163
143 163
145 163
148 163
150 163
155 163
156 163
160 163
143 164
146 164
148 164
150 164
151 164
152 164
155 164
156 164
157 164
158 164
159 164
160 164
142 165
144 165
147 165
151 165
154 165
155 165
142 166
143 166
145 166
147 166
148 166
149 166
150 166
151 166
152 166
154 166
155 166
156 166
159 166
160 166
141 167
142 167
143 167
149 167
151 167
152 167
153 167
158 167
160 167
141 168
142 168
143 168
145 168
148 168
152 168
155 168
160 168
141 169
145 169
147 169
149 169
150 169
152 169
154 169
156 169
157 169
160 169
143 170
146 170
148 170
150 170
151 170
152 170
153 170
155 170
157 170
158 170
160 170
143 171
146 171
148 171
149 171
150 171
151 171
157 171
158 171
141 172
142 172
143 172
145 172
147 172
149 172
152 172
154 172
155 172
157 172
159 172
160 172
142 173
144 173
145 173
146 173
147 173
149 173
150 173
151 173
153 173
155 173
156 173
157 173
158 173
159 173
142 174
145 174
146 174
148 174
149 174
150 174
152 174
153 174
156 174
157 174
160 174
144 175
146 175
151 175
155 175
157 175
158 175
159 175
160 175
142 176
143 176
145 176
146 176
147 176
150 176
152 176
153 176
154 176
155 176
156 176
157 176
158 176
159 176
141 177
143 177
144 177
145 177
147 177
148 177
149 177
150 177
154 177
156 177
157 177
160 177
141 178
142 178
148 178
149 178
151 178
153 178
154 178
155 178
156 178
160 178
141 179
142 179
143 179
144 179
146 179
147 179
149 179
154 179
155 179
156 179
157 179
158 179
159 179
160 179
141 180
142 180
143 180
144 180
145 180
148 180
150 180
151 180
155 180
157 180
158 180
159 180
160 180
165 181
167 181
170 181
176 181
177 181
161 182
164 182
165 182
167 182
172 182
175 182
178 182
179 182
161 183
162 183
163 183
165 183
166 183
168 183
171 183
174 183
175 183
176 183
177 183
178 183
179 183
161 184
162 184
167 184
168 184
169 184
171 184
173 184
174 184
175 184
176 184
177 184
178 184
180 184
162 185
163 185
168 185
170 185
171 185
173 185
176 185
178 185
179 185
161 186
162 186
163 186
165 186
166 186
167 186
171 186
173 186
174 186
175 186
178 186
179 186
161 187
165 187
166 187
167 187
168 187
169 187
170 187
171 187
172 187
175 187
179 187
180 187
161 188
162 188
163 188
164 188
165 188
166 188
167 188
169 188
171 188
172 188
174 188
175 188
177 188
162 189
165 189
166 189
167 189
170 189
171 189
172 189
175 189
177 189
161 190
164 190
166 190
169 190
170 190
171 190
174 190
179 190
180 190
163 191
164 191
165 191
169 191
170 191
171 191
172 191
175 191
176 191
178 191
179 191
180 191
161 192
164 192
166 192
167 192
170 192
171 192
173 192
174 192
175 192
176 192
179 192
180 192
162 193
163 193
165 193
169 193
172 193
173 193
174 193
175 193
176 193
177 193
178 193
180 193
164 194
165 194
166 194
170 194
171 194
172 194
173 194
174 194
178 194
162 195
163 195
164 195
165 195
167 195
169 195
171 195
172 195
173 195
174 195
175 195
178 195
179 195
180 195
161 196
162 196
163 196
164 196
165 196
169 196
170 196
174 196
179 196
161 197
162 197
164 197
165 197
169 197
172 197
173 197
174 197
179 197
180 197
161 198
162 198
166 198
168 198
170 198
171 198
172 198
174 198
177 198
178 198
180 198
162 199
163 199
164 199
166 199
167 199
168 199
170 199
179 199
161 200
162 200
164 200
165 200
168 200
169 200
172 200
174 200
176 200
178 200
180 200
181 201
185 201
186 201
187 201
189 201
191 201
192 201
193 201
194 201
200 201
182 202
184 202
186 202
188 202
189 202
190 202
193 202
196 202
199 202
181 203
182 203
183 203
185 203
186 203
187 203
188 203
189 203
190 203
192 203
193 203
194 203
195 203
197 203
198 203
199 203
183 204
184 204
185 204
186 204
189 204
190 204
193 204
194 204
199 204
200 204
183 205
184 205
185 205
186 205
188 205
189 205
191 205
192 205
193 205
200 205
181 206
185 206
186 206
187 206
190 206
191 206
193 206
194 206
195 206
196 206
181 207
186 207
189 207
190 207
193 207
195 207
199 207
181 208
183 208
184 208
187 208
189 208
191 208
193 208
195 208
196 208
197 208
198 208
199 208
182 209
183 209
184 209
186 209
189 209
190 209
195 209
198 209
199 209
183 210
185 210
188 210
195 210
196 210
197 210
199 210
200 210
184 211
185 211
187 211
188 211
190 211
191 211
192 211
193 211
194 211
195 211
197 211
198 211
181 212
182 212
184 212
186 212
187 212
188 212
189 212
191 212
193 212
197 212
198 212
182 213
184 213
189 213
191 213
192 213
193 213
195 213
196 213
197 213
200 213
181 214
187 214
189 214
198 214
199 214
200 214
186 215
188 215
190 215
191 215
194 215
199 215
181 216
183 216
185 216
188 216
189 216
191 216
192 216
195 216
196 216
181 217
182 217
186 217
188 217
190 217
191 217
194 217
199 217
200 217
183 218
184 218
185 218
186 218
187 218
189 218
190 218
191 218
193 218
196 218
181 219
183 219
185 219
186 219
189 219
195 219
196 219
198 219
199 219
181 220
183 220
184 220
185 220
189 220
190 220
192 220
193 220
194 220
196 220
199 220
201 221
202 221
204 221
209 221
211 221
213 221
214 221
216 221
218 221
219 221
201 222
203 222
204 222
205 222
207 222
216 222
217 222
218 222
201 223
203 223
205 223
208 223
209 223
212 223
213 223
214 223
216 223
218 223
219 223
205 224
206 224
210 224
213 224
216 224
217 224
218 224
220 224
202 225
203 225
204 225
205 225
207 225
208 225
209 225
212 225
216 225
218 225
219 225
202 226
203 226
204 226
205 226
206 226
210 226
212 226
214 226
215 226
216 226
202 227
203 227
204 227
205 227
206 227
207 227
208 227
211 227
218 227
219 227
220 227
203 228
204 228
205 228
208 228
210 228
212 228
213 228
215 228
219 228
201 229
202 229
204 229
206 229
210 229
215 229
220 229
201 230
205 230
206 230
208 230
211 230
212 230
215 230
218 230
202 231
203 231
204 231
205 231
207 231
209 231
212 231
213 231
216 231
217 231
218 231
202 232
203 232
206 232
208 232
209 232
211 232
213 232
214 232
215 232
216 232
218 232
219 232
202 233
206 233
211 233
212 233
213 233
214 233
219 233
220 233
201 234
202 234
204 234
206 234
210 234
214 234
216 234
218 234
219 234
202 235
204 235
205 235
207 235
208 235
210 235
212 235
220 235
204 236
205 236
207 236
208 236
209 236
211 236
212 236
214 236
217 236
219 236
202 237
203 237
205 237
211 237
212 237
214 237
218 237
201 238
203 238
204 238
205 238
206 238
207 238
210 238
213 238
214 238
218 238
220 238
201 239
202 239
205 239
206 239
207 239
208 239
209 239
211 239
213 239
216 239
218 239
220 239
202 240
204 240
206 240
207 240
212 240
213 240
215 240
219 240
221 241
223 241
229 241
230 241
231 241
236 241
238 241
239 241
221 242
222 242
223 242
226 242
227 242
228 242
229 242
233 242
236 242
239 242
221 243
223 243
224 243
226 243
231 243
233 243
235 243
236 243
238 243
239 243
240 243
221 244
223 244
225 244
228 244
230 244
232 244
233 244
238 244
222 245
227 245
228 245
229 245
230 245
231 245
232 245
234 245
236 245
237 245
238 245
221 246
225 246
228 246
230 246
232 246
235 246
236 246
224 247
225 247
226 247
227 247
228 247
231 247
232 247
233 247
234 247
235 247
236 247
237 247
238 247
223 248
224 248
227 248
228 248
229 248
234 248
236 248
238 248
240 248
221 249
223 249
224 249
226 249
227 249
228 249
229 249
230 249
232 249
234 249
237 249
238 249
239 249
240 249
222 250
224 250
227 250
228 250
229 250
230 250
231 250
232 250
234 250
236 250
238 250
239 250
222 251
225 251
226 251
229 251
230 251
232 251
233 251
236 251
237 251
239 251
240 251
221 252
223 252
224 252
225 252
233 252
234 252
235 252
238 252
240 252
222 253
223 253
224 253
225 253
226 253
231 253
232 253
233 253
234 253
235 253
239 253
226 254
228 254
229 254
230 254
231 254
232 254
236 254
237 254
238 254
239 254
226 255
227 255
229 255
231 255
232 255
235 255
236 255
240 255
222 256
224 256
226 256
227 256
228 256
229 256
235 256
236 256
237 256
238 256
240 256
223 257
225 257
228 257
229 257
232 257
233 257
236 257
238 257
239 257
222 258
224 258
225 258
226 258
227 258
228 258
231 258
234 258
238 258
239 258
221 259
223 259
225 259
227 259
230 259
236 259
237 259
238 259
239 259
240 259
222 260
224 260
225 260
227 260
228 260
229 260
232 260
234 260
236 260
239 260
242 261
244 261
245 261
248 261
249 261
250 261
251 261
253 261
254 261
256 261
257 261
243 262
247 262
254 262
255 262
259 262
242 263
243 263
247 263
249 263
250 263
251 263
252 263
253 263
254 263
256 263
257 263
258 263
259 263
241 264
242 264
244 264
245 264
247 264
249 264
253 264
259 264
241 265
245 265
246 265
247 265
248 265
249 265
250 265
253 265
254 265
255 265
256 265
257 265
241 266
242 266
243 266
247 266
248 266
252 266
253 266
254 266
255 266
256 266
260 266
244 267
247 267
251 267
252 267
253 267
256 267
257 267
258 267
260 267
243 268
244 268
246 268
247 268
249 268
252 268
256 268
257 268
258 268
259 268
244 269
246 269
248 269
250 269
252 269
253 269
255 269
256 269
259 269
260 269
243 270
245 270
250 270
251 270
252 270
253 270
254 270
255 270
256 270
258 270
259 270
243 271
244 271
248 271
249 271
250 271
254 271
258 271
259 271
260 271
244 272
245 272
246 272
248 272
252 272
254 272
255 272
256 272
258 272
241 273
242 273
243 273
244 273
245 273
248 273
249 273
251 273
254 273
256 273
259 273
241 274
242 274
245 274
247 274
256 274
259 274
241 275
243 275
248 275
249 275
250 275
251 275
254 275
255 275
260 275
241 276
245 276
247 276
252 276
254 276
255 276
257 276
258 276
260 276
241 277
243 277
244 277
245 277
249 277
251 277
252 277
255 277
258 277
243 278
247 278
249 278
250 278
251 278
254 278
255 278
256 278
259 278
242 279
243 279
245 279
249 279
250 279
252 279
253 279
256 279
260 279
241 280
243 280
245 280
249 280
250 280
251 280
257 280
258 280
260 280
267 281
270 281
271 281
273 281
275 281
278 281
262 282
263 282
265 282
266 282
267 282
271 282
272 282
276 282
277 282
278 282
279 282
263 283
266 283
267 283
269 283
270 283
271 283
272 283
276 283
261 284
262 284
264 284
265 284
267 284
269 284
270 284
271 284
272 284
274 284
275 284
279 284
261 285
265 285
266 285
269 285
270 285
271 285
272 285
275 285
279 285
261 286
264 286
266 286
267 286
269 286
270 286
272 286
273 286
274 286
275 286
277 286
280 286
262 287
263 287
265 287
267 287
268 287
270 287
272 287
273 287
275 287
276 287
278 287
279 287
280 287
262 288
264 288
267 288
269 288
272 288
274 288
276 288
278 288
279 288
280 288
261 289
262 289
263 289
264 289
265 289
266 289
267 289
270 289
273 289
276 289
279 289
280 289
261 290
262 290
265 290
267 290
269 290
270 290
271 290
272 290
275 290
276 290
277 290
279 290
261 291
262 291
263 291
265 291
266 291
267 291
268 291
273 291
275 291
276 291
279 291
263 292
270 292
271 292
274 292
275 292
277 292
278 292
261 293
262 293
263 293
273 293
277 293
278 293
261 294
266 294
267 294
269 294
270 294
271 294
272 294
273 294
274 294
276 294
277 294
279 294
263 295
264 295
265 295
273 295
275 295
279 295
261 296
262 296
263 296
266 296
268 296
269 296
272 296
277 296
280 296
261 297
263 297
266 297
267 297
269 297
271 297
273 297
274 297
280 297
263 298
265 298
270 298
271 298
280 298
263 299
264 299
268 299
269 299
273 299
276 299
277 299
278 299
279 299
280 299
264 300
268 300
270 300
272 300
273 300
275 300
278 300
280 300
281 301
282 301
284 301
285 301
288 301
292 301
294 301
296 301
299 301
282 302
285 302
286 302
289 302
290 302
293 302
294 302
295 302
296 302
300 302
281 303
282 303
285 303
287 303
288 303
290 303
291 303
292 303
295 303
298 303
299 303
282 304
286 304
287 304
288 304
289 304
292 304
295 304
297 304
298 304
299 304
284 305
286 305
289 305
293 305
295 305
299 305
300 305
283 306
286 306
288 306
290 306
292 306
293 306
294 306
295 306
298 306
299 306
281 307
282 307
284 307
287 307
288 307
289 307
290 307
291 307
293 307
296 307
298 307
299 307
300 307
284 308
289 308
290 308
292 308
294 308
297 308
299 308
300 308
282 309
285 309
287 309
290 309
291 309
292 309
296 309
298 309
300 309
281 310
282 310
283 310
284 310
285 310
286 310
288 310
290 310
291 310
295 310
299 310
281 311
286 311
287 311
289 311
292 311
295 311
296 311
300 311
281 312
282 312
283 312
284 312
286 312
289 312
290 312
292 312
295 312
296 312
297 312
298 312
300 312
283 313
284 313
285 313
286 313
287 313
289 313
290 313
294 313
295 313
296 313
298 313
299 313
300 313
282 314
284 314
285 314
287 314
289 314
292 314
293 314
295 314
297 314
283 315
285 315
286 315
288 315
290 315
292 315
294 315
297 315
298 315
299 315
300 315
281 316
283 316
284 316
285 316
289 316
290 316
291 316
292 316
293 316
296 316
297 316
299 316
283 317
285 317
288 317
290 317
292 317
297 317
298 317
299 317
281 318
286 318
287 318
289 318
290 318
294 318
295 318
296 318
297 318
299 318
300 318
281 319
282 319
284 319
286 319
287 319
293 319
296 319
298 319
299 319
282 320
284 320
289 320
290 320
292 320
293 320
296 320
297 320
299 320
300 320
304 321
305 321
307 321
309 321
310 321
312 321
313 321
314 321
315 321
316 321
318 321
319 321
320 321
304 322
308 322
310 322
312 322
313 322
315 322
317 322
318 322
319 322
304 323
309 323
311 323
312 323
314 323
317 323
318 323
320 323
301 324
304 324
306 324
307 324
309 324
311 324
314 324
316 324
301 325
302 325
305 325
306 325
307 325
308 325
310 325
312 325
313 325
315 325
318 325
303 326
306 326
307 326
308 326
309 326
316 326
318 326
319 326
320 326
301 327
302 327
306 327
309 327
311 327
314 327
317 327
319 327
301 328
302 328
303 328
304 328
306 328
307 328
308 328
310 328
313 328
314 328
316 328
318 328
320 328
307 329
308 329
311 329
316 329
318 329
320 329
302 330
307 330
309 330
310 330
311 330
312 330
313 330
314 330
316 330
317 330
318 330
319 330
320 330
303 331
304 331
306 331
309 331
312 331
317 331
318 331
319 331
320 331
301 332
302 332
303 332
304 332
306 332
308 332
311 332
312 332
313 332
314 332
316 332
317 332
319 332
301 333
302 333
303 333
305 333
307 333
312 333
313 333
314 333
315 333
317 333
319 333
301 334
303 334
306 334
307 334
311 334
313 334
316 334
319 334
301 335
306 335
307 335
308 335
310 335
311 335
314 335
315 335
316 335
317 335
318 335
319 335
320 335
302 336
303 336
308 336
309 336
310 336
312 336
313 336
314 336
316 336
319 336
320 336
303 337
304 337
305 337
306 337
308 337
311 337
312 337
313 337
314 337
317 337
319 337
320 337
301 338
302 338
305 338
309 338
311 338
313 338
314 338
316 338
319 338
320 338
301 339
303 339
305 339
308 339
309 339
310 339
311 339
312 339
313 339
314 339
315 339
316 339
319 339
320 339
303 340
304 340
305 340
308 340
309 340
313 340
314 340
315 340
317 340
320 340
321 341
324 341
330 341
331 341
332 341
333 341
336 341
338 341
323 342
324 342
326 342
329 342
330 342
331 342
334 342
335 342
340 342
321 343
324 343
325 343
326 343
327 343
332 343
334 343
335 343
336 343
337 343
339 343
340 343
321 344
322 344
323 344
325 344
326 344
328 344
331 344
332 344
334 344
338 344
321 345
333 345
322 346
324 346
326 346
330 346
332 346
333 346
334 346
337 346
338 346
339 346
322 347
323 347
324 347
325 347
329 347
333 347
335 347
336 347
337 347
339 347
340 347
321 348
322 348
325 348
327 348
328 348
332 348
333 348
337 348
338 348
339 348
321 349
324 349
325 349
326 349
327 349
328 349
329 349
331 349
333 349
338 349
340 349
322 350
324 350
325 350
326 350
327 350
328 350
329 350
336 350
337 350
338 350
340 350
321 351
322 351
323 351
324 351
326 351
327 351
328 351
332 351
334 351
335 351
338 351
340 351
321 352
322 352
323 352
325 352
326 352
330 352
333 352
336 352
339 352
321 353
325 353
327 353
328 353
329 353
331 353
333 353
334 353
335 353
337 353
338 353
340 353
322 354
323 354
325 354
326 354
328 354
330 354
334 354
336 354
338 354
340 354
321 355
322 355
325 355
328 355
330 355
332 355
338 355
340 355
322 356
324 356
326 356
327 356
330 356
331 356
333 356
334 356
336 356
321 357
322 357
323 357
328 357
333 357
335 357
337 357
338 357
339 357
340 357
321 358
325 358
330 358
335 358
337 358
324 359
328 359
331 359
332 359
334 359
337 359
338 359
339 359
321 360
325 360
329 360
330 360
332 360
335 360
339 360
342 361
346 361
348 361
349 361
352 361
354 361
356 361
359 361
341 362
342 362
343 362
346 362
347 362
349 362
350 362
353 362
354 362
355 362
356 362
358 362
359 362
342 363
343 363
344 363
346 363
349 363
352 363
353 363
355 363
356 363
357 363
358 363
359 363
341 364
342 364
343 364
344 364
345 364
346 364
348 364
350 364
353 364
354 364
357 364
358 364
360 364
342 365
346 365
350 365
352 365
353 365
354 365
356 365
359 365
341 366
342 366
343 366
344 366
347 366
349 366
350 366
356 366
358 366
359 366
360 366
342 367
343 367
347 367
349 367
351 367
352 367
354 367
355 367
356 367
358 367
359 367
360 367
347 368
349 368
351 368
352 368
353 368
356 368
357 368
359 368
342 369
344 369
353 369
354 369
356 369
358 369
360 369
342 370
343 370
344 370
345 370
346 370
348 370
349 370
350 370
352 370
353 370
355 370
356 370
357 370
359 370
348 371
349 371
356 371
357 371
358 371
359 371
343 372
344 372
348 372
349 372
351 372
353 372
358 372
343 373
346 373
348 373
349 373
350 373
351 373
352 373
356 373
357 373
358 373
359 373
342 374
346 374
348 374
350 374
352 374
355 374
356 374
359 374
360 374
341 375
342 375
343 375
349 375
350 375
352 375
354 375
355 375
356 375
357 375
359 375
341 376
342 376
344 376
347 376
348 376
349 376
352 376
355 376
356 376
358 376
341 377
342 377
345 377
347 377
348 377
350 377
352 377
353 377
354 377
355 377
356 377
358 377
360 377
341 378
342 378
345 378
346 378
347 378
348 378
349 378
350 378
351 378
354 378
356 378
358 378
344 379
346 379
349 379
350 379
351 379
355 379
356 379
357 379
360 379
343 380
346 380
347 380
349 380
351 380
357 380
362 381
363 381
365 381
369 381
371 381
375 381
376 381
378 381
361 382
362 382
364 382
365 382
368 382
369 382
371 382
372 382
374 382
375 382
376 382
378 382
379 382
361 383
362 383
364 383
365 383
366 383
368 383
372 383
373 383
376 383
378 383
380 383
361 384
362 384
363 384
364 384
365 384
367 384
368 384
371 384
373 384
375 384
376 384
379 384
361 385
363 385
365 385
367 385
370 385
371 385
372 385
376 385
380 385
361 386
362 386
365 386
366 386
367 386
370 386
371 386
372 386
375 386
376 386
377 386
378 386
379 386
362 387
364 387
365 387
368 387
369 387
371 387
374 387
375 387
376 387
377 387
379 387
380 387
361 388
365 388
368 388
369 388
370 388
371 388
376 388
379 388
380 388
361 389
363 389
367 389
370 389
372 389
374 389
375 389
380 389
361 390
362 390
363 390
364 390
365 390
368 390
369 390
370 390
372 390
373 390
377 390
378 390
363 391
364 391
365 391
366 391
367 391
369 391
370 391
372 391
373 391
377 391
379 391
380 391
361 392
362 392
363 392
365 392
368 392
371 392
372 392
376 392
377 392
378 392
379 392
361 393
364 393
365 393
366 393
367 393
369 393
370 393
375 393
378 393
380 393
361 394
362 394
364 394
365 394
366 394
370 394
371 394
372 394
373 394
374 394
376 394
377 394
378 394
380 394
364 395
368 395
369 395
370 395
371 395
372 395
374 395
377 395
378 395
361 396
362 396
363 396
364 396
367 396
368 396
371 396
372 396
378 396
380 396
361 397
363 397
367 397
368 397
370 397
372 397
373 397
374 397
361 398
362 398
364 398
365 398
366 398
367 398
370 398
371 398
374 398
375 398
376 398
379 398
380 398
361 399
363 399
364 399
365 399
367 399
369 399
370 399
371 399
372 399
373 399
375 399
376 399
361 400
363 400
364 400
367 400
368 400
369 400
370 400
372 400
374 400
376 400
377 400
378 400
379 400
381 401
382 401
383 401
385 401
387 401
388 401
391 401
393 401
395 401
396 401
400 401
382 402
384 402
385 402
389 402
391 402
392 402
393 402
395 402
397 402
400 402
385 403
389 403
393 403
397 403
398 403
383 404
384 404
388 404
395 404
396 404
397 404
398 404
400 404
381 405
382 405
387 405
388 405
391 405
393 405
395 405
398 405
400 405
382 406
383 406
385 406
386 406
387 406
389 406
390 406
392 406
393 406
394 406
396 406
397 406
398 406
399 406
386 407
389 407
392 407
393 407
398 407
400 407
382 408
384 408
386 408
387 408
389 408
391 408
392 408
395 408
396 408
398 408
384 409
386 409
390 409
393 409
394 409
396 409
397 409
398 409
400 409
384 410
386 410
388 410
390 410
391 410
393 410
395 410
398 410
399 410
382 411
388 411
390 411
391 411
392 411
393 411
396 411
397 411
399 411
400 411
381 412
383 412
384 412
385 412
387 412
391 412
392 412
393 412
397 412
381 413
383 413
384 413
390 413
394 413
395 413
396 413
399 413
400 413
382 414
385 414
386 414
387 414
388 414
389 414
393 414
396 414
399 414
400 414
383 415
384 415
388 415
390 415
391 415
392 415
394 415
395 415
398 415
381 416
382 416
385 416
386 416
389 416
390 416
392 416
393 416
394 416
399 416
381 417
382 417
383 417
384 417
387 417
391 417
392 417
393 417
394 417
395 417
397 417
400 417
387 418
388 418
390 418
391 418
396 418
398 418
399 418
400 418
381 419
384 419
386 419
390 419
392 419
393 419
394 419
396 419
398 419
399 419
382 420
384 420
385 420
386 420
387 420
391 420
392 420
393 420
397 420
398 420
399 420
400 420
403 421
404 421
406 421
407 421
408 421
409 421
410 421
413 421
418 421
402 422
403 422
406 422
408 422
409 422
410 422
412 422
413 422
415 422
416 422
417 422
402 423
403 423
405 423
406 423
411 423
412 423
415 423
416 423
417 423
419 423
420 423
404 424
407 424
411 424
416 424
417 424
419 424
420 424
401 425
402 425
403 425
404 425
405 425
406 425
409 425
410 425
411 425
414 425
417 425
418 425
419 425
420 425
401 426
403 426
404 426
406 426
407 426
408 426
412 426
419 426
401 427
402 427
407 427
409 427
410 427
411 427
412 427
413 427
417 427
418 427
407 428
408 428
409 428
412 428
413 428
415 428
417 428
402 429
408 429
410 429
412 429
416 429
419 429
401 430
402 430
403 430
406 430
411 430
412 430
414 430
415 430
416 430
417 430
418 430
419 430
420 430
401 431
402 431
403 431
404 431
406 431
408 431
413 431
414 431
415 431
416 431
418 431
419 431
420 431
401 432
403 432
405 432
406 432
409 432
410 432
411 432
412 432
415 432
419 432
402 433
404 433
405 433
412 433
414 433
416 433
417 433
420 433
407 434
408 434
411 434
412 434
417 434
418 434
401 435
402 435
403 435
406 435
409 435
410 435
412 435
414 435
417 435
420 435
401 436
407 436
408 436
413 436
414 436
415 436
417 436
419 436
420 436
402 437
405 437
407 437
411 437
412 437
414 437
416 437
417 437
420 437
401 438
402 438
403 438
407 438
408 438
409 438
410 438
413 438
417 438
420 438
402 439
405 439
406 439
407 439
408 439
409 439
410 439
412 439
413 439
414 439
415 439
417 439
418 439
420 439
401 440
402 440
403 440
404 440
409 440
410 440
411 440
414 440
416 440
417 440
421 441
422 441
423 441
424 441
425 441
429 441
431 441
432 441
433 441
436 441
437 441
440 441
425 442
427 442
432 442
434 442
435 442
436 442
423 443
424 443
425 443
429 443
430 443
434 443
437 443
440 443
423 444
425 444
426 444
429 444
431 444
432 444
435 444
439 444
440 444
425 445
426 445
429 445
430 445
431 445
433 445
437 445
439 445
421 446
423 446
429 446
430 446
432 446
433 446
434 446
435 446
437 446
438 446
439 446
424 447
425 447
427 447
429 447
432 447
434 447
435 447
436 447
439 447
421 448
422 448
423 448
424 448
426 448
427 448
428 448
430 448
435 448
437 448
440 448
421 449
423 449
426 449
427 449
428 449
431 449
434 449
435 449
436 449
439 449
440 449
422 450
424 450
426 450
427 450
428 450
437 450
438 450
439 450
440 450
421 451
422 451
425 451
427 451
430 451
431 451
432 451
436 451
437 451
440 451
421 452
423 452
424 452
426 452
431 452
432 452
436 452
440 452
421 453
423 453
427 453
428 453
429 453
430 453
431 453
433 453
434 453
435 453
440 453
421 454
425 454
428 454
429 454
430 454
431 454
433 454
435 454
421 455
422 455
427 455
430 455
435 455
436 455
437 455
438 455
439 455
421 456
422 456
423 456
425 456
431 456
432 456
433 456
435 456
438 456
440 456
421 457
422 457
424 457
427 457
433 457
434 457
437 457
439 457
440 457
427 458
429 458
430 458
431 458
436 458
439 458
425 459
426 459
427 459
429 459
430 459
432 459
433 459
434 459
435 459
436 459
437 459
438 459
440 459
424 460
425 460
426 460
431 460
433 460
434 460
436 460
438 460
439 460
440 460
441 461
442 461
443 461
444 461
445 461
447 461
451 461
455 461
458 461
459 461
444 462
445 462
449 462
452 462
453 462
454 462
457 462
458 462
460 462
441 463
442 463
445 463
449 463
450 463
452 463
460 463
441 464
442 464
443 464
444 464
445 464
449 464
452 464
453 464
455 464
456 464
458 464
441 465
443 465
444 465
447 465
448 465
450 465
451 465
453 465
454 465
457 465
458 465
460 465
441 466
442 466
444 466
448 466
450 466
451 466
453 466
454 466
455 466
457 466
458 466
442 467
449 467
450 467
452 467
453 467
455 467
441 468
444 468
446 468
447 468
448 468
450 468
451 468
452 468
453 468
454 468
457 468
458 468
459 468
460 468
441 469
442 469
446 469
447 469
448 469
449 469
450 469
451 469
452 469
453 469
454 469
456 469
457 469
459 469
460 469
443 470
444 470
446 470
448 470
449 470
450 470
451 470
453 470
454 470
459 470
460 470
441 471
442 471
444 471
446 471
449 471
450 471
455 471
457 471
441 472
443 472
446 472
450 472
452 472
455 472
457 472
458 472
441 473
442 473
443 473
445 473
447 473
448 473
454 473
455 473
458 473
459 473
460 473
441 474
444 474
445 474
447 474
449 474
450 474
453 474
455 474
456 474
457 474
459 474
460 474
442 475
445 475
446 475
448 475
449 475
450 475
451 475
453 475
455 475
456 475
459 475
460 475
441 476
449 476
453 476
454 476
455 476
458 476
460 476
441 477
445 477
447 477
455 477
457 477
458 477
459 477
460 477
441 478
443 478
449 478
450 478
451 478
453 478
454 478
458 478
459 478
445 479
447 479
448 479
449 479
452 479
453 479
454 479
456 479
458 479
459 479
460 479
442 480
443 480
445 480
446 480
448 480
451 480
452 480
453 480
455 480
458 480
461 481
463 481
466 481
468 481
469 481
471 481
472 481
474 481
476 481
477 481
478 481
461 482
465 482
467 482
468 482
469 482
471 482
472 482
474 482
476 482
477 482
480 482
461 483
462 483
468 483
469 483
473 483
474 483
476 483
477 483
479 483
480 483
465 484
466 484
467 484
468 484
469 484
470 484
471 484
472 484
473 484
474 484
475 484
478 484
480 484
463 485
464 485
465 485
467 485
468 485
469 485
470 485
471 485
473 485
477 485
479 485
464 486
465 486
466 486
468 486
471 486
472 486
473 486
474 486
475 486
476 486
477 486
478 486
479 486
461 487
462 487
463 487
470 487
471 487
475 487
477 487
480 487
464 488
466 488
467 488
468 488
476 488
477 488
479 488
480 488
461 489
464 489
467 489
469 489
471 489
472 489
473 489
476 489
477 489
462 490
464 490
466 490
467 490
472 490
473 490
474 490
475 490
477 490
480 490
461 491
462 491
463 491
466 491
468 491
470 491
471 491
476 491
478 491
463 492
464 492
465 492
468 492
471 492
472 492
473 492
479 492
480 492
464 493
469 493
470 493
473 493
475 493
477 493
465 494
467 494
468 494
470 494
471 494
472 494
474 494
476 494
477 494
480 494
463 495
464 495
468 495
473 495
476 495
480 495
461 496
467 496
468 496
469 496
470 496
473 496
474 496
475 496
477 496
479 496
462 497
463 497
465 497
467 497
468 497
471 497
472 497
477 497
478 497
461 498
463 498
466 498
468 498
472 498
473 498
476 498
478 498
480 498
461 499
462 499
464 499
465 499
466 499
467 499
468 499
469 499
470 499
471 499
472 499
473 499
476 499
477 499
478 499
461 500
464 500
466 500
468 500
471 500
472 500
473 500
476 500
477 500
480 500
485 501
486 501
488 501
489 501
491 501
493 501
494 501
497 501
499 501
500 501
482 502
483 502
485 502
486 502
487 502
488 502
489 502
490 502
492 502
493 502
494 502
496 502
497 502
483 503
484 503
485 503
487 503
490 503
491 503
495 503
499 503
481 504
483 504
485 504
487 504
491 504
497 504
481 505
484 505
485 505
487 505
490 505
493 505
498 505
499 505
481 506
482 506
483 506
484 506
494 506
499 506
483 507
485 507
486 507
490 507
492 507
494 507
495 507
498 507
499 507
500 507
481 508
482 508
484 508
485 508
486 508
487 508
491 508
492 508
493 508
497 508
500 508
481 509
482 509
484 509
486 509
489 509
490 509
491 509
493 509
497 509
499 509
500 509
482 510
483 510
484 510
485 510
486 510
487 510
489 510
490 510
491 510
492 510
494 510
495 510
496 510
497 510
498 510
500 510
481 511
482 511
485 511
486 511
488 511
489 511
490 511
492 511
495 511
496 511
499 511
500 511
483 512
485 512
486 512
489 512
490 512
491 512
496 512
497 512
481 513
484 513
486 513
487 513
488 513
489 513
490 513
491 513
493 513
494 513
496 513
497 513
498 513
481 514
482 514
483 514
484 514
485 514
486 514
490 514
493 514
497 514
498 514
499 514
484 515
485 515
489 515
490 515
494 515
495 515
497 515
487 516
491 516
493 516
497 516
498 516
482 517
484 517
487 517
490 517
494 517
495 517
496 517
497 517
500 517
481 518
482 518
483 518
484 518
485 518
488 518
489 518
491 518
495 518
481 519
482 519
484 519
488 519
489 519
491 519
497 519
498 519
482 520
483 520
484 520
485 520
487 520
488 520
490 520
491 520
492 520
493 520
494 520
500 520
502 521
503 521
504 521
506 521
507 521
512 521
514 521
515 521
516 521
517 521
518 521
502 522
503 522
506 522
507 522
508 522
510 522
511 522
512 522
513 522
516 522
519 522
503 523
505 523
506 523
508 523
512 523
515 523
518 523
519 523
520 523
505 524
510 524
514 524
515 524
517 524
519 524
520 524
501 525
502 525
503 525
508 525
510 525
513 525
514 525
516 525
518 525
502 526
505 526
510 526
511 526
512 526
513 526
514 526
515 526
517 526
518 526
519 526
502 527
504 527
505 527
506 527
507 527
508 527
509 527
511 527
512 527
515 527
516 527
517 527
520 527
501 528
504 528
505 528
506 528
507 528
508 528
510 528
511 528
515 528
516 528
517 528
518 528
520 528
501 529
503 529
504 529
505 529
506 529
509 529
510 529
513 529
514 529
515 529
517 529
520 529
505 530
507 530
511 530
514 530
515 530
516 530
518 530
519 530
520 530
502 531
503 531
507 531
508 531
509 531
510 531
511 531
512 531
520 531
502 532
503 532
506 532
507 532
509 532
510 532
511 532
515 532
516 532
518 532
519 532
502 533
503 533
510 533
512 533
513 533
518 533
519 533
501 534
503 534
507 534
508 534
511 534
515 534
518 534
519 534
502 535
503 535
506 535
511 535
517 535
519 535
520 535
501 536
502 536
505 536
506 536
510 536
512 536
516 536
517 536
519 536
520 536
502 537
503 537
506 537
507 537
509 537
510 537
512 537
513 537
516 537
518 537
503 538
505 538
506 538
508 538
509 538
510 538
512 538
514 538
515 538
518 538
520 538
503 539
505 539
508 539
509 539
510 539
511 539
516 539
517 539
518 539
501 540
503 540
508 540
510 540
513 540
515 540
517 540
519 540
523 541
525 541
526 541
527 541
528 541
529 541
530 541
532 541
536 541
540 541
521 542
525 542
527 542
528 542
529 542
531 542
532 542
533 542
534 542
535 542
536 542
537 542
521 543
523 543
524 543
525 543
526 543
530 543
533 543
534 543
535 543
536 543
537 543
538 543
522 544
524 544
525 544
527 544
534 544
536 544
537 544
539 544
540 544
521 545
522 545
526 545
529 545
530 545
540 545
524 546
526 546
527 546
530 546
532 546
534 546
535 546
536 546
539 546
540 546
521 547
522 547
525 547
526 547
527 547
529 547
530 547
531 547
532 547
534 547
535 547
537 547
539 547
540 547
522 548
524 548
525 548
526 548
528 548
529 548
531 548
532 548
535 548
540 548
522 549
523 549
526 549
527 549
528 549
529 549
530 549
531 549
538 549
539 549
522 550
523 550
525 550
526 550
527 550
528 550
529 550
530 550
531 550
533 550
534 550
535 550
536 550
537 550
538 550
539 550
523 551
526 551
527 551
529 551
530 551
533 551
534 551
535 551
536 551
522 552
526 552
529 552
534 552
536 552
538 552
540 552
523 553
524 553
526 553
528 553
531 553
537 553
538 553
540 553
522 554
523 554
525 554
526 554
527 554
528 554
529 554
531 554
534 554
536 554
537 554
538 554
540 554
524 555
527 555
528 555
530 555
533 555
535 555
536 555
537 555
540 555
523 556
525 556
526 556
528 556
529 556
530 556
531 556
532 556
533 556
538 556
522 557
523 557
524 557
525 557
526 557
527 557
528 557
531 557
533 557
537 557
539 557
523 558
524 558
525 558
526 558
528 558
530 558
534 558
537 558
539 558
540 558
521 559
523 559
524 559
525 559
526 559
529 559
530 559
532 559
533 559
540 559
522 560
523 560
524 560
526 560
527 560
528 560
529 560
534 560
535 560
536 560
538 560
539 560
540 560
541 561
543 561
544 561
546 561
547 561
548 561
550 561
551 561
552 561
554 561
555 561
558 561
541 562
542 562
544 562
545 562
549 562
551 562
553 562
555 562
556 562
557 562
560 562
542 563
543 563
545 563
546 563
553 563
555 563
558 563
541 564
543 564
544 564
545 564
548 564
550 564
555 564
558 564
560 564
541 565
543 565
546 565
549 565
550 565
551 565
552 565
554 565
555 565
559 565
542 566
546 566
550 566
551 566
553 566
554 566
555 566
559 566
541 567
542 567
543 567
546 567
548 567
551 567
553 567
557 567
558 567
560 567
542 568
543 568
545 568
550 568
556 568
560 568
541 569
544 569
545 569
546 569
547 569
548 569
549 569
550 569
554 569
556 569
558 569
559 569
542 570
543 570
544 570
546 570
549 570
550 570
551 570
555 570
541 571
544 571
545 571
546 571
548 571
549 571
550 571
554 571
555 571
557 571
558 571
560 571
542 572
543 572
547 572
548 572
549 572
550 572
552 572
553 572
555 572
556 572
557 572
558 572
559 572
560 572
543 573
544 573
545 573
547 573
548 573
549 573
553 573
554 573
556 573
542 574
545 574
546 574
552 574
553 574
554 574
555 574
556 574
557 574
559 574
541 575
542 575
543 575
546 575
548 575
549 575
550 575
553 575
554 575
556 575
557 575
559 575
542 576
544 576
546 576
551 576
553 576
555 576
560 576
541 577
542 577
546 577
547 577
548 577
553 577
556 577
558 577
559 577
560 577
544 578
547 578
549 578
552 578
553 578
557 578
541 579
542 579
544 579
546 579
548 579
549 579
551 579
552 579
556 579
557 579
558 579
559 579
542 580
543 580
544 580
548 580
551 580
552 580
554 580
556 580
557 580
558 580
563 581
564 581
565 581
567 581
568 581
569 581
571 581
572 581
573 581
574 581
575 581
577 581
578 581
561 582
563 582
565 582
566 582
570 582
572 582
573 582
577 582
580 582
561 583
562 583
564 583
565 583
566 583
567 583
570 583
573 583
574 583
575 583
578 583
579 583
561 584
564 584
565 584
566 584
568 584
569 584
574 584
575 584
576 584
577 584
580 584
561 585
563 585
565 585
566 585
567 585
571 585
574 585
575 585
580 585
561 586
563 586
564 586
565 586
566 586
568 586
569 586
570 586
571 586
572 586
573 586
574 586
575 586
576 586
579 586
580 586
561 587
563 587
565 587
566 587
569 587
572 587
574 587
575 587
576 587
578 587
580 587
562 588
563 588
565 588
566 588
568 588
569 588
570 588
572 588
575 588
578 588
561 589
563 589
564 589
568 589
569 589
571 589
572 589
574 589
576 589
561 590
566 590
567 590
568 590
569 590
571 590
572 590
573 590
574 590
575 590
576 590
579 590
580 590
562 591
565 591
567 591
568 591
569 591
571 591
572 591
574 591
575 591
576 591
578 591
562 592
565 592
566 592
567 592
568 592
569 592
570 592
571 592
572 592
573 592
574 592
575 592
577 592
580 592
561 593
562 593
566 593
568 593
572 593
573 593
574 593
575 593
578 593
580 593
561 594
565 594
569 594
570 594
573 594
576 594
577 594
561 595
562 595
565 595
569 595
570 595
571 595
572 595
575 595
576 595
577 595
578 595
580 595
562 596
563 596
565 596
567 596
568 596
570 596
571 596
572 596
573 596
562 597
564 597
566 597
569 597
573 597
574 597
576 597
577 597
578 597
561 598
564 598
571 598
573 598
575 598
577 598
579 598
580 598
562 599
564 599
565 599
566 599
567 599
568 599
573 599
575 599
576 599
577 599
578 599
580 599
562 600
564 600
570 600
571 600
573 600
577 600
585 601
588 601
589 601
592 601
593 601
594 601
597 601
599 601
600 601
584 602
586 602
589 602
590 602
591 602
593 602
594 602
599 602
600 602
581 603
582 603
583 603
585 603
587 603
589 603
591 603
596 603
597 603
582 604
590 604
593 604
594 604
595 604
599 604
581 605
584 605
586 605
587 605
589 605
591 605
595 605
596 605
597 605
599 605
581 606
582 606
584 606
587 606
589 606
593 606
598 606
599 606
600 606
581 607
584 607
585 607
587 607
589 607
593 607
596 607
598 607
599 607
581 608
583 608
584 608
587 608
588 608
589 608
590 608
591 608
592 608
595 608
598 608
600 608
589 609
590 609
591 609
592 609
599 609
585 610
586 610
587 610
588 610
592 610
594 610
595 610
596 610
597 610
598 610
599 610
600 610
581 611
582 611
584 611
585 611
590 611
593 611
594 611
598 611
599 611
600 611
581 612
583 612
584 612
588 612
589 612
592 612
595 612
596 612
597 612
598 612
581 613
582 613
584 613
590 613
593 613
595 613
597 613
599 613
600 613
582 614
584 614
587 614
591 614
592 614
593 614
595 614
596 614
598 614
581 615
584 615
586 615
587 615
588 615
589 615
590 615
591 615
592 615
593 615
595 615
597 615
599 615
600 615
583 616
584 616
585 616
590 616
591 616
592 616
595 616
596 616
598 616
599 616
581 617
584 617
586 617
587 617
588 617
591 617
593 617
595 617
596 617
600 617
584 618
586 618
587 618
589 618
590 618
592 618
594 618
595 618
581 619
582 619
583 619
586 619
588 619
592 619
595 619
597 619
598 619
599 619
600 619
582 620
585 620
586 620
589 620
590 620
592 620
593 620
594 620
595 620
598 620
601 621
605 621
607 621
609 621
610 621
611 621
614 621
618 621
620 621
604 622
606 622
609 622
610 622
611 622
613 622
615 622
617 622
619 622
601 623
603 623
605 623
607 623
609 623
610 623
611 623
612 623
616 623
617 623
618 623
619 623
620 623
601 624
602 624
604 624
609 624
610 624
613 624
619 624
620 624
601 625
602 625
605 625
608 625
609 625
610 625
615 625
617 625
618 625
620 625
601 626
605 626
607 626
612 626
614 626
619 626
620 626
602 627
605 627
607 627
608 627
611 627
612 627
613 627
614 627
616 627
617 627
619 627
620 627
601 628
602 628
604 628
607 628
612 628
613 628
614 628
616 628
617 628
618 628
619 628
603 629
605 629
607 629
610 629
612 629
613 629
614 629
619 629
620 629
601 630
603 630
606 630
607 630
608 630
609 630
611 630
616 630
617 630
603 631
604 631
605 631
606 631
608 631
609 631
613 631
614 631
615 631
619 631
620 631
602 632
603 632
604 632
606 632
607 632
609 632
610 632
611 632
614 632
615 632
616 632
618 632
619 632
601 633
604 633
605 633
607 633
608 633
611 633
612 633
602 634
606 634
608 634
611 634
615 634
616 634
619 634
603 635
604 635
605 635
608 635
614 635
615 635
616 635
618 635
619 635
620 635
601 636
602 636
603 636
604 636
605 636
611 636
612 636
614 636
615 636
616 636
617 636
602 637
605 637
606 637
607 637
608 637
609 637
610 637
613 637
615 637
616 637
619 637
604 638
606 638
608 638
611 638
613 638
616 638
619 638
620 638
602 639
603 639
605 639
606 639
607 639
609 639
611 639
612 639
614 639
615 639
616 639
617 639
618 639
619 639
601 640
605 640
606 640
607 640
608 640
609 640
611 640
615 640
616 640
617 640
618 640
619 640
623 641
624 641
629 641
631 641
633 641
634 641
635 641
636 641
637 641
638 641
639 641
640 641
621 642
626 642
627 642
628 642
632 642
633 642
635 642
638 642
639 642
640 642
623 643
625 643
626 643
627 643
629 643
630 643
635 643
638 643
639 643
626 644
627 644
629 644
632 644
633 644
634 644
635 644
638 644
639 644
624 645
627 645
628 645
629 645
632 645
633 645
635 645
638 645
639 645
640 645
622 646
623 646
624 646
626 646
629 646
630 646
633 646
637 646
638 646
622 647
624 647
630 647
631 647
634 647
639 647
621 648
622 648
624 648
625 648
626 648
627 648
628 648
631 648
632 648
635 648
636 648
638 648
639 648
640 648
622 649
623 649
627 649
628 649
629 649
630 649
631 649
636 649
621 650
623 650
624 650
625 650
628 650
629 650
630 650
632 650
633 650
634 650
637 650
638 650
639 650
640 650
621 651
622 651
627 651
629 651
630 651
631 651
632 651
636 651
621 652
624 652
627 652
629 652
632 652
633 652
635 652
637 652
639 652
621 653
622 653
623 653
624 653
635 653
636 653
639 653
640 653
627 654
629 654
630 654
634 654
636 654
622 655
623 655
624 655
626 655
632 655
633 655
636 655
637 655
638 655
639 655
622 656
624 656
625 656
628 656
629 656
631 656
632 656
633 656
635 656
636 656
638 656
640 656
622 657
624 657
626 657
629 657
634 657
637 657
638 657
639 657
640 657
621 658
622 658
623 658
628 658
629 658
631 658
633 658
634 658
635 658
638 658
639 658
640 658
621 659
627 659
628 659
633 659
635 659
636 659
639 659
640 659
621 660
622 660
623 660
624 660
626 660
628 660
630 660
631 660
632 660
635 660
638 660
641 661
642 661
643 661
646 661
647 661
650 661
651 661
652 661
654 661
655 661
643 662
649 662
650 662
651 662
652 662
653 662
655 662
656 662
657 662
658 662
659 662
641 663
642 663
643 663
644 663
647 663
648 663
651 663
652 663
653 663
655 663
656 663
657 663
660 663
643 664
645 664
646 664
647 664
649 664
650 664
651 664
655 664
649 665
652 665
653 665
654 665
657 665
642 666
643 666
644 666
646 666
647 666
648 666
649 666
650 666
657 666
659 666
660 666
645 667
646 667
647 667
648 667
649 667
650 667
652 667
655 667
658 667
660 667
644 668
647 668
650 668
651 668
652 668
653 668
655 668
658 668
660 668
641 669
642 669
643 669
645 669
646 669
647 669
649 669
654 669
656 669
657 669
658 669
659 669
660 669
641 670
642 670
643 670
645 670
646 670
649 670
650 670
651 670
652 670
653 670
654 670
655 670
657 670
658 670
659 670
641 671
652 671
655 671
656 671
658 671
659 671
660 671
641 672
644 672
645 672
646 672
647 672
651 672
652 672
653 672
654 672
655 672
659 672
643 673
646 673
649 673
650 673
651 673
653 673
654 673
655 673
657 673
658 673
659 673
660 673
642 674
645 674
647 674
649 674
650 674
653 674
654 674
655 674
658 674
659 674
642 675
644 675
648 675
653 675
656 675
658 675
659 675
660 675
641 676
643 676
645 676
650 676
651 676
653 676
654 676
655 676
656 676
657 676
658 676
659 676
660 676
642 677
643 677
644 677
645 677
646 677
647 677
648 677
649 677
652 677
654 677
655 677
657 677
641 678
642 678
645 678
646 678
647 678
648 678
649 678
650 678
651 678
653 678
655 678
658 678
659 678
660 678
643 679
646 679
647 679
648 679
649 679
650 679
651 679
653 679
655 679
657 679
658 679
659 679
641 680
645 680
646 680
647 680
648 680
650 680
652 680
653 680
655 680
657 680
659 680
660 680
661 681
663 681
664 681
671 681
672 681
673 681
674 681
677 681
678 681
680 681
661 682
663 682
665 682
668 682
670 682
673 682
675 682
679 682
661 683
662 683
664 683
666 683
667 683
669 683
673 683
674 683
675 683
677 683
679 683
680 683
661 684
662 684
663 684
665 684
667 684
668 684
669 684
673 684
679 684
680 684
667 685
670 685
671 685
672 685
673 685
674 685
676 685
680 685
662 686
663 686
665 686
667 686
668 686
671 686
675 686
677 686
678 686
679 686
661 687
662 687
665 687
666 687
667 687
668 687
670 687
671 687
673 687
675 687
676 687
677 687
664 688
667 688
668 688
670 688
673 688
674 688
675 688
677 688
678 688
679 688
661 689
663 689
664 689
666 689
667 689
668 689
669 689
670 689
672 689
678 689
680 689
661 690
662 690
665 690
670 690
671 690
672 690
675 690
676 690
661 691
666 691
668 691
669 691
671 691
673 691
676 691
677 691
662 692
663 692
664 692
665 692
666 692
667 692
674 692
678 692
661 693
662 693
663 693
666 693
668 693
669 693
673 693
674 693
677 693
680 693
667 694
668 694
671 694
673 694
674 694
675 694
678 694
661 695
662 695
663 695
664 695
666 695
669 695
670 695
671 695
672 695
676 695
677 695
680 695
664 696
665 696
669 696
672 696
675 696
676 696
677 696
678 696
679 696
665 697
667 697
670 697
672 697
674 697
675 697
676 697
677 697
679 697
664 698
670 698
671 698
672 698
674 698
679 698
680 698
662 699
663 699
664 699
665 699
666 699
668 699
671 699
673 699
674 699
675 699
677 699
678 699
680 699
661 700
666 700
667 700
669 700
670 700
671 700
672 700
674 700
679 700
682 701
684 701
685 701
688 701
690 701
691 701
694 701
696 701
697 701
698 701
700 701
684 702
687 702
690 702
691 702
693 702
694 702
697 702
698 702
700 702
682 703
683 703
684 703
685 703
688 703
689 703
690 703
691 703
692 703
696 703
698 703
700 703
681 704
682 704
683 704
684 704
686 704
687 704
690 704
692 704
693 704
697 704
698 704
699 704
682 705
684 705
685 705
687 705
690 705
692 705
693 705
694 705
695 705
696 705
698 705
700 705
681 706
682 706
683 706
685 706
686 706
689 706
691 706
692 706
693 706
695 706
696 706
697 706
699 706
700 706
681 707
683 707
685 707
687 707
688 707
689 707
690 707
694 707
697 707
700 707
681 708
683 708
684 708
688 708
689 708
692 708
693 708
695 708
696 708
700 708
681 709
687 709
688 709
689 709
690 709
691 709
694 709
695 709
696 709
699 709
700 709
682 710
683 710
685 710
687 710
688 710
689 710
690 710
692 710
694 710
695 710
697 710
681 711
682 711
684 711
686 711
687 711
689 711
690 711
694 711
696 711
697 711
699 711
700 711
682 712
684 712
685 712
686 712
687 712
688 712
690 712
692 712
696 712
697 712
681 713
684 713
685 713
687 713
688 713
689 713
690 713
694 713
696 713
697 713
681 714
683 714
684 714
686 714
688 714
696 714
699 714
700 714
681 715
683 715
684 715
686 715
688 715
689 715
692 715
693 715
696 715
697 715
699 715
700 715
681 716
684 716
685 716
686 716
687 716
688 716
691 716
693 716
699 716
681 717
682 717
683 717
684 717
686 717
689 717
690 717
692 717
697 717
699 717
700 717
681 718
682 718
683 718
687 718
688 718
689 718
692 718
693 718
694 718
695 718
696 718
698 718
699 718
682 719
683 719
687 719
695 719
698 719
699 719
687 720
688 720
689 720
691 720
692 720
693 720
696 720
697 720
699 720
700 720
701 721
702 721
704 721
705 721
706 721
707 721
708 721
709 721
714 721
717 721
718 721
719 721
703 722
705 722
706 722
710 722
711 722
714 722
715 722
716 722
720 722
701 723
709 723
711 723
712 723
713 723
714 723
718 723
720 723
702 724
704 724
705 724
709 724
711 724
714 724
715 724
716 724
718 724
719 724
720 724
703 725
704 725
705 725
706 725
707 725
709 725
713 725
714 725
715 725
703 726
704 726
706 726
707 726
708 726
711 726
714 726
715 726
719 726
702 727
703 727
704 727
706 727
708 727
709 727
710 727
712 727
713 727
714 727
715 727
701 728
702 728
704 728
706 728
707 728
709 728
711 728
712 728
714 728
715 728
718 728
719 728
720 728
701 729
702 729
703 729
706 729
708 729
711 729
713 729
714 729
718 729
719 729
720 729
701 730
702 730
703 730
704 730
707 730
710 730
713 730
714 730
716 730
717 730
718 730
719 730
701 731
702 731
703 731
705 731
707 731
708 731
709 731
710 731
711 731
712 731
716 731
701 732
702 732
703 732
705 732
707 732
708 732
709 732
710 732
711 732
712 732
713 732
714 732
715 732
716 732
717 732
720 732
703 733
704 733
705 733
708 733
709 733
711 733
712 733
713 733
715 733
717 733
718 733
719 733
720 733
702 734
704 734
708 734
711 734
712 734
714 734
717 734
719 734
704 735
706 735
707 735
709 735
710 735
711 735
715 735
716 735
718 735
701 736
703 736
704 736
705 736
707 736
709 736
712 736
713 736
714 736
715 736
716 736
719 736
702 737
703 737
705 737
706 737
708 737
710 737
713 737
715 737
716 737
717 737
701 738
702 738
703 738
705 738
706 738
712 738
713 738
714 738
715 738
716 738
720 738
701 739
702 739
706 739
710 739
711 739
713 739
714 739
715 739
719 739
720 739
704 740
705 740
707 740
709 740
710 740
716 740
717 740
719 740
723 741
724 741
725 741
728 741
730 741
731 741
735 741
736 741
737 741
739 741
728 742
730 742
731 742
734 742
736 742
737 742
738 742
722 743
725 743
726 743
728 743
730 743
731 743
732 743
735 743
736 743
739 743
721 744
725 744
728 744
729 744
731 744
732 744
737 744
738 744
739 744
722 745
724 745
725 745
726 745
727 745
729 745
730 745
733 745
735 745
736 745
739 745
723 746
731 746
732 746
733 746
734 746
736 746
739 746
740 746
722 747
723 747
725 747
727 747
728 747
733 747
735 747
736 747
737 747
739 747
721 748
722 748
723 748
724 748
726 748
728 748
731 748
732 748
734 748
735 748
721 749
722 749
725 749
727 749
728 749
731 749
733 749
734 749
736 749
737 749
738 749
739 749
723 750
725 750
727 750
728 750
729 750
730 750
739 750
740 750
722 751
723 751
726 751
728 751
731 751
733 751
735 751
736 751
737 751
739 751
740 751
725 752
733 752
734 752
735 752
736 752
739 752
740 752
721 753
723 753
724 753
726 753
728 753
729 753
731 753
732 753
734 753
736 753
721 754
722 754
723 754
724 754
725 754
729 754
732 754
734 754
736 754
737 754
739 754
740 754
721 755
723 755
724 755
726 755
730 755
731 755
733 755
736 755
738 755
739 755
740 755
723 756
724 756
726 756
731 756
732 756
734 756
737 756
739 756
722 757
727 757
728 757
729 757
733 757
735 757
736 757
737 757
740 757
724 758
725 758
726 758
727 758
728 758
729 758
730 758
732 758
733 758
734 758
740 758
721 759
722 759
723 759
725 759
726 759
728 759
729 759
730 759
731 759
732 759
734 759
735 759
736 759
738 759
739 759
740 759
721 760
722 760
723 760
727 760
729 760
730 760
731 760
733 760
734 760
735 760
737 760
739 760
740 760
742 761
743 761
745 761
749 761
751 761
754 761
755 761
758 761
759 761
742 762
745 762
750 762
751 762
753 762
758 762
743 763
744 763
747 763
748 763
749 763
752 763
753 763
754 763
755 763
759 763
760 763
741 764
744 764
746 764
749 764
750 764
751 764
754 764
756 764
757 764
759 764
760 764
749 765
751 765
752 765
754 765
755 765
741 766
745 766
747 766
749 766
750 766
752 766
753 766
754 766
756 766
757 766
758 766
760 766
741 767
742 767
745 767
749 767
750 767
752 767
753 767
754 767
757 767
758 767
741 768
742 768
743 768
744 768
746 768
747 768
749 768
750 768
751 768
753 768
754 768
755 768
756 768
757 768
759 768
760 768
744 769
747 769
749 769
750 769
752 769
753 769
758 769
760 769
743 770
744 770
746 770
747 770
748 770
749 770
752 770
753 770
755 770
742 771
743 771
744 771
746 771
747 771
750 771
751 771
756 771
757 771
759 771
760 771
741 772
743 772
744 772
745 772
748 772
752 772
756 772
757 772
759 772
760 772
743 773
746 773
748 773
750 773
751 773
752 773
753 773
756 773
759 773
742 774
746 774
748 774
750 774
751 774
752 774
753 774
756 774
758 774
742 775
745 775
746 775
747 775
748 775
751 775
753 775
755 775
757 775
741 776
744 776
745 776
746 776
747 776
748 776
749 776
750 776
751 776
756 776
757 776
759 776
760 776
742 777
743 777
744 777
747 777
749 777
750 777
752 777
753 777
755 777
757 777
758 777
759 777
742 778
743 778
744 778
748 778
749 778
754 778
756 778
760 778
741 779
743 779
744 779
745 779
746 779
751 779
754 779
756 779
742 780
745 780
750 780
751 780
753 780
758 780
762 781
764 781
765 781
767 781
769 781
770 781
772 781
775 781
776 781
777 781
779 781
762 782
763 782
768 782
769 782
771 782
773 782
775 782
778 782
762 783
763 783
765 783
766 783
767 783
769 783
770 783
771 783
773 783
774 783
776 783
762 784
763 784
768 784
771 784
772 784
778 784
780 784
765 785
768 785
769 785
770 785
771 785
776 785
777 785
778 785
779 785
780 785
767 786
768 786
769 786
771 786
772 786
774 786
775 786
776 786
778 786
779 786
780 786
763 787
764 787
766 787
767 787
771 787
774 787
776 787
777 787
778 787
780 787
762 788
763 788
765 788
767 788
769 788
772 788
773 788
774 788
775 788
777 788
778 788
779 788
780 788
767 789
769 789
771 789
772 789
778 789
779 789
763 790
765 790
769 790
770 790
771 790
773 790
774 790
776 790
778 790
779 790
780 790
763 791
764 791
765 791
767 791
769 791
771 791
772 791
774 791
777 791
779 791
763 792
766 792
768 792
770 792
771 792
778 792
761 793
765 793
766 793
767 793
768 793
771 793
776 793
777 793
778 793
762 794
763 794
764 794
765 794
766 794
769 794
770 794
772 794
773 794
774 794
777 794
780 794
761 795
763 795
764 795
765 795
766 795
767 795
768 795
770 795
771 795
772 795
773 795
775 795
761 796
762 796
764 796
770 796
772 796
773 796
774 796
780 796
762 797
764 797
765 797
767 797
768 797
769 797
772 797
777 797
779 797
780 797
762 798
763 798
764 798
767 798
768 798
771 798
772 798
773 798
777 798
779 798
780 798
762 799
763 799
766 799
769 799
770 799
771 799
773 799
774 799
775 799
776 799
780 799
761 800
763 800
764 800
765 800
766 800
768 800
770 800
778 800
