1000 9770 50
20 20 20 20 20 20 20 20 20 20 20 20 20 20 20 20 20 20 20 20 20 20 20 20 20 20 20 20 20 20 20 20 20 20 20 20 20 20 20 20 20 20 20 20 20 20 20 20 20 20 
3 21
4 21
5 21
6 21
11 21
12 21
15 21
16 21
17 21
19 21
20 21
1 22
2 22
3 22
4 22
7 22
8 22
10 22
12 22
13 22
16 22
1 23
3 23
4 23
6 23
7 23
9 23
10 23
11 23
12 23
13 23
14 23
15 23
18 23
19 23
20 23
2 24
3 24
4 24
5 24
8 24
12 24
14 24
19 24
20 24
1 25
3 25
4 25
5 25
9 25
13 25
14 25
15 25
16 25
19 25
20 25
3 26
5 26
8 26
9 26
11 26
12 26
13 26
16 26
18 26
1 27
2 27
3 27
4 27
5 27
7 27
8 27
9 27
10 27
11 27
16 27
19 27
20 27
2 28
4 28
6 28
11 28
12 28
13 28
14 28
15 28
16 28
17 28
1 29
3 29
4 29
7 29
8 29
11 29
13 29
19 29
1 30
2 30
4 30
7 30
10 30
17 30
18 30
19 30
20 30
2 31
4 31
6 31
7 31
8 31
9 31
10 31
12 31
13 31
14 31
15 31
17 31
20 31
3 32
4 32
6 32
8 32
10 32
11 32
13 32
15 32
18 32
19 32
1 33
3 33
8 33
9 33
10 33
11 33
12 33
13 33
14 33
15 33
18 33
20 33
1 34
3 34
5 34
8 34
11 34
14 34
15 34
19 34
3 35
4 35
7 35
9 35
10 35
11 35
12 35
13 35
15 35
16 35
17 35
18 35
1 36
2 36
3 36
7 36
12 36
16 36
17 36
20 36
1 37
3 37
8 37
10 37
12 37
14 37
16 37
20 37
1 38
2 38
3 38
5 38
6 38
8 38
9 38
10 38
12 38
14 38
16 38
20 38
7 39
9 39
10 39
11 39
13 39
14 39
15 39
16 39
17 39
19 39
1 40
2 40
3 40
5 40
6 40
7 40
8 40
9 40
11 40
12 40
13 40
15 40
16 40
19 40
23 41
24 41
25 41
30 41
31 41
34 41
37 41
39 41
21 42
22 42
28 42
29 42
33 42
35 42
37 42
38 42
40 42
23 43
25 43
29 43
31 43
32 43
34 43
37 43
40 43
22 44
24 44
25 44
26 44
32 44
35 44
36 44
37 44
38 44
40 44
23 45
24 45
25 45
28 45
29 45
30 45
31 45
32 45
37 45
39 45
40 45
22 46
24 46
25 46
27 46
28 46
30 46
31 46
36 46
38 46
21 47
22 47
23 47
30 47
34 47
35 47
37 47
39 47
40 47
21 48
26 48
27 48
28 48
35 48
37 48
38 48
39 48
40 48
22 49
24 49
25 49
28 49
29 49
30 49
31 49
32 49
34 49
35 49
38 49
39 49
24 50
27 50
30 50
34 50
36 50
39 50
40 50
21 51
23 51
24 51
25 51
26 51
27 51
28 51
31 51
32 51
33 51
34 51
35 51
36 51
38 51
26 52
27 52
31 52
34 52
35 52
36 52
37 52
24 53
27 53
28 53
29 53
32 53
36 53
37 53
40 53
21 54
24 54
26 54
28 54
29 54
31 54
32 54
35 54
36 54
38 54
40 54
21 55
22 55
25 55
29 55
30 55
31 55
33 55
35 55
37 55
40 55
21 56
22 56
23 56
24 56
28 56
32 56
35 56
37 56
38 56
39 56
21 57
22 57
24 57
28 57
29 57
30 57
31 57
33 57
35 57
37 57
38 57
39 57
26 58
29 58
30 58
32 58
34 58
37 58
38 58
40 58
21 59
22 59
23 59
26 59
28 59
31 59
33 59
36 59
37 59
39 59
40 59
21 60
25 60
26 60
28 60
29 60
31 60
36 60
38 60
43 61
44 61
47 61
50 61
52 61
54 61
60 61
42 62
44 62
45 62
47 62
49 62
51 62
52 62
57 62
59 62
60 62
42 63
43 63
44 63
45 63
48 63
50 63
51 63
56 63
59 63
42 64
43 64
45 64
48 64
49 64
51 64
53 64
54 64
55 64
56 64
58 64
60 64
44 65
48 65
50 65
51 65
52 65
53 65
58 65
59 65
41 66
42 66
43 66
45 66
47 66
48 66
50 66
52 66
53 66
55 66
58 66
59 66
60 66
41 67
42 67
50 67
51 67
52 67
57 67
60 67
42 68
46 68
47 68
49 68
52 68
53 68
57 68
58 68
59 68
41 69
46 69
50 69
52 69
54 69
58 69
41 70
43 70
44 70
47 70
50 70
52 70
55 70
57 70
59 70
60 70
41 71
42 71
44 71
45 71
46 71
51 71
53 71
54 71
56 71
57 71
58 71
59 71
60 71
46 72
47 72
49 72
55 72
57 72
59 72
41 73
42 73
43 73
46 73
47 73
49 73
50 73
51 73
53 73
54 73
59 73
42 74
44 74
47 74
48 74
49 74
50 74
53 74
54 74
55 74
56 74
57 74
58 74
59 74
60 74
41 75
43 75
49 75
52 75
53 75
55 75
57 75
58 75
41 76
42 76
43 76
44 76
46 76
49 76
50 76
51 76
53 76
55 76
57 76
58 76
41 77
42 77
44 77
45 77
47 77
49 77
50 77
51 77
52 77
53 77
55 77
58 77
41 78
48 78
49 78
50 78
51 78
55 78
56 78
58 78
59 78
41 79
42 79
45 79
48 79
52 79
55 79
57 79
58 79
59 79
60 79
42 80
43 80
44 80
45 80
47 80
48 80
50 80
52 80
55 80
56 80
57 80
58 80
59 80
60 80
61 81
64 81
66 81
68 81
69 81
70 81
74 81
75 81
77 81
79 81
80 81
62 82
66 82
67 82
68 82
70 82
71 82
74 82
76 82
77 82
78 82
62 83
63 83
65 83
69 83
70 83
71 83
72 83
73 83
76 83
77 83
78 83
63 84
67 84
68 84
70 84
71 84
74 84
76 84
77 84
78 84
64 85
65 85
68 85
70 85
71 85
73 85
74 85
76 85
77 85
78 85
79 85
61 86
62 86
64 86
66 86
67 86
69 86
75 86
79 86
80 86
61 87
62 87
63 87
64 87
66 87
67 87
68 87
71 87
72 87
75 87
78 87
63 88
64 88
65 88
66 88
67 88
68 88
69 88
72 88
74 88
77 88
78 88
80 88
61 89
63 89
68 89
69 89
71 89
72 89
75 89
77 89
78 89
79 89
62 90
65 90
66 90
67 90
70 90
72 90
73 90
74 90
75 90
77 90
78 90
79 90
80 90
61 91
63 91
64 91
66 91
67 91
71 91
74 91
76 91
78 91
79 91
61 92
62 92
63 92
64 92
65 92
66 92
68 92
70 92
73 92
74 92
77 92
80 92
62 93
64 93
66 93
68 93
69 93
78 93
79 93
62 94
63 94
64 94
65 94
66 94
67 94
68 94
69 94
70 94
72 94
75 94
64 95
70 95
71 95
72 95
73 95
74 95
79 95
80 95
61 96
63 96
64 96
65 96
66 96
70 96
73 96
76 96
79 96
61 97
62 97
65 97
66 97
68 97
69 97
70 97
71 97
72 97
74 97
75 97
76 97
77 97
79 97
80 97
61 98
63 98
68 98
69 98
70 98
71 98
73 98
77 98
78 98
79 98
61 99
64 99
67 99
71 99
72 99
74 99
75 99
76 99
79 99
61 100
62 100
64 100
65 100
67 100
71 100
72 100
73 100
74 100
75 100
79 100
81 101
83 101
85 101
88 101
89 101
90 101
91 101
93 101
95 101
97 101
98 101
100 101
82 102
83 102
84 102
86 102
88 102
93 102
95 102
96 102
99 102
100 102
84 103
92 103
100 103
82 104
84 104
86 104
89 104
90 104
91 104
94 104
95 104
96 104
99 104
100 104
81 105
83 105
84 105
85 105
87 105
89 105
91 105
92 105
93 105
94 105
95 105
97 105
98 105
99 105
100 105
83 106
84 106
85 106
89 106
90 106
92 106
93 106
95 106
99 106
100 106
83 107
85 107
87 107
89 107
92 107
93 107
97 107
81 108
85 108
86 108
88 108
89 108
90 108
91 108
92 108
93 108
94 108
95 108
96 108
98 108
81 109
83 109
85 109
87 109
91 109
93 109
94 109
95 109
97 109
99 109
100 109
81 110
82 110
83 110
85 110
88 110
90 110
95 110
96 110
97 110
98 110
99 110
81 111
82 111
83 111
84 111
90 111
91 111
92 111
93 111
94 111
96 111
99 111
88 112
89 112
90 112
91 112
93 112
94 112
95 112
96 112
98 112
81 113
82 113
83 113
88 113
89 113
91 113
93 113
95 113
96 113
100 113
82 114
83 114
84 114
85 114
87 114
91 114
93 114
95 114
97 114
99 114
82 115
83 115
84 115
86 115
87 115
89 115
95 115
96 115
98 115
99 115
82 116
85 116
86 116
87 116
88 116
90 116
94 116
97 116
98 116
84 117
85 117
89 117
90 117
91 117
93 117
94 117
95 117
97 117
98 117
100 117
81 118
83 118
84 118
87 118
90 118
91 118
95 118
96 118
97 118
98 118
99 118
83 119
84 119
85 119
88 119
89 119
95 119
96 119
97 119
83 120
84 120
85 120
86 120
87 120
94 120
96 120
101 121
102 121
103 121
104 121
105 121
106 121
107 121
112 121
115 121
116 121
117 121
119 121
102 122
103 122
107 122
108 122
109 122
111 122
113 122
117 122
102 123
107 123
108 123
110 123
113 123
118 123
102 124
103 124
106 124
109 124
110 124
113 124
114 124
115 124
116 124
119 124
120 124
101 125
102 125
103 125
104 125
108 125
109 125
110 125
111 125
114 125
116 125
117 125
119 125
102 126
104 126
105 126
106 126
107 126
109 126
110 126
114 126
115 126
116 126
119 126
101 127
103 127
104 127
112 127
114 127
115 127
116 127
120 127
102 128
103 128
104 128
105 128
106 128
107 128
109 128
110 128
113 128
114 128
117 128
119 128
120 128
101 129
102 129
104 129
106 129
107 129
108 129
109 129
110 129
112 129
113 129
114 129
115 129
118 129
101 130
102 130
106 130
107 130
108 130
109 130
111 130
113 130
115 130
116 130
117 130
118 130
101 131
103 131
105 131
106 131
110 131
112 131
115 131
118 131
119 131
120 131
102 132
103 132
104 132
105 132
106 132
107 132
108 132
109 132
112 132
115 132
116 132
118 132
120 132
102 133
104 133
105 133
106 133
107 133
108 133
110 133
111 133
112 133
114 133
115 133
116 133
117 133
105 134
106 134
107 134
108 134
112 134
113 134
115 134
117 134
118 134
120 134
108 135
111 135
117 135
118 135
119 135
120 135
102 136
104 136
105 136
106 136
107 136
109 136
110 136
113 136
115 136
116 136
118 136
119 136
101 137
104 137
106 137
108 137
109 137
111 137
112 137
113 137
114 137
115 137
116 137
118 137
101 138
102 138
108 138
112 138
113 138
114 138
115 138
116 138
120 138
101 139
102 139
103 139
108 139
114 139
116 139
117 139
102 140
104 140
105 140
107 140
110 140
112 140
116 140
119 140
120 140
124 141
125 141
126 141
127 141
129 141
131 141
134 141
135 141
138 141
139 141
122 142
123 142
127 142
128 142
131 142
133 142
134 142
136 142
140 142
121 143
123 143
124 143
128 143
129 143
130 143
131 143
132 143
136 143
139 143
140 143
121 144
124 144
125 144
127 144
128 144
136 144
138 144
139 144
140 144
122 145
125 145
126 145
127 145
129 145
130 145
131 145
132 145
134 145
135 145
137 145
138 145
139 145
121 146
124 146
125 146
126 146
127 146
128 146
130 146
131 146
133 146
134 146
135 146
136 146
138 146
140 146
121 147
124 147
125 147
130 147
131 147
136 147
137 147
138 147
140 147
121 148
122 148
123 148
124 148
127 148
128 148
131 148
132 148
133 148
135 148
136 148
137 148
139 148
121 149
132 149
133 149
136 149
137 149
138 149
139 149
121 150
128 150
129 150
132 150
134 150
135 150
121 151
124 151
127 151
128 151
130 151
134 151
135 151
137 151
138 151
140 151
121 152
122 152
125 152
127 152
130 152
135 152
136 152
138 152
140 152
122 153
126 153
127 153
128 153
130 153
131 153
132 153
138 153
139 153
140 153
123 154
124 154
127 154
128 154
133 154
134 154
135 154
138 154
139 154
124 155
125 155
126 155
127 155
128 155
132 155
134 155
136 155
138 155
139 155
121 156
124 156
128 156
129 156
131 156
132 156
133 156
134 156
135 156
136 156
121 157
122 157
123 157
124 157
125 157
126 157
129 157
130 157
132 157
133 157
134 157
138 157
139 157
140 157
121 158
124 158
125 158
126 158
129 158
131 158
133 158
134 158
138 158
139 158
140 158
121 159
123 159
126 159
129 159
130 159
131 159
133 159
134 159
136 159
140 159
123 160
124 160
128 160
130 160
137 160
138 160
141 161
142 161
144 161
145 161
146 161
147 161
148 161
149 161
150 161
151 161
153 161
155 161
156 161
157 161
160 161
142 162
150 162
152 162
153 162
154 162
156 162
158 162
159 162
141 163
142 163
144 163
146 163
147 163
149 163
152 163
155 163
158 163
159 163
160 163
141 164
142 164
143 164
144 164
145 164
147 164
150 164
151 164
152 164
153 164
154 164
155 164
157 164
160 164
141 165
142 165
147 165
148 165
150 165
151 165
152 165
153 165
154 165
155 165
156 165
159 165
141 166
142 166
144 166
145 166
148 166
149 166
151 166
152 166
157 166
160 166
145 167
148 167
149 167
153 167
159 167
160 167
141 168
142 168
147 168
148 168
149 168
152 168
153 168
155 168
146 169
147 169
148 169
152 169
153 169
154 169
156 169
158 169
142 170
144 170
145 170
150 170
151 170
153 170
155 170
158 170
142 171
147 171
149 171
150 171
153 171
155 171
158 171
143 172
144 172
145 172
148 172
149 172
150 172
151 172
157 172
160 172
141 173
142 173
143 173
144 173
145 173
146 173
147 173
149 173
150 173
151 173
152 173
155 173
157 173
158 173
159 173
160 173
141 174
142 174
145 174
146 174
147 174
148 174
149 174
151 174
152 174
153 174
157 174
159 174
160 174
141 175
142 175
143 175
145 175
146 175
151 175
154 175
155 175
159 175
144 176
146 176
147 176
148 176
150 176
151 176
152 176
153 176
155 176
156 176
157 176
158 176
160 176
144 177
145 177
146 177
150 177
151 177
152 177
155 177
156 177
158 177
160 177
141 178
142 178
144 178
145 178
148 178
150 178
151 178
153 178
155 178
157 178
141 179
146 179
152 179
155 179
156 179
157 179
158 179
159 179
142 180
147 180
148 180
149 180
151 180
152 180
153 180
154 180
158 180
160 180
167 181
170 181
171 181
173 181
175 181
176 181
179 181
180 181
161 182
162 182
163 182
164 182
169 182
172 182
173 182
174 182
175 182
176 182
177 182
179 182
161 183
162 183
166 183
167 183
168 183
171 183
174 183
162 184
164 184
165 184
168 184
170 184
172 184
176 184
178 184
161 185
162 185
166 185
167 185
170 185
171 185
172 185
173 185
176 185
179 185
161 186
162 186
163 186
165 186
167 186
168 186
169 186
170 186
172 186
173 186
174 186
175 186
176 186
177 186
162 187
163 187
168 187
169 187
171 187
172 187
173 187
176 187
177 187
178 187
179 187
180 187
161 188
163 188
164 188
166 188
168 188
169 188
172 188
174 188
178 188
162 189
164 189
166 189
168 189
175 189
176 189
177 189
178 189
179 189
161 190
163 190
164 190
165 190
168 190
169 190
170 190
172 190
173 190
174 190
175 190
177 190
178 190
162 191
166 191
169 191
173 191
174 191
175 191
177 191
178 191
161 192
162 192
164 192
169 192
170 192
171 192
173 192
174 192
175 192
180 192
163 193
164 193
165 193
166 193
167 193
169 193
171 193
172 193
174 193
176 193
177 193
178 193
179 193
161 194
163 194
167 194
168 194
169 194
172 194
173 194
174 194
177 194
178 194
180 194
162 195
163 195
164 195
167 195
169 195
171 195
174 195
175 195
177 195
161 196
162 196
164 196
165 196
166 196
168 196
170 196
171 196
172 196
174 196
176 196
177 196
178 196
179 196
180 196
161 197
162 197
163 197
164 197
166 197
167 197
168 197
171 197
177 197
178 197
179 197
161 198
166 198
167 198
173 198
179 198
180 198
161 199
162 199
163 199
164 199
165 199
166 199
169 199
171 199
172 199
174 199
176 199
177 199
178 199
162 200
163 200
166 200
169 200
170 200
174 200
175 200
177 200
178 200
180 200
182 201
184 201
185 201
186 201
187 201
190 201
191 201
195 201
196 201
197 201
198 201
200 201
181 202
182 202
184 202
185 202
187 202
190 202
192 202
194 202
196 202
182 203
183 203
184 203
185 203
186 203
187 203
192 203
193 203
197 203
200 203
182 204
183 204
186 204
189 204
193 204
194 204
196 204
199 204
181 205
182 205
183 205
184 205
185 205
188 205
192 205
193 205
195 205
196 205
197 205
200 205
181 206
182 206
185 206
186 206
187 206
188 206
190 206
191 206
192 206
193 206
194 206
196 206
197 206
199 206
190 207
191 207
193 207
194 207
196 207
198 207
199 207
183 208
190 208
191 208
192 208
193 208
195 208
196 208
198 208
200 208
181 209
182 209
184 209
185 209
188 209
190 209
191 209
194 209
195 209
196 209
198 209
200 209
183 210
186 210
189 210
195 210
197 210
199 210
183 211
187 211
189 211
193 211
196 211
198 211
181 212
183 212
184 212
185 212
186 212
188 212
189 212
191 212
192 212
193 212
194 212
197 212
199 212
182 213
183 213
185 213
186 213
188 213
190 213
191 213
193 213
194 213
195 213
196 213
197 213
198 213
200 213
181 214
183 214
186 214
187 214
190 214
191 214
195 214
197 214
199 214
200 214
187 215
188 215
189 215
190 215
193 215
194 215
198 215
184 216
186 216
187 216
189 216
190 216
192 216
194 216
198 216
199 216
181 217
185 217
186 217
190 217
195 217
196 217
197 217
182 218
183 218
184 218
185 218
186 218
187 218
188 218
189 218
191 218
192 218
193 218
194 218
195 218
196 218
186 219
187 219
189 219
191 219
196 219
197 219
200 219
181 220
182 220
184 220
187 220
188 220
189 220
191 220
198 220
199 220
201 221
203 221
205 221
207 221
211 221
214 221
218 221
219 221
202 222
203 222
204 222
208 222
209 222
211 222
213 222
214 222
215 222
216 222
217 222
201 223
202 223
207 223
209 223
212 223
214 223
216 223
217 223
218 223
220 223
201 224
202 224
204 224
206 224
209 224
211 224
212 224
213 224
214 224
217 224
219 224
220 224
202 225
204 225
206 225
209 225
212 225
213 225
201 226
202 226
204 226
205 226
206 226
207 226
208 226
209 226
213 226
214 226
215 226
217 226
203 227
204 227
206 227
210 227
211 227
215 227
216 227
218 227
220 227
201 228
202 228
203 228
205 228
206 228
207 228
209 228
213 228
214 228
215 228
216 228
218 228
219 228
220 228
201 229
203 229
205 229
206 229
213 229
215 229
217 229
218 229
219 229
220 229
201 230
202 230
203 230
211 230
212 230
213 230
220 230
206 231
208 231
211 231
212 231
213 231
220 231
201 232
202 232
203 232
205 232
206 232
210 232
211 232
213 232
214 232
215 232
216 232
218 232
219 232
201 233
202 233
204 233
206 233
210 233
218 233
219 233
201 234
203 234
205 234
211 234
212 234
213 234
214 234
215 234
216 234
217 234
220 234
201 235
202 235
203 235
204 235
207 235
209 235
212 235
215 235
216 235
219 235
220 235
201 236
202 236
203 236
207 236
208 236
210 236
215 236
216 236
217 236
218 236
201 237
203 237
205 237
206 237
208 237
210 237
214 237
217 237
218 237
219 237
203 238
205 238
206 238
207 238
208 238
210 238
211 238
212 238
213 238
215 238
219 238
220 238
204 239
205 239
208 239
211 239
212 239
213 239
214 239
215 239
217 239
218 239
220 239
203 240
204 240
205 240
212 240
213 240
214 240
217 240
218 240
220 240
223 241
224 241
227 241
229 241
230 241
231 241
234 241
236 241
239 241
240 241
221 242
222 242
225 242
226 242
227 242
228 242
231 242
235 242
237 242
239 242
240 242
223 243
225 243
228 243
230 243
231 243
233 243
237 243
238 243
239 243
223 244
226 244
230 244
232 244
235 244
236 244
240 244
221 245
222 245
223 245
224 245
226 245
227 245
234 245
237 245
239 245
221 246
223 246
225 246
227 246
233 246
236 246
237 246
239 246
240 246
223 247
225 247
226 247
227 247
228 247
229 247
230 247
234 247
236 247
238 247
239 247
221 248
222 248
230 248
231 248
234 248
235 248
236 248
237 248
228 249
230 249
231 249
232 249
240 249
221 250
222 250
226 250
228 250
230 250
232 250
234 250
235 250
236 250
237 250
238 250
221 251
223 251
224 251
225 251
229 251
230 251
233 251
236 251
238 251
239 251
221 252
224 252
226 252
227 252
228 252
229 252
232 252
234 252
238 252
239 252
221 253
222 253
227 253
228 253
230 253
231 253
232 253
233 253
234 253
235 253
236 253
237 253
238 253
239 253
222 254
225 254
228 254
229 254
231 254
233 254
234 254
235 254
237 254
238 254
239 254
240 254
221 255
223 255
224 255
227 255
228 255
230 255
234 255
239 255
221 256
222 256
229 256
230 256
233 256
235 256
236 256
237 256
238 256
240 256
221 257
222 257
223 257
224 257
227 257
228 257
230 257
231 257
233 257
234 257
236 257
237 257
238 257
239 257
240 257
222 258
225 258
226 258
227 258
229 258
235 258
237 258
225 259
226 259
228 259
233 259
234 259
235 259
236 259
237 259
238 259
222 260
224 260
228 260
230 260
231 260
232 260
235 260
238 260
239 260
241 261
243 261
247 261
250 261
253 261
260 261
242 262
244 262
245 262
246 262
247 262
248 262
250 262
253 262
254 262
256 262
257 262
259 262
260 262
244 263
248 263
249 263
250 263
251 263
254 263
256 263
258 263
259 263
241 264
243 264
244 264
245 264
252 264
254 264
255 264
260 264
243 265
245 265
246 265
248 265
250 265
251 265
252 265
253 265
254 265
256 265
257 265
260 265
241 266
242 266
245 266
246 266
247 266
250 266
251 266
252 266
253 266
255 266
241 267
243 267
245 267
250 267
253 267
254 267
255 267
257 267
258 267
260 267
241 268
243 268
244 268
245 268
246 268
251 268
253 268
255 268
259 268
241 269
242 269
244 269
249 269
254 269
255 269
256 269
257 269
259 269
260 269
241 270
243 270
244 270
246 270
252 270
253 270
254 270
255 270
256 270
259 270
260 270
242 271
244 271
245 271
246 271
250 271
251 271
253 271
254 271
256 271
257 271
259 271
241 272
243 272
245 272
246 272
248 272
249 272
253 272
255 272
256 272
258 272
260 272
244 273
245 273
247 273
248 273
250 273
253 273
254 273
241 274
242 274
245 274
246 274
250 274
251 274
253 274
254 274
255 274
256 274
258 274
260 274
244 275
248 275
252 275
253 275
254 275
255 275
259 275
246 276
247 276
250 276
252 276
253 276
255 276
256 276
259 276
260 276
241 277
242 277
243 277
244 277
246 277
247 277
248 277
249 277
251 277
253 277
254 277
255 277
243 278
245 278
246 278
249 278
251 278
252 278
256 278
257 278
258 278
259 278
260 278
242 279
245 279
249 279
250 279
251 279
252 279
253 279
255 279
256 279
258 279
241 280
245 280
247 280
249 280
250 280
251 280
252 280
253 280
254 280
255 280
257 280
258 280
261 281
264 281
265 281
266 281
272 281
278 281
279 281
280 281
264 282
265 282
270 282
272 282
276 282
277 282
279 282
280 282
261 283
263 283
265 283
269 283
270 283
271 283
273 283
274 283
275 283
278 283
279 283
280 283
262 284
263 284
265 284
268 284
271 284
272 284
274 284
276 284
277 284
278 284
262 285
263 285
265 285
266 285
267 285
271 285
272 285
277 285
278 285
279 285
280 285
261 286
264 286
265 286
266 286
267 286
268 286
270 286
272 286
276 286
277 286
279 286
261 287
262 287
264 287
267 287
269 287
270 287
272 287
275 287
277 287
269 288
270 288
271 288
272 288
274 288
275 288
277 288
280 288
261 289
262 289
263 289
264 289
266 289
267 289
269 289
270 289
272 289
273 289
275 289
277 289
280 289
262 290
266 290
267 290
269 290
270 290
272 290
274 290
280 290
262 291
264 291
265 291
266 291
267 291
268 291
269 291
270 291
272 291
274 291
275 291
277 291
278 291
279 291
280 291
269 292
270 292
271 292
273 292
275 292
277 292
261 293
262 293
265 293
266 293
268 293
272 293
274 293
275 293
276 293
262 294
263 294
267 294
269 294
270 294
271 294
272 294
273 294
275 294
276 294
277 294
279 294
261 295
262 295
264 295
268 295
269 295
270 295
272 295
274 295
277 295
263 296
264 296
266 296
267 296
268 296
269 296
272 296
273 296
274 296
276 296
278 296
279 296
280 296
262 297
266 297
267 297
269 297
274 297
275 297
276 297
277 297
278 297
279 297
264 298
266 298
272 298
273 298
275 298
278 298
280 298
264 299
266 299
268 299
269 299
270 299
271 299
273 299
275 299
277 299
279 299
263 300
266 300
267 300
268 300
269 300
270 300
272 300
273 300
276 300
277 300
278 300
279 300
280 300
281 301
282 301
283 301
285 301
288 301
289 301
290 301
291 301
292 301
293 301
294 301
295 301
297 301
281 302
285 302
289 302
291 302
292 302
293 302
294 302
298 302
300 302
285 303
287 303
289 303
290 303
292 303
293 303
295 303
298 303
299 303
300 303
281 304
283 304
285 304
287 304
289 304
290 304
291 304
292 304
294 304
295 304
296 304
298 304
300 304
281 305
285 305
290 305
294 305
295 305
298 305
282 306
289 306
293 306
294 306
296 306
299 306
282 307
283 307
288 307
295 307
296 307
297 307
298 307
300 307
282 308
286 308
289 308
291 308
292 308
293 308
297 308
299 308
300 308
281 309
282 309
283 309
285 309
287 309
290 309
292 309
295 309
297 309
298 309
281 310
282 310
283 310
284 310
286 310
287 310
288 310
289 310
291 310
292 310
295 310
298 310
299 310
300 310
281 311
284 311
289 311
291 311
293 311
294 311
295 311
296 311
298 311
299 311
282 312
285 312
291 312
295 312
296 312
300 312
281 313
282 313
284 313
287 313
288 313
292 313
294 313
295 313
299 313
281 314
282 314
283 314
284 314
285 314
287 314
290 314
292 314
293 314
294 314
296 314
297 314
282 315
283 315
285 315
289 315
292 315
293 315
295 315
297 315
299 315
281 316
282 316
283 316
284 316
285 316
287 316
288 316
289 316
291 316
294 316
296 316
298 316
299 316
300 316
282 317
284 317
292 317
293 317
295 317
296 317
299 317
300 317
281 318
284 318
285 318
288 318
289 318
290 318
291 318
292 318
293 318
296 318
297 318
299 318
282 319
284 319
285 319
286 319
287 319
288 319
290 319
291 319
292 319
293 319
295 319
299 319
281 320
285 320
286 320
290 320
295 320
296 320
298 320
299 320
300 320
302 321
305 321
307 321
308 321
309 321
311 321
312 321
313 321
314 321
315 321
316 321
318 321
319 321
301 322
308 322
309 322
310 322
313 322
315 322
320 322
302 323
303 323
306 323
307 323
309 323
310 323
311 323
313 323
314 323
315 323
317 323
318 323
320 323
302 324
304 324
305 324
306 324
308 324
309 324
310 324
314 324
316 324
317 324
318 324
304 325
305 325
306 325
309 325
310 325
313 325
314 325
303 326
304 326
308 326
310 326
311 326
312 326
313 326
314 326
315 326
316 326
318 326
320 326
301 327
302 327
304 327
306 327
307 327
309 327
314 327
315 327
317 327
318 327
303 328
305 328
307 328
308 328
309 328
312 328
313 328
318 328
319 328
302 329
303 329
305 329
307 329
309 329
310 329
311 329
313 329
316 329
318 329
319 329
320 329
302 330
304 330
305 330
306 330
307 330
311 330
315 330
317 330
305 331
308 331
309 331
311 331
314 331
316 331
317 331
319 331
320 331
301 332
303 332
304 332
305 332
306 332
307 332
309 332
310 332
312 332
315 332
316 332
317 332
319 332
320 332
302 333
307 333
311 333
312 333
313 333
315 333
316 333
320 333
301 334
303 334
304 334
305 334
306 334
307 334
311 334
315 334
318 334
320 334
301 335
302 335
306 335
307 335
309 335
310 335
311 335
312 335
313 335
314 335
316 335
317 335
318 335
302 336
307 336
311 336
312 336
314 336
318 336
301 337
303 337
305 337
306 337
307 337
310 337
315 337
316 337
320 337
305 338
308 338
309 338
310 338
312 338
314 338
315 338
316 338
319 338
320 338
303 339
305 339
306 339
309 339
311 339
312 339
314 339
315 339
316 339
317 339
318 339
319 339
301 340
302 340
306 340
308 340
309 340
310 340
312 340
314 340
315 340
318 340
319 340
321 341
322 341
323 341
324 341
325 341
329 341
332 341
333 341
335 341
336 341
337 341
338 341
339 341
340 341
323 342
324 342
325 342
327 342
335 342
337 342
339 342
323 343
324 343
325 343
329 343
331 343
332 343
334 343
336 343
337 343
321 344
322 344
323 344
325 344
328 344
329 344
330 344
332 344
333 344
337 344
338 344
339 344
340 344
321 345
323 345
324 345
325 345
326 345
327 345
328 345
330 345
333 345
338 345
340 345
324 346
326 346
327 346
330 346
331 346
336 346
337 346
340 346
321 347
322 347
323 347
324 347
326 347
327 347
329 347
330 347
331 347
333 347
336 347
339 347
321 348
323 348
324 348
327 348
328 348
329 348
330 348
332 348
333 348
334 348
336 348
338 348
321 349
322 349
323 349
324 349
326 349
327 349
331 349
333 349
335 349
336 349
339 349
340 349
322 350
323 350
324 350
325 350
327 350
328 350
329 350
331 350
332 350
333 350
335 350
337 350
338 350
322 351
324 351
327 351
328 351
330 351
332 351
337 351
339 351
340 351
322 352
324 352
325 352
328 352
329 352
334 352
321 353
322 353
324 353
325 353
326 353
327 353
329 353
330 353
336 353
339 353
321 354
323 354
328 354
329 354
332 354
333 354
334 354
336 354
339 354
321 355
322 355
323 355
325 355
327 355
328 355
329 355
333 355
334 355
336 355
337 355
338 355
339 355
340 355
324 356
325 356
328 356
330 356
331 356
334 356
336 356
338 356
322 357
323 357
324 357
326 357
329 357
330 357
332 357
334 357
336 357
337 357
340 357
321 358
322 358
325 358
329 358
332 358
333 358
334 358
335 358
337 358
338 358
339 358
340 358
322 359
324 359
325 359
326 359
327 359
328 359
329 359
330 359
333 359
334 359
322 360
323 360
328 360
331 360
332 360
336 360
337 360
338 360
339 360
341 361
344 361
345 361
346 361
348 361
353 361
355 361
357 361
358 361
359 361
360 361
342 362
343 362
346 362
347 362
348 362
349 362
350 362
351 362
352 362
353 362
354 362
355 362
356 362
358 362
359 362
346 363
350 363
351 363
358 363
341 364
343 364
347 364
348 364
349 364
350 364
355 364
358 364
359 364
360 364
341 365
348 365
349 365
351 365
353 365
354 365
358 365
359 365
360 365
341 366
342 366
344 366
346 366
347 366
350 366
351 366
353 366
356 366
357 366
360 366
342 367
344 367
346 367
348 367
352 367
353 367
354 367
357 367
358 367
341 368
344 368
345 368
347 368
348 368
349 368
353 368
354 368
355 368
357 368
341 369
342 369
343 369
345 369
351 369
352 369
355 369
358 369
359 369
360 369
341 370
342 370
348 370
349 370
350 370
354 370
356 370
359 370
360 370
341 371
342 371
344 371
346 371
354 371
358 371
359 371
360 371
341 372
343 372
344 372
348 372
349 372
350 372
352 372
353 372
354 372
355 372
356 372
360 372
342 373
343 373
345 373
348 373
351 373
353 373
354 373
355 373
356 373
341 374
347 374
348 374
352 374
353 374
354 374
356 374
358 374
360 374
341 375
343 375
346 375
349 375
350 375
354 375
355 375
360 375
341 376
342 376
343 376
345 376
346 376
349 376
351 376
354 376
355 376
358 376
359 376
360 376
341 377
346 377
348 377
349 377
350 377
352 377
353 377
356 377
358 377
359 377
360 377
341 378
343 378
344 378
347 378
351 378
352 378
354 378
357 378
344 379
345 379
346 379
347 379
348 379
349 379
352 379
354 379
357 379
359 379
344 380
349 380
352 380
353 380
354 380
355 380
357 380
359 380
360 380
361 381
362 381
365 381
366 381
369 381
374 381
375 381
365 382
366 382
367 382
368 382
370 382
371 382
372 382
373 382
375 382
376 382
377 382
378 382
379 382
361 383
362 383
365 383
367 383
368 383
371 383
372 383
361 384
362 384
364 384
365 384
367 384
368 384
372 384
378 384
380 384
361 385
364 385
366 385
368 385
371 385
372 385
373 385
374 385
380 385
361 386
362 386
364 386
366 386
371 386
374 386
378 386
379 386
380 386
361 387
363 387
364 387
367 387
368 387
371 387
372 387
373 387
374 387
375 387
376 387
377 387
378 387
379 387
365 388
367 388
368 388
369 388
370 388
371 388
372 388
373 388
376 388
379 388
380 388
361 389
363 389
366 389
367 389
369 389
370 389
371 389
372 389
374 389
375 389
377 389
378 389
379 389
380 389
365 390
367 390
369 390
371 390
372 390
380 390
361 391
362 391
364 391
368 391
370 391
372 391
374 391
377 391
378 391
379 391
380 391
363 392
364 392
365 392
366 392
367 392
369 392
370 392
371 392
373 392
374 392
375 392
376 392
377 392
378 392
380 392
361 393
362 393
368 393
372 393
373 393
376 393
361 394
362 394
363 394
367 394
370 394
371 394
373 394
376 394
377 394
378 394
380 394
365 395
366 395
369 395
370 395
371 395
372 395
376 395
377 395
379 395
380 395
363 396
364 396
365 396
370 396
373 396
375 396
378 396
379 396
363 397
367 397
368 397
371 397
372 397
378 397
380 397
361 398
365 398
368 398
369 398
374 398
375 398
378 398
380 398
361 399
362 399
365 399
368 399
369 399
370 399
371 399
372 399
374 399
376 399
378 399
361 400
365 400
366 400
367 400
369 400
372 400
374 400
375 400
376 400
377 400
378 400
380 400
383 401
385 401
386 401
387 401
394 401
398 401
399 401
400 401
381 402
384 402
386 402
387 402
391 402
392 402
394 402
396 402
398 402
383 403
386 403
387 403
391 403
392 403
393 403
394 403
397 403
398 403
382 404
383 404
385 404
387 404
389 404
392 404
393 404
394 404
395 404
396 404
397 404
398 404
381 405
383 405
386 405
388 405
389 405
390 405
391 405
397 405
398 405
400 405
381 406
382 406
385 406
387 406
388 406
389 406
392 406
394 406
397 406
399 406
400 406
382 407
383 407
388 407
389 407
390 407
393 407
396 407
398 407
400 407
384 408
387 408
388 408
390 408
393 408
396 408
398 408
400 408
384 409
385 409
386 409
387 409
394 409
395 409
396 409
400 409
382 410
384 410
387 410
388 410
392 410
393 410
395 410
396 410
397 410
398 410
399 410
382 411
384 411
386 411
388 411
389 411
391 411
393 411
395 411
396 411
400 411
383 412
384 412
385 412
387 412
388 412
389 412
391 412
392 412
398 412
399 412
381 413
384 413
392 413
393 413
395 413
396 413
381 414
382 414
383 414
384 414
385 414
387 414
388 414
390 414
392 414
393 414
396 414
397 414
398 414
381 415
386 415
388 415
389 415
394 415
395 415
396 415
397 415
398 415
400 415
381 416
382 416
384 416
385 416
386 416
391 416
394 416
395 416
396 416
398 416
399 416
400 416
381 417
382 417
384 417
385 417
387 417
388 417
390 417
391 417
392 417
395 417
397 417
381 418
387 418
390 418
397 418
398 418
400 418
383 419
388 419
390 419
391 419
394 419
395 419
397 419
399 419
383 420
384 420
393 420
395 420
396 420
397 420
399 420
402 421
406 421
410 421
412 421
413 421
416 421
417 421
418 421
401 422
402 422
403 422
404 422
405 422
406 422
407 422
408 422
410 422
411 422
415 422
416 422
418 422
419 422
401 423
405 423
407 423
408 423
410 423
412 423
413 423
415 423
417 423
418 423
419 423
420 423
401 424
402 424
403 424
404 424
407 424
408 424
410 424
413 424
414 424
415 424
416 424
417 424
420 424
403 425
406 425
407 425
411 425
412 425
414 425
415 425
416 425
418 425
404 426
405 426
406 426
407 426
408 426
410 426
411 426
413 426
420 426
401 427
402 427
403 427
404 427
406 427
407 427
410 427
411 427
412 427
413 427
417 427
418 427
419 427
420 427
401 428
403 428
410 428
415 428
417 428
418 428
419 428
420 428
401 429
402 429
408 429
410 429
413 429
414 429
415 429
416 429
418 429
401 430
403 430
405 430
406 430
407 430
409 430
410 430
411 430
412 430
413 430
414 430
415 430
416 430
419 430
420 430
402 431
407 431
409 431
411 431
413 431
415 431
401 432
403 432
404 432
405 432
407 432
408 432
409 432
410 432
411 432
412 432
413 432
415 432
416 432
420 432
404 433
406 433
408 433
410 433
411 433
413 433
418 433
401 434
403 434
406 434
407 434
409 434
410 434
411 434
412 434
413 434
415 434
418 434
420 434
405 435
409 435
410 435
411 435
417 435
419 435
402 436
404 436
405 436
406 436
412 436
413 436
415 436
417 436
418 436
419 436
401 437
402 437
405 437
406 437
412 437
415 437
417 437
418 437
419 437
420 437
402 438
403 438
405 438
407 438
408 438
409 438
412 438
416 438
419 438
401 439
402 439
404 439
405 439
409 439
412 439
414 439
415 439
416 439
417 439
401 440
402 440
403 440
406 440
407 440
409 440
412 440
413 440
414 440
415 440
417 440
419 440
421 441
422 441
426 441
427 441
428 441
429 441
430 441
432 441
434 441
435 441
436 441
421 442
422 442
425 442
427 442
430 442
431 442
433 442
435 442
421 443
424 443
425 443
426 443
428 443
432 443
433 443
434 443
435 443
437 443
439 443
440 443
421 444
424 444
426 444
428 444
435 444
438 444
440 444
423 445
427 445
428 445
429 445
430 445
432 445
434 445
435 445
436 445
437 445
438 445
439 445
421 446
423 446
424 446
427 446
429 446
430 446
431 446
432 446
434 446
435 446
436 446
439 446
421 447
422 447
423 447
424 447
426 447
427 447
429 447
430 447
432 447
433 447
434 447
435 447
437 447
438 447
440 447
426 448
427 448
429 448
431 448
432 448
436 448
437 448
439 448
421 449
425 449
426 449
429 449
430 449
431 449
432 449
433 449
439 449
422 450
424 450
427 450
428 450
431 450
432 450
433 450
434 450
435 450
436 450
438 450
421 451
422 451
423 451
424 451
425 451
426 451
429 451
430 451
431 451
434 451
437 451
438 451
440 451
421 452
423 452
425 452
428 452
429 452
430 452
431 452
435 452
436 452
438 452
440 452
421 453
422 453
423 453
424 453
425 453
427 453
431 453
433 453
437 453
439 453
422 454
423 454
424 454
428 454
429 454
431 454
433 454
435 454
438 454
439 454
440 454
425 455
427 455
429 455
430 455
433 455
434 455
435 455
439 455
425 456
431 456
433 456
435 456
437 456
438 456
440 456
422 457
427 457
428 457
429 457
430 457
431 457
432 457
436 457
437 457
439 457
424 458
428 458
432 458
434 458
435 458
436 458
437 458
438 458
421 459
422 459
424 459
427 459
429 459
430 459
432 459
427 460
430 460
432 460
433 460
434 460
436 460
437 460
440 460
442 461
445 461
452 461
453 461
454 461
455 461
456 461
460 461
442 462
448 462
452 462
459 462
460 462
441 463
442 463
450 463
451 463
453 463
455 463
456 463
460 463
444 464
446 464
447 464
448 464
449 464
455 464
457 464
459 464
441 465
442 465
445 465
447 465
448 465
449 465
452 465
453 465
454 465
460 465
441 466
443 466
444 466
445 466
446 466
447 466
452 466
454 466
455 466
456 466
458 466
459 466
442 467
444 467
450 467
452 467
453 467
454 467
455 467
457 467
458 467
460 467
441 468
442 468
450 468
453 468
456 468
457 468
460 468
441 469
443 469
444 469
445 469
446 469
448 469
449 469
453 469
455 469
458 469
441 470
442 470
443 470
445 470
446 470
447 470
449 470
451 470
453 470
454 470
455 470
457 470
458 470
460 470
441 471
442 471
443 471
445 471
446 471
448 471
449 471
450 471
452 471
453 471
454 471
457 471
459 471
460 471
441 472
443 472
445 472
446 472
447 472
449 472
450 472
452 472
453 472
454 472
455 472
456 472
457 472
458 472
441 473
442 473
443 473
444 473
447 473
448 473
449 473
450 473
454 473
455 473
457 473
441 474
442 474
444 474
445 474
449 474
454 474
455 474
456 474
459 474
460 474
445 475
446 475
448 475
449 475
450 475
451 475
452 475
454 475
455 475
457 475
446 476
448 476
449 476
450 476
451 476
452 476
457 476
458 476
460 476
442 477
444 477
445 477
446 477
447 477
448 477
452 477
454 477
455 477
458 477
459 477
460 477
446 478
447 478
450 478
451 478
452 478
453 478
454 478
457 478
458 478
459 478
460 478
441 479
442 479
448 479
449 479
450 479
451 479
452 479
454 479
455 479
456 479
442 480
443 480
444 480
446 480
453 480
457 480
459 480
460 480
461 481
463 481
464 481
467 481
470 481
471 481
472 481
475 481
476 481
464 482
466 482
467 482
471 482
472 482
473 482
475 482
476 482
478 482
480 482
461 483
462 483
464 483
467 483
468 483
469 483
470 483
471 483
473 483
475 483
476 483
479 483
464 484
465 484
466 484
467 484
468 484
472 484
474 484
475 484
478 484
479 484
480 484
463 485
466 485
467 485
468 485
470 485
471 485
474 485
475 485
476 485
480 485
462 486
464 486
465 486
469 486
470 486
472 486
473 486
477 486
478 486
479 486
480 486
461 487
462 487
469 487
470 487
474 487
476 487
477 487
478 487
479 487
462 488
465 488
466 488
472 488
475 488
479 488
480 488
463 489
465 489
466 489
472 489
474 489
476 489
477 489
478 489
479 489
461 490
463 490
464 490
468 490
472 490
473 490
475 490
476 490
478 490
480 490
461 491
463 491
464 491
465 491
467 491
468 491
469 491
472 491
478 491
461 492
462 492
464 492
466 492
468 492
470 492
472 492
473 492
474 492
476 492
477 492
478 492
480 492
461 493
463 493
464 493
466 493
468 493
469 493
474 493
475 493
478 493
461 494
462 494
466 494
468 494
471 494
473 494
477 494
478 494
479 494
461 495
462 495
465 495
467 495
469 495
471 495
473 495
476 495
479 495
480 495
463 496
465 496
466 496
469 496
470 496
471 496
473 496
475 496
476 496
478 496
479 496
464 497
466 497
467 497
469 497
470 497
471 497
473 497
474 497
475 497
477 497
478 497
479 497
480 497
462 498
463 498
465 498
467 498
469 498
470 498
471 498
477 498
479 498
480 498
461 499
463 499
465 499
466 499
467 499
469 499
470 499
472 499
480 499
464 500
465 500
466 500
467 500
468 500
469 500
471 500
472 500
474 500
475 500
476 500
477 500
478 500
479 500
480 500
483 501
485 501
486 501
487 501
488 501
490 501
491 501
493 501
494 501
497 501
499 501
500 501
481 502
485 502
486 502
489 502
491 502
493 502
494 502
495 502
497 502
500 502
485 503
487 503
488 503
490 503
491 503
493 503
495 503
496 503
498 503
500 503
481 504
484 504
486 504
493 504
494 504
495 504
499 504
500 504
485 505
486 505
489 505
491 505
492 505
493 505
496 505
499 505
500 505
486 506
489 506
490 506
491 506
493 506
494 506
495 506
497 506
498 506
499 506
482 507
486 507
490 507
491 507
493 507
495 507
499 507
482 508
483 508
484 508
485 508
486 508
488 508
490 508
492 508
493 508
496 508
497 508
498 508
481 509
482 509
483 509
484 509
485 509
486 509
488 509
489 509
490 509
492 509
493 509
495 509
497 509
498 509
500 509
481 510
482 510
483 510
487 510
490 510
491 510
492 510
493 510
494 510
495 510
498 510
500 510
481 511
483 511
487 511
488 511
490 511
492 511
495 511
496 511
498 511
499 511
482 512
484 512
485 512
486 512
488 512
489 512
490 512
491 512
493 512
494 512
495 512
496 512
497 512
498 512
499 512
500 512
485 513
489 513
497 513
499 513
481 514
482 514
483 514
484 514
485 514
486 514
490 514
493 514
494 514
496 514
498 514
499 514
481 515
484 515
485 515
486 515
487 515
490 515
491 515
494 515
495 515
497 515
499 515
500 515
481 516
484 516
489 516
490 516
493 516
496 516
500 516
481 517
482 517
484 517
487 517
489 517
490 517
493 517
494 517
498 517
500 517
482 518
487 518
489 518
491 518
492 518
496 518
497 518
498 518
499 518
500 518
482 519
486 519
488 519
492 519
496 519
497 519
499 519
500 519
481 520
482 520
483 520
486 520
487 520
488 520
489 520
493 520
494 520
495 520
496 520
498 520
506 521
511 521
512 521
516 521
517 521
518 521
520 521
505 522
506 522
507 522
511 522
512 522
516 522
517 522
518 522
519 522
520 522
504 523
505 523
507 523
509 523
511 523
513 523
516 523
517 523
519 523
501 524
503 524
504 524
510 524
511 524
512 524
514 524
516 524
518 524
520 524
505 525
506 525
507 525
511 525
513 525
515 525
517 525
518 525
520 525
501 526
505 526
506 526
507 526
509 526
510 526
511 526
515 526
516 526
518 526
502 527
503 527
505 527
509 527
513 527
515 527
517 527
506 528
507 528
508 528
509 528
510 528
511 528
513 528
514 528
515 528
516 528
502 529
503 529
504 529
506 529
507 529
510 529
517 529
518 529
519 529
520 529
501 530
503 530
505 530
509 530
512 530
513 530
514 530
517 530
518 530
519 530
520 530
502 531
503 531
505 531
506 531
508 531
511 531
514 531
515 531
516 531
518 531
519 531
520 531
501 532
503 532
504 532
505 532
506 532
507 532
509 532
510 532
514 532
515 532
516 532
518 532
520 532
501 533
502 533
504 533
505 533
506 533
507 533
508 533
510 533
511 533
512 533
513 533
515 533
517 533
519 533
520 533
502 534
503 534
506 534
508 534
509 534
511 534
512 534
513 534
514 534
518 534
520 534
502 535
504 535
506 535
510 535
511 535
515 535
516 535
502 536
505 536
509 536
512 536
515 536
516 536
517 536
518 536
519 536
520 536
501 537
502 537
506 537
507 537
509 537
511 537
512 537
514 537
515 537
518 537
520 537
502 538
503 538
504 538
507 538
508 538
509 538
511 538
512 538
518 538
519 538
520 538
501 539
502 539
504 539
505 539
506 539
508 539
510 539
511 539
512 539
515 539
516 539
502 540
505 540
506 540
510 540
511 540
512 540
513 540
519 540
520 540
522 541
525 541
526 541
527 541
528 541
530 541
534 541
538 541
539 541
524 542
525 542
528 542
529 542
530 542
531 542
533 542
535 542
538 542
539 542
540 542
529 543
531 543
532 543
533 543
535 543
536 543
537 543
538 543
524 544
529 544
531 544
534 544
535 544
536 544
537 544
538 544
539 544
540 544
521 545
522 545
523 545
524 545
525 545
529 545
530 545
531 545
533 545
534 545
537 545
538 545
523 546
526 546
528 546
529 546
531 546
534 546
536 546
538 546
540 546
523 547
524 547
525 547
526 547
527 547
529 547
530 547
532 547
534 547
535 547
536 547
537 547
539 547
540 547
521 548
522 548
523 548
527 548
528 548
530 548
532 548
533 548
536 548
537 548
538 548
540 548
522 549
523 549
524 549
525 549
527 549
530 549
531 549
534 549
535 549
536 549
539 549
540 549
521 550
522 550
523 550
530 550
534 550
537 550
540 550
521 551
524 551
525 551
529 551
531 551
532 551
533 551
534 551
535 551
536 551
539 551
540 551
521 552
523 552
524 552
528 552
530 552
532 552
533 552
534 552
535 552
536 552
539 552
540 552
521 553
523 553
524 553
526 553
527 553
531 553
534 553
535 553
537 553
538 553
539 553
540 553
521 554
522 554
523 554
526 554
528 554
534 554
535 554
536 554
537 554
539 554
540 554
521 555
525 555
526 555
528 555
530 555
532 555
535 555
536 555
523 556
524 556
526 556
527 556
530 556
531 556
532 556
521 557
523 557
524 557
525 557
526 557
527 557
529 557
530 557
531 557
532 557
533 557
534 557
535 557
537 557
538 557
540 557
522 558
524 558
525 558
529 558
531 558
535 558
536 558
524 559
525 559
526 559
527 559
528 559
531 559
532 559
533 559
534 559
535 559
536 559
540 559
522 560
527 560
529 560
531 560
532 560
533 560
534 560
535 560
536 560
537 560
541 561
542 561
543 561
544 561
547 561
549 561
550 561
552 561
559 561
560 561
541 562
544 562
547 562
548 562
549 562
550 562
551 562
552 562
553 562
554 562
557 562
558 562
542 563
543 563
545 563
546 563
551 563
553 563
556 563
558 563
559 563
560 563
543 564
546 564
549 564
550 564
552 564
555 564
556 564
559 564
560 564
541 565
543 565
544 565
546 565
548 565
549 565
550 565
551 565
552 565
554 565
541 566
544 566
545 566
547 566
549 566
550 566
551 566
553 566
555 566
560 566
541 567
544 567
545 567
548 567
549 567
550 567
552 567
553 567
554 567
555 567
559 567
541 568
543 568
544 568
545 568
546 568
547 568
548 568
549 568
553 568
554 568
556 568
557 568
559 568
560 568
542 569
543 569
545 569
546 569
547 569
548 569
550 569
551 569
552 569
557 569
559 569
541 570
542 570
543 570
544 570
545 570
546 570
548 570
550 570
552 570
553 570
554 570
556 570
557 570
560 570
542 571
543 571
544 571
546 571
547 571
548 571
551 571
552 571
553 571
554 571
556 571
557 571
560 571
543 572
546 572
548 572
549 572
553 572
554 572
556 572
559 572
542 573
545 573
547 573
554 573
556 573
541 574
544 574
545 574
546 574
551 574
554 574
556 574
559 574
560 574
545 575
546 575
547 575
550 575
551 575
556 575
557 575
559 575
541 576
543 576
544 576
545 576
547 576
548 576
549 576
550 576
551 576
553 576
554 576
555 576
557 576
546 577
547 577
548 577
550 577
552 577
553 577
554 577
556 577
560 577
541 578
542 578
546 578
548 578
552 578
553 578
554 578
555 578
557 578
559 578
543 579
545 579
549 579
550 579
552 579
553 579
555 579
556 579
557 579
559 579
560 579
541 580
543 580
544 580
546 580
547 580
550 580
552 580
554 580
555 580
558 580
559 580
561 581
562 581
568 581
569 581
570 581
571 581
573 581
574 581
575 581
578 581
561 582
562 582
563 582
564 582
565 582
567 582
570 582
571 582
572 582
575 582
580 582
561 583
562 583
565 583
567 583
570 583
572 583
575 583
576 583
578 583
561 584
564 584
567 584
570 584
572 584
574 584
576 584
577 584
561 585
562 585
563 585
565 585
566 585
567 585
569 585
570 585
572 585
577 585
579 585
561 586
564 586
566 586
567 586
568 586
571 586
574 586
576 586
577 586
579 586
580 586
561 587
562 587
565 587
567 587
568 587
569 587
570 587
572 587
574 587
575 587
579 587
580 587
561 588
562 588
563 588
564 588
566 588
567 588
568 588
569 588
570 588
571 588
572 588
573 588
576 588
577 588
578 588
579 588
580 588
562 589
564 589
569 589
571 589
572 589
579 589
562 590
565 590
566 590
569 590
570 590
571 590
573 590
574 590
575 590
577 590
578 590
580 590
561 591
563 591
564 591
565 591
566 591
569 591
572 591
575 591
577 591
578 591
561 592
562 592
565 592
566 592
571 592
572 592
573 592
574 592
579 592
562 593
563 593
565 593
567 593
570 593
573 593
574 593
575 593
576 593
577 593
579 593
580 593
561 594
562 594
564 594
565 594
567 594
571 594
574 594
576 594
577 594
578 594
579 594
562 595
564 595
567 595
569 595
572 595
575 595
577 595
578 595
561 596
562 596
564 596
571 596
572 596
574 596
576 596
577 596
561 597
564 597
565 597
569 597
571 597
572 597
574 597
575 597
578 597
562 598
571 598
573 598
574 598
576 598
578 598
580 598
561 599
562 599
563 599
566 599
567 599
568 599
571 599
575 599
577 599
578 599
579 599
580 599
562 600
563 600
567 600
568 600
570 600
571 600
575 600
577 600
580 600
581 601
583 601
584 601
585 601
586 601
588 601
589 601
593 601
594 601
595 601
596 601
598 601
581 602
582 602
584 602
586 602
588 602
591 602
592 602
594 602
596 602
599 602
600 602
582 603
584 603
590 603
591 603
593 603
595 603
597 603
598 603
599 603
581 604
591 604
594 604
596 604
597 604
582 605
586 605
587 605
588 605
589 605
591 605
593 605
595 605
597 605
598 605
587 606
590 606
591 606
592 606
594 606
599 606
600 606
582 607
583 607
585 607
588 607
589 607
593 607
595 607
596 607
597 607
599 607
600 607
582 608
583 608
584 608
587 608
591 608
597 608
598 608
581 609
582 609
584 609
587 609
588 609
589 609
592 609
597 609
598 609
600 609
581 610
582 610
584 610
586 610
589 610
590 610
591 610
593 610
596 610
597 610
598 610
599 610
581 611
582 611
583 611
584 611
587 611
588 611
592 611
593 611
598 611
599 611
600 611
584 612
585 612
588 612
589 612
590 612
591 612
597 612
598 612
600 612
581 613
582 613
585 613
587 613
588 613
591 613
592 613
594 613
596 613
597 613
599 613
600 613
581 614
587 614
589 614
590 614
593 614
594 614
598 614
600 614
581 615
582 615
583 615
584 615
585 615
587 615
589 615
593 615
598 615
599 615
584 616
585 616
593 616
594 616
596 616
597 616
583 617
584 617
585 617
586 617
589 617
590 617
591 617
592 617
593 617
594 617
595 617
596 617
597 617
598 617
599 617
582 618
585 618
587 618
588 618
589 618
594 618
595 618
597 618
599 618
600 618
581 619
582 619
584 619
585 619
589 619
590 619
591 619
593 619
594 619
595 619
596 619
597 619
598 619
599 619
581 620
582 620
583 620
584 620
585 620
588 620
589 620
591 620
592 620
594 620
598 620
599 620
600 620
602 621
604 621
606 621
608 621
609 621
613 621
617 621
620 621
605 622
608 622
610 622
612 622
614 622
615 622
617 622
618 622
619 622
620 622
601 623
607 623
609 623
611 623
613 623
616 623
618 623
602 624
606 624
609 624
611 624
612 624
613 624
614 624
616 624
617 624
620 624
601 625
603 625
604 625
606 625
608 625
610 625
612 625
614 625
616 625
617 625
618 625
620 625
601 626
602 626
605 626
606 626
608 626
609 626
611 626
612 626
616 626
617 626
619 626
620 626
601 627
604 627
606 627
609 627
612 627
615 627
619 627
601 628
602 628
605 628
608 628
610 628
614 628
615 628
601 629
606 629
608 629
612 629
613 629
614 629
615 629
601 630
605 630
606 630
607 630
609 630
610 630
611 630
614 630
615 630
616 630
617 630
620 630
602 631
603 631
604 631
606 631
611 631
612 631
613 631
614 631
615 631
617 631
602 632
607 632
608 632
610 632
612 632
613 632
615 632
620 632
601 633
602 633
603 633
606 633
612 633
616 633
619 633
620 633
604 634
607 634
608 634
609 634
610 634
611 634
616 634
619 634
601 635
607 635
608 635
611 635
613 635
615 635
617 635
618 635
602 636
603 636
605 636
606 636
607 636
610 636
612 636
613 636
614 636
616 636
617 636
619 636
602 637
604 637
605 637
610 637
612 637
613 637
615 637
618 637
619 637
601 638
603 638
604 638
608 638
609 638
613 638
617 638
618 638
619 638
620 638
603 639
604 639
606 639
608 639
611 639
613 639
614 639
615 639
616 639
617 639
619 639
620 639
601 640
605 640
610 640
611 640
613 640
614 640
616 640
617 640
619 640
620 640
621 641
622 641
623 641
624 641
627 641
630 641
635 641
637 641
638 641
639 641
623 642
626 642
627 642
630 642
632 642
633 642
637 642
622 643
623 643
624 643
625 643
626 643
631 643
633 643
634 643
636 643
638 643
640 643
621 644
625 644
626 644
628 644
629 644
632 644
635 644
636 644
637 644
638 644
621 645
624 645
625 645
629 645
630 645
631 645
632 645
634 645
635 645
636 645
637 645
623 646
626 646
628 646
629 646
633 646
634 646
636 646
639 646
621 647
624 647
625 647
627 647
628 647
630 647
631 647
635 647
636 647
638 647
621 648
625 648
629 648
630 648
633 648
635 648
636 648
638 648
639 648
624 649
625 649
626 649
627 649
630 649
631 649
632 649
633 649
640 649
622 650
623 650
628 650
629 650
631 650
632 650
633 650
635 650
639 650
640 650
621 651
624 651
626 651
628 651
636 651
622 652
626 652
627 652
628 652
629 652
631 652
632 652
633 652
634 652
635 652
637 652
639 652
622 653
623 653
624 653
625 653
626 653
629 653
633 653
634 653
636 653
639 653
640 653
621 654
624 654
627 654
628 654
631 654
635 654
638 654
639 654
640 654
621 655
623 655
626 655
627 655
629 655
633 655
635 655
636 655
637 655
621 656
624 656
628 656
630 656
632 656
634 656
639 656
640 656
622 657
626 657
631 657
633 657
635 657
621 658
622 658
627 658
628 658
629 658
632 658
633 658
634 658
635 658
637 658
638 658
640 658
621 659
622 659
623 659
627 659
628 659
630 659
631 659
633 659
634 659
635 659
636 659
637 659
638 659
639 659
640 659
626 660
629 660
630 660
631 660
636 660
637 660
639 660
642 661
643 661
645 661
646 661
649 661
650 661
651 661
652 661
653 661
654 661
655 661
656 661
657 661
642 662
644 662
647 662
649 662
653 662
654 662
655 662
658 662
660 662
641 663
647 663
648 663
649 663
650 663
652 663
654 663
655 663
657 663
658 663
660 663
642 664
643 664
645 664
646 664
649 664
652 664
655 664
657 664
658 664
659 664
660 664
642 665
644 665
645 665
647 665
649 665
650 665
652 665
655 665
659 665
642 666
644 666
645 666
646 666
647 666
648 666
651 666
653 666
654 666
655 666
656 666
658 666
659 666
641 667
642 667
644 667
647 667
648 667
649 667
652 667
653 667
654 667
657 667
658 667
643 668
644 668
645 668
646 668
650 668
651 668
652 668
653 668
654 668
657 668
659 668
660 668
642 669
643 669
644 669
645 669
648 669
650 669
651 669
652 669
653 669
659 669
642 670
644 670
645 670
649 670
650 670
652 670
655 670
656 670
657 670
659 670
641 671
642 671
644 671
647 671
650 671
651 671
652 671
659 671
642 672
643 672
644 672
645 672
646 672
647 672
649 672
653 672
654 672
655 672
658 672
659 672
660 672
641 673
643 673
644 673
650 673
651 673
654 673
655 673
657 673
659 673
641 674
644 674
646 674
647 674
651 674
653 674
655 674
642 675
643 675
645 675
649 675
652 675
654 675
655 675
656 675
657 675
660 675
641 676
642 676
647 676
650 676
652 676
653 676
654 676
655 676
656 676
659 676
660 676
641 677
642 677
643 677
644 677
645 677
646 677
647 677
650 677
651 677
652 677
653 677
656 677
657 677
658 677
659 677
645 678
646 678
650 678
653 678
657 678
660 678
648 679
649 679
650 679
654 679
656 679
658 679
660 679
642 680
645 680
647 680
648 680
649 680
650 680
652 680
655 680
656 680
657 680
658 680
661 681
664 681
665 681
669 681
670 681
671 681
672 681
674 681
675 681
677 681
679 681
680 681
663 682
666 682
667 682
669 682
671 682
674 682
675 682
676 682
677 682
678 682
679 682
680 682
663 683
665 683
667 683
668 683
672 683
673 683
674 683
676 683
677 683
663 684
671 684
672 684
675 684
676 684
678 684
680 684
661 685
665 685
666 685
668 685
669 685
670 685
671 685
672 685
673 685
674 685
677 685
680 685
661 686
666 686
667 686
668 686
669 686
670 686
674 686
675 686
677 686
679 686
663 687
666 687
667 687
668 687
669 687
670 687
671 687
674 687
675 687
677 687
663 688
664 688
665 688
667 688
669 688
671 688
674 688
675 688
677 688
678 688
661 689
668 689
669 689
670 689
674 689
675 689
679 689
663 690
666 690
667 690
669 690
671 690
672 690
674 690
678 690
679 690
680 690
662 691
664 691
669 691
670 691
673 691
674 691
676 691
678 691
679 691
661 692
663 692
664 692
666 692
667 692
669 692
673 692
674 692
675 692
677 692
679 692
680 692
663 693
664 693
666 693
670 693
673 693
675 693
678 693
679 693
680 693
662 694
666 694
669 694
671 694
672 694
678 694
680 694
661 695
662 695
663 695
665 695
670 695
671 695
672 695
673 695
676 695
677 695
678 695
679 695
680 695
662 696
666 696
667 696
668 696
671 696
673 696
674 696
675 696
679 696
680 696
662 697
663 697
665 697
669 697
670 697
671 697
672 697
674 697
675 697
676 697
677 697
678 697
661 698
662 698
664 698
665 698
669 698
672 698
674 698
675 698
676 698
680 698
662 699
663 699
664 699
669 699
670 699
677 699
661 700
665 700
666 700
667 700
669 700
672 700
674 700
681 701
682 701
683 701
686 701
689 701
691 701
693 701
695 701
696 701
681 702
682 702
688 702
693 702
695 702
696 702
700 702
683 703
684 703
685 703
686 703
689 703
691 703
697 703
698 703
699 703
681 704
682 704
684 704
686 704
688 704
691 704
695 704
697 704
698 704
700 704
681 705
682 705
683 705
685 705
688 705
692 705
693 705
696 705
697 705
698 705
700 705
685 706
687 706
688 706
691 706
692 706
697 706
700 706
681 707
683 707
684 707
685 707
697 707
699 707
700 707
682 708
683 708
684 708
687 708
688 708
689 708
690 708
693 708
697 708
698 708
700 708
681 709
684 709
685 709
686 709
688 709
694 709
696 709
697 709
698 709
699 709
700 709
682 710
684 710
685 710
686 710
688 710
691 710
692 710
694 710
697 710
699 710
700 710
681 711
682 711
684 711
685 711
686 711
687 711
692 711
696 711
700 711
682 712
684 712
686 712
687 712
688 712
692 712
694 712
696 712
697 712
700 712
682 713
686 713
687 713
688 713
690 713
692 713
699 713
700 713
681 714
683 714
684 714
687 714
688 714
690 714
692 714
695 714
681 715
683 715
688 715
689 715
690 715
691 715
694 715
695 715
698 715
700 715
685 716
688 716
694 716
696 716
699 716
700 716
682 717
683 717
685 717
687 717
688 717
689 717
690 717
691 717
692 717
693 717
694 717
695 717
696 717
697 717
698 717
700 717
681 718
683 718
688 718
689 718
692 718
694 718
695 718
697 718
699 718
681 719
682 719
683 719
685 719
686 719
689 719
693 719
694 719
695 719
700 719
684 720
686 720
688 720
689 720
692 720
693 720
694 720
698 720
699 720
701 721
702 721
703 721
704 721
705 721
707 721
711 721
712 721
714 721
705 722
710 722
711 722
714 722
717 722
718 722
719 722
720 722
702 723
704 723
706 723
707 723
708 723
709 723
710 723
713 723
714 723
715 723
717 723
718 723
719 723
701 724
702 724
705 724
707 724
709 724
710 724
713 724
716 724
718 724
702 725
705 725
706 725
707 725
708 725
710 725
712 725
713 725
714 725
717 725
718 725
704 726
709 726
710 726
712 726
715 726
716 726
717 726
718 726
720 726
701 727
703 727
705 727
706 727
708 727
709 727
710 727
711 727
712 727
714 727
715 727
716 727
720 727
705 728
707 728
708 728
709 728
711 728
713 728
714 728
715 728
717 728
701 729
704 729
705 729
706 729
707 729
714 729
715 729
717 729
719 729
720 729
702 730
703 730
705 730
707 730
710 730
711 730
712 730
713 730
715 730
716 730
717 730
719 730
702 731
706 731
707 731
711 731
712 731
714 731
715 731
718 731
719 731
701 732
702 732
703 732
705 732
706 732
709 732
711 732
714 732
715 732
717 732
719 732
720 732
701 733
704 733
705 733
710 733
712 733
716 733
717 733
719 733
720 733
702 734
704 734
706 734
709 734
711 734
712 734
713 734
702 735
703 735
704 735
706 735
713 735
714 735
716 735
720 735
701 736
702 736
703 736
704 736
705 736
706 736
708 736
712 736
715 736
718 736
719 736
701 737
702 737
707 737
709 737
711 737
712 737
713 737
715 737
716 737
717 737
720 737
701 738
705 738
707 738
710 738
711 738
712 738
718 738
701 739
704 739
705 739
707 739
709 739
710 739
712 739
713 739
714 739
717 739
718 739
719 739
720 739
704 740
707 740
708 740
711 740
717 740
719 740
720 740
721 741
723 741
724 741
726 741
727 741
729 741
731 741
734 741
735 741
736 741
738 741
739 741
722 742
723 742
727 742
734 742
735 742
736 742
739 742
721 743
722 743
726 743
727 743
728 743
729 743
730 743
732 743
733 743
734 743
737 743
738 743
740 743
722 744
727 744
729 744
732 744
735 744
736 744
737 744
740 744
721 745
722 745
725 745
726 745
727 745
732 745
733 745
734 745
735 745
737 745
739 745
721 746
722 746
726 746
727 746
729 746
731 746
732 746
736 746
740 746
721 747
723 747
725 747
727 747
731 747
732 747
733 747
736 747
737 747
738 747
739 747
740 747
722 748
723 748
725 748
727 748
729 748
730 748
731 748
734 748
736 748
737 748
721 749
722 749
723 749
724 749
725 749
727 749
728 749
731 749
732 749
735 749
738 749
739 749
740 749
722 750
724 750
725 750
726 750
727 750
731 750
735 750
736 750
740 750
723 751
724 751
726 751
728 751
729 751
730 751
733 751
735 751
736 751
739 751
727 752
729 752
732 752
733 752
737 752
740 752
722 753
723 753
725 753
726 753
728 753
729 753
731 753
734 753
735 753
736 753
738 753
721 754
722 754
723 754
725 754
728 754
729 754
730 754
732 754
733 754
735 754
736 754
738 754
740 754
725 755
728 755
729 755
730 755
731 755
732 755
736 755
737 755
738 755
739 755
740 755
721 756
723 756
724 756
725 756
727 756
728 756
729 756
730 756
731 756
733 756
735 756
736 756
737 756
738 756
739 756
721 757
722 757
723 757
724 757
725 757
727 757
728 757
729 757
731 757
732 757
735 757
736 757
738 757
722 758
724 758
725 758
729 758
731 758
732 758
734 758
738 758
739 758
740 758
721 759
728 759
729 759
731 759
733 759
734 759
736 759
738 759
740 759
721 760
722 760
724 760
726 760
727 760
728 760
730 760
731 760
732 760
733 760
734 760
737 760
739 760
740 760
745 761
748 761
749 761
751 761
756 761
757 761
758 761
759 761
760 761
741 762
743 762
745 762
747 762
752 762
753 762
755 762
757 762
758 762
742 763
746 763
747 763
750 763
751 763
752 763
753 763
754 763
757 763
760 763
741 764
743 764
744 764
745 764
747 764
750 764
751 764
753 764
755 764
757 764
759 764
760 764
746 765
749 765
750 765
753 765
755 765
757 765
758 765
760 765
741 766
743 766
745 766
746 766
748 766
749 766
750 766
751 766
752 766
753 766
754 766
755 766
756 766
758 766
760 766
741 767
742 767
744 767
746 767
748 767
749 767
755 767
756 767
757 767
759 767
760 767
741 768
746 768
747 768
748 768
749 768
751 768
752 768
758 768
742 769
743 769
744 769
750 769
754 769
757 769
758 769
741 770
742 770
743 770
744 770
746 770
751 770
753 770
755 770
756 770
759 770
741 771
742 771
745 771
746 771
747 771
750 771
754 771
755 771
757 771
758 771
759 771
760 771
744 772
745 772
746 772
748 772
749 772
753 772
754 772
755 772
758 772
742 773
743 773
746 773
748 773
749 773
750 773
752 773
754 773
760 773
741 774
742 774
743 774
748 774
749 774
750 774
754 774
757 774
758 774
742 775
744 775
747 775
748 775
749 775
752 775
755 775
756 775
758 775
741 776
743 776
750 776
751 776
752 776
753 776
754 776
759 776
760 776
742 777
743 777
744 777
745 777
747 777
750 777
756 777
758 777
759 777
743 778
747 778
748 778
750 778
753 778
755 778
757 778
758 778
759 778
760 778
748 779
749 779
751 779
752 779
753 779
754 779
756 779
758 779
759 779
760 779
741 780
742 780
743 780
744 780
746 780
747 780
748 780
749 780
750 780
758 780
759 780
762 781
765 781
766 781
767 781
768 781
770 781
771 781
772 781
773 781
774 781
776 781
777 781
780 781
761 782
763 782
766 782
768 782
771 782
773 782
775 782
776 782
777 782
780 782
763 783
764 783
765 783
766 783
767 783
769 783
770 783
771 783
772 783
774 783
778 783
761 784
762 784
763 784
765 784
769 784
770 784
771 784
772 784
773 784
776 784
777 784
778 784
779 784
761 785
763 785
770 785
771 785
772 785
773 785
775 785
776 785
779 785
766 786
767 786
768 786
769 786
770 786
775 786
778 786
761 787
763 787
764 787
765 787
766 787
767 787
768 787
771 787
775 787
776 787
777 787
780 787
764 788
767 788
768 788
769 788
770 788
771 788
773 788
774 788
775 788
779 788
780 788
761 789
762 789
764 789
767 789
769 789
770 789
778 789
780 789
761 790
762 790
764 790
766 790
767 790
770 790
771 790
773 790
777 790
780 790
762 791
763 791
764 791
766 791
767 791
768 791
769 791
770 791
773 791
774 791
775 791
776 791
780 791
762 792
764 792
765 792
766 792
768 792
769 792
772 792
773 792
777 792
761 793
763 793
764 793
767 793
768 793
774 793
775 793
776 793
777 793
779 793
761 794
762 794
768 794
769 794
770 794
771 794
772 794
778 794
780 794
761 795
763 795
769 795
772 795
773 795
774 795
775 795
778 795
761 796
763 796
766 796
770 796
771 796
772 796
773 796
776 796
778 796
780 796
761 797
764 797
766 797
767 797
773 797
778 797
761 798
762 798
763 798
765 798
766 798
768 798
769 798
773 798
774 798
779 798
761 799
762 799
763 799
766 799
769 799
770 799
771 799
772 799
773 799
775 799
776 799
777 799
780 799
764 800
765 800
767 800
769 800
770 800
771 800
772 800
775 800
776 800
778 800
779 800
781 801
787 801
788 801
790 801
791 801
792 801
794 801
797 801
781 802
784 802
785 802
787 802
788 802
790 802
792 802
793 802
794 802
795 802
796 802
800 802
782 803
783 803
784 803
786 803
787 803
790 803
795 803
797 803
798 803
799 803
782 804
785 804
786 804
787 804
788 804
789 804
791 804
794 804
795 804
800 804
785 805
787 805
789 805
791 805
793 805
794 805
800 805
788 806
792 806
793 806
795 806
796 806
800 806
782 807
784 807
785 807
787 807
789 807
790 807
792 807
795 807
796 807
799 807
781 808
784 808
786 808
790 808
793 808
794 808
798 808
800 808
781 809
782 809
783 809
785 809
787 809
788 809
790 809
791 809
792 809
793 809
798 809
800 809
781 810
785 810
790 810
797 810
798 810
800 810
781 811
786 811
787 811
789 811
791 811
794 811
796 811
799 811
784 812
786 812
787 812
788 812
795 812
798 812
799 812
800 812
785 813
787 813
788 813
791 813
792 813
793 813
794 813
795 813
796 813
798 813
800 813
781 814
782 814
783 814
793 814
794 814
782 815
783 815
786 815
789 815
790 815
792 815
793 815
796 815
797 815
800 815
781 816
782 816
786 816
788 816
792 816
793 816
794 816
796 816
797 816
799 816
800 816
781 817
782 817
786 817
787 817
788 817
790 817
791 817
792 817
795 817
797 817
798 817
800 817
783 818
784 818
785 818
786 818
788 818
790 818
793 818
794 818
798 818
784 819
790 819
792 819
793 819
796 819
797 819
798 819
799 819
800 819
783 820
784 820
785 820
787 820
796 820
798 820
803 821
806 821
807 821
809 821
810 821
811 821
814 821
817 821
801 822
805 822
806 822
808 822
813 822
814 822
815 822
816 822
820 822
802 823
804 823
806 823
809 823
811 823
815 823
818 823
819 823
820 823
801 824
802 824
809 824
811 824
812 824
818 824
819 824
801 825
802 825
804 825
807 825
813 825
814 825
817 825
818 825
819 825
820 825
801 826
802 826
803 826
804 826
806 826
807 826
809 826
811 826
813 826
814 826
818 826
819 826
801 827
802 827
803 827
805 827
808 827
809 827
811 827
815 827
820 827
803 828
804 828
805 828
808 828
810 828
811 828
817 828
818 828
820 828
801 829
802 829
803 829
804 829
808 829
810 829
811 829
812 829
813 829
814 829
815 829
817 829
819 829
820 829
801 830
803 830
806 830
811 830
813 830
814 830
815 830
818 830
819 830
820 830
801 831
802 831
803 831
806 831
807 831
808 831
811 831
814 831
804 832
809 832
812 832
813 832
814 832
816 832
817 832
804 833
805 833
806 833
807 833
813 833
814 833
815 833
816 833
817 833
818 833
820 833
801 834
802 834
804 834
806 834
807 834
809 834
810 834
811 834
812 834
813 834
803 835
805 835
806 835
809 835
810 835
811 835
814 835
815 835
819 835
803 836
804 836
805 836
806 836
810 836
811 836
812 836
817 836
819 836
820 836
801 837
802 837
807 837
809 837
811 837
814 837
817 837
818 837
820 837
804 838
805 838
806 838
808 838
809 838
810 838
815 838
817 838
818 838
819 838
801 839
802 839
803 839
805 839
806 839
808 839
814 839
817 839
818 839
819 839
801 840
802 840
803 840
805 840
806 840
808 840
809 840
810 840
811 840
812 840
815 840
817 840
822 841
824 841
825 841
826 841
830 841
831 841
832 841
833 841
835 841
836 841
837 841
838 841
839 841
821 842
822 842
823 842
829 842
830 842
831 842
833 842
835 842
836 842
837 842
839 842
821 843
828 843
831 843
832 843
834 843
836 843
837 843
838 843
839 843
840 843
823 844
824 844
826 844
828 844
831 844
836 844
821 845
822 845
823 845
826 845
827 845
828 845
829 845
830 845
834 845
836 845
837 845
822 846
823 846
825 846
827 846
828 846
830 846
831 846
834 846
838 846
839 846
821 847
823 847
826 847
833 847
836 847
837 847
838 847
839 847
840 847
825 848
828 848
831 848
833 848
835 848
836 848
838 848
840 848
822 849
832 849
834 849
837 849
838 849
839 849
840 849
821 850
823 850
824 850
825 850
826 850
827 850
828 850
830 850
833 850
834 850
836 850
837 850
838 850
840 850
822 851
826 851
828 851
830 851
833 851
834 851
837 851
839 851
821 852
822 852
825 852
826 852
827 852
830 852
835 852
836 852
837 852
838 852
839 852
821 853
825 853
827 853
832 853
835 853
840 853
821 854
822 854
827 854
828 854
829 854
831 854
832 854
835 854
836 854
837 854
840 854
823 855
824 855
828 855
832 855
834 855
838 855
839 855
822 856
823 856
824 856
825 856
826 856
830 856
831 856
832 856
834 856
835 856
822 857
824 857
828 857
829 857
832 857
835 857
836 857
837 857
838 857
840 857
822 858
827 858
830 858
831 858
834 858
835 858
836 858
838 858
839 858
840 858
823 859
824 859
826 859
827 859
828 859
831 859
834 859
835 859
836 859
837 859
824 860
826 860
827 860
829 860
830 860
832 860
834 860
837 860
838 860
840 860
847 861
849 861
856 861
857 861
841 862
844 862
845 862
847 862
853 862
854 862
855 862
844 863
845 863
846 863
847 863
849 863
851 863
852 863
853 863
854 863
856 863
857 863
859 863
841 864
842 864
843 864
844 864
845 864
848 864
856 864
859 864
841 865
842 865
844 865
846 865
848 865
850 865
852 865
853 865
854 865
855 865
856 865
857 865
858 865
860 865
841 866
842 866
845 866
847 866
848 866
854 866
855 866
856 866
858 866
841 867
843 867
845 867
846 867
849 867
851 867
852 867
853 867
854 867
855 867
857 867
858 867
859 867
860 867
843 868
846 868
848 868
849 868
850 868
851 868
853 868
854 868
855 868
856 868
858 868
859 868
860 868
843 869
844 869
848 869
849 869
850 869
852 869
854 869
855 869
859 869
860 869
843 870
844 870
845 870
846 870
849 870
850 870
852 870
853 870
855 870
858 870
859 870
844 871
846 871
847 871
848 871
849 871
850 871
852 871
853 871
856 871
857 871
858 871
859 871
860 871
841 872
842 872
843 872
845 872
848 872
849 872
850 872
852 872
857 872
859 872
860 872
841 873
842 873
846 873
847 873
848 873
849 873
851 873
852 873
853 873
856 873
857 873
858 873
859 873
842 874
843 874
845 874
846 874
849 874
850 874
855 874
856 874
858 874
859 874
860 874
841 875
842 875
844 875
845 875
847 875
849 875
850 875
853 875
854 875
855 875
857 875
858 875
841 876
842 876
843 876
844 876
848 876
849 876
850 876
853 876
854 876
855 876
857 876
859 876
860 876
841 877
842 877
843 877
845 877
847 877
849 877
850 877
851 877
855 877
844 878
845 878
849 878
850 878
851 878
852 878
855 878
859 878
841 879
842 879
843 879
845 879
846 879
849 879
850 879
852 879
853 879
854 879
855 879
857 879
841 880
849 880
853 880
854 880
856 880
858 880
859 880
860 880
861 881
864 881
871 881
873 881
874 881
875 881
876 881
877 881
878 881
879 881
861 882
862 882
864 882
866 882
868 882
871 882
872 882
874 882
876 882
878 882
880 882
861 883
862 883
863 883
864 883
865 883
866 883
869 883
873 883
874 883
875 883
877 883
878 883
861 884
868 884
869 884
873 884
874 884
876 884
878 884
862 885
864 885
868 885
870 885
871 885
875 885
876 885
879 885
880 885
861 886
862 886
863 886
864 886
865 886
867 886
868 886
869 886
872 886
873 886
875 886
876 886
877 886
878 886
880 886
861 887
863 887
864 887
868 887
871 887
872 887
874 887
876 887
877 887
879 887
880 887
862 888
863 888
864 888
866 888
867 888
868 888
869 888
871 888
872 888
873 888
874 888
877 888
878 888
861 889
862 889
866 889
867 889
872 889
874 889
876 889
877 889
879 889
862 890
867 890
868 890
870 890
872 890
873 890
875 890
878 890
863 891
864 891
866 891
868 891
870 891
875 891
878 891
879 891
861 892
862 892
863 892
864 892
867 892
869 892
870 892
871 892
874 892
875 892
879 892
861 893
865 893
871 893
872 893
873 893
874 893
876 893
877 893
879 893
880 893
861 894
865 894
866 894
867 894
868 894
869 894
872 894
873 894
876 894
880 894
863 895
864 895
866 895
868 895
871 895
873 895
875 895
877 895
879 895
870 896
871 896
872 896
873 896
877 896
879 896
880 896
861 897
862 897
863 897
865 897
867 897
868 897
870 897
871 897
873 897
874 897
878 897
861 898
865 898
868 898
870 898
872 898
873 898
874 898
876 898
878 898
879 898
880 898
862 899
865 899
866 899
867 899
868 899
869 899
870 899
872 899
873 899
874 899
878 899
880 899
863 900
866 900
868 900
869 900
871 900
872 900
875 900
878 900
879 900
881 901
882 901
883 901
884 901
885 901
887 901
888 901
890 901
891 901
892 901
894 901
897 901
898 901
884 902
886 902
889 902
890 902
891 902
892 902
893 902
894 902
896 902
899 902
900 902
884 903
885 903
887 903
889 903
892 903
895 903
896 903
881 904
883 904
884 904
886 904
887 904
889 904
890 904
893 904
894 904
900 904
883 905
884 905
885 905
886 905
887 905
888 905
890 905
892 905
893 905
895 905
897 905
898 905
899 905
882 906
883 906
884 906
888 906
889 906
893 906
894 906
897 906
898 906
900 906
883 907
885 907
887 907
889 907
891 907
893 907
896 907
899 907
882 908
887 908
888 908
889 908
890 908
891 908
895 908
896 908
897 908
881 909
883 909
884 909
885 909
886 909
888 909
890 909
892 909
893 909
895 909
897 909
899 909
892 910
895 910
897 910
898 910
899 910
881 911
882 911
883 911
884 911
887 911
889 911
891 911
895 911
900 911
882 912
883 912
887 912
889 912
890 912
892 912
893 912
897 912
899 912
882 913
883 913
884 913
886 913
887 913
890 913
891 913
893 913
894 913
896 913
897 913
900 913
883 914
886 914
889 914
890 914
891 914
895 914
881 915
882 915
883 915
885 915
886 915
887 915
888 915
890 915
892 915
893 915
895 915
897 915
900 915
888 916
889 916
893 916
894 916
896 916
898 916
899 916
883 917
885 917
887 917
890 917
892 917
893 917
894 917
896 917
897 917
882 918
883 918
885 918
888 918
893 918
896 918
900 918
881 919
884 919
885 919
889 919
890 919
892 919
893 919
894 919
895 919
896 919
900 919
883 920
885 920
888 920
895 920
897 920
898 920
900 920
903 921
907 921
910 921
912 921
915 921
920 921
901 922
906 922
907 922
911 922
912 922
913 922
917 922
918 922
903 923
907 923
908 923
909 923
912 923
913 923
915 923
916 923
917 923
901 924
902 924
903 924
905 924
906 924
907 924
908 924
910 924
912 924
913 924
915 924
916 924
919 924
920 924
902 925
903 925
905 925
907 925
908 925
909 925
911 925
913 925
914 925
915 925
916 925
917 925
920 925
901 926
906 926
908 926
910 926
911 926
913 926
914 926
915 926
903 927
904 927
905 927
907 927
913 927
916 927
920 927
901 928
902 928
903 928
906 928
907 928
908 928
911 928
912 928
913 928
914 928
920 928
903 929
904 929
906 929
907 929
908 929
909 929
910 929
912 929
918 929
902 930
903 930
904 930
905 930
907 930
908 930
910 930
913 930
915 930
917 930
904 931
905 931
906 931
908 931
909 931
910 931
911 931
912 931
913 931
914 931
918 931
920 931
902 932
904 932
905 932
908 932
909 932
912 932
915 932
920 932
901 933
902 933
903 933
905 933
907 933
908 933
909 933
912 933
915 933
917 933
918 933
920 933
901 934
903 934
904 934
910 934
911 934
913 934
914 934
917 934
918 934
919 934
920 934
902 935
904 935
906 935
908 935
909 935
911 935
913 935
916 935
917 935
918 935
919 935
920 935
902 936
904 936
909 936
911 936
914 936
917 936
907 937
908 937
909 937
915 937
917 937
918 937
919 937
920 937
904 938
907 938
909 938
911 938
913 938
914 938
916 938
918 938
920 938
901 939
902 939
903 939
905 939
907 939
910 939
913 939
903 940
907 940
910 940
911 940
915 940
916 940
917 940
920 940
922 941
924 941
925 941
928 941
932 941
933 941
935 941
938 941
939 941
921 942
925 942
927 942
928 942
930 942
931 942
936 942
937 942
923 943
926 943
928 943
931 943
932 943
936 943
938 943
940 943
921 944
922 944
923 944
924 944
927 944
928 944
932 944
936 944
937 944
938 944
939 944
940 944
922 945
924 945
926 945
927 945
929 945
932 945
935 945
937 945
938 945
940 945
921 946
922 946
924 946
925 946
926 946
927 946
929 946
930 946
932 946
933 946
934 946
935 946
937 946
938 946
940 946
922 947
924 947
929 947
932 947
934 947
935 947
936 947
937 947
938 947
940 947
922 948
925 948
926 948
928 948
930 948
932 948
933 948
935 948
936 948
938 948
939 948
922 949
923 949
924 949
926 949
928 949
933 949
934 949
940 949
921 950
922 950
924 950
925 950
927 950
932 950
934 950
935 950
936 950
938 950
939 950
940 950
924 951
927 951
930 951
932 951
933 951
936 951
938 951
939 951
922 952
926 952
930 952
931 952
932 952
935 952
939 952
926 953
927 953
928 953
930 953
937 953
938 953
939 953
940 953
921 954
922 954
923 954
934 954
937 954
923 955
924 955
925 955
927 955
931 955
932 955
933 955
937 955
938 955
939 955
922 956
923 956
924 956
925 956
935 956
921 957
922 957
924 957
925 957
929 957
936 957
937 957
940 957
921 958
922 958
924 958
925 958
931 958
933 958
934 958
936 958
940 958
921 959
923 959
925 959
931 959
932 959
935 959
938 959
940 959
924 960
926 960
928 960
929 960
930 960
932 960
934 960
936 960
941 961
942 961
943 961
944 961
945 961
946 961
948 961
949 961
950 961
958 961
960 961
941 962
943 962
949 962
950 962
951 962
952 962
953 962
955 962
957 962
959 962
960 962
943 963
945 963
947 963
949 963
951 963
952 963
953 963
954 963
956 963
957 963
958 963
960 963
941 964
943 964
945 964
947 964
948 964
949 964
950 964
952 964
954 964
955 964
956 964
959 964
960 964
941 965
944 965
951 965
954 965
955 965
956 965
941 966
943 966
944 966
945 966
947 966
948 966
950 966
952 966
956 966
958 966
942 967
944 967
946 967
949 967
951 967
953 967
954 967
955 967
957 967
960 967
941 968
942 968
943 968
944 968
946 968
948 968
952 968
953 968
941 969
943 969
947 969
949 969
950 969
951 969
952 969
954 969
955 969
956 969
957 969
958 969
959 969
960 969
944 970
945 970
947 970
952 970
954 970
956 970
958 970
941 971
943 971
944 971
946 971
950 971
953 971
955 971
942 972
945 972
946 972
947 972
949 972
950 972
953 972
954 972
955 972
956 972
957 972
958 972
959 972
960 972
941 973
944 973
945 973
946 973
949 973
950 973
952 973
955 973
957 973
960 973
944 974
945 974
950 974
953 974
955 974
956 974
957 974
959 974
942 975
944 975
945 975
946 975
951 975
953 975
954 975
955 975
958 975
960 975
941 976
947 976
948 976
949 976
950 976
952 976
953 976
956 976
958 976
960 976
942 977
944 977
945 977
946 977
947 977
950 977
951 977
955 977
958 977
959 977
960 977
942 978
945 978
946 978
947 978
950 978
952 978
954 978
957 978
958 978
960 978
942 979
943 979
944 979
945 979
947 979
948 979
950 979
951 979
952 979
954 979
955 979
956 979
957 979
958 979
941 980
943 980
950 980
953 980
954 980
955 980
957 980
960 980
961 981
962 981
965 981
968 981
973 981
974 981
976 981
978 981
979 981
961 982
962 982
967 982
969 982
972 982
976 982
978 982
979 982
980 982
967 983
968 983
969 983
970 983
973 983
974 983
979 983
963 984
968 984
970 984
971 984
973 984
974 984
977 984
978 984
979 984
962 985
963 985
964 985
968 985
969 985
971 985
973 985
974 985
975 985
976 985
977 985
978 985
980 985
961 986
962 986
964 986
965 986
966 986
969 986
973 986
974 986
975 986
976 986
977 986
980 986
963 987
964 987
965 987
966 987
969 987
971 987
973 987
974 987
976 987
977 987
979 987
963 988
965 988
967 988
970 988
971 988
972 988
974 988
975 988
976 988
979 988
980 988
963 989
964 989
966 989
967 989
968 989
976 989
977 989
978 989
961 990
963 990
965 990
967 990
972 990
973 990
974 990
975 990
977 990
978 990
961 991
962 991
963 991
964 991
969 991
976 991
977 991
979 991
980 991
965 992
966 992
967 992
968 992
972 992
974 992
975 992
977 992
978 992
979 992
961 993
962 993
964 993
965 993
966 993
969 993
973 993
976 993
978 993
979 993
980 993
965 994
967 994
969 994
970 994
973 994
974 994
975 994
977 994
979 994
962 995
963 995
965 995
968 995
971 995
972 995
973 995
976 995
978 995
980 995
961 996
962 996
966 996
967 996
970 996
973 996
977 996
979 996
980 996
961 997
964 997
965 997
967 997
970 997
971 997
972 997
973 997
976 997
977 997
978 997
979 997
980 997
962 998
964 998
973 998
975 998
976 998
977 998
978 998
961 999
962 999
963 999
964 999
967 999
968 999
970 999
973 999
974 999
975 999
977 999
978 999
979 999
980 999
962 1000
965 1000
967 1000
968 1000
969 1000
970 1000
973 1000
975 1000
976 1000
980 1000
