60 587 3
20 20 20 
2 21
4 21
5 21
6 21
7 21
8 21
9 21
11 21
12 21
15 21
17 21
19 21
20 21
1 22
2 22
3 22
4 22
5 22
7 22
8 22
9 22
10 22
11 22
12 22
13 22
14 22
15 22
17 22
18 22
1 23
2 23
3 23
7 23
8 23
9 23
12 23
13 23
14 23
15 23
16 23
17 23
18 23
19 23
20 23
1 24
3 24
4 24
5 24
7 24
8 24
10 24
12 24
13 24
14 24
15 24
17 24
18 24
19 24
20 24
1 25
4 25
5 25
6 25
7 25
9 25
10 25
12 25
13 25
14 25
16 25
18 25
19 25
1 26
3 26
5 26
6 26
7 26
10 26
13 26
14 26
16 26
17 26
18 26
20 26
1 27
2 27
3 27
4 27
7 27
8 27
9 27
10 27
13 27
14 27
15 27
17 27
18 27
20 27
1 28
3 28
4 28
5 28
6 28
7 28
8 28
9 28
10 28
12 28
13 28
14 28
15 28
16 28
18 28
2 29
3 29
4 29
6 29
7 29
8 29
9 29
11 29
13 29
14 29
16 29
17 29
18 29
19 29
20 29
1 30
2 30
3 30
5 30
6 30
7 30
8 30
10 30
11 30
12 30
13 30
14 30
15 30
16 30
1 31
2 31
3 31
4 31
5 31
8 31
9 31
11 31
14 31
15 31
16 31
17 31
18 31
20 31
1 32
2 32
3 32
4 32
5 32
6 32
7 32
8 32
9 32
10 32
11 32
12 32
13 32
14 32
15 32
16 32
17 32
18 32
2 33
9 33
10 33
11 33
12 33
14 33
15 33
16 33
17 33
18 33
19 33
1 34
3 34
4 34
5 34
6 34
7 34
8 34
9 34
10 34
11 34
12 34
16 34
19 34
20 34
1 35
3 35
4 35
5 35
6 35
7 35
8 35
9 35
10 35
11 35
12 35
13 35
14 35
15 35
16 35
17 35
18 35
19 35
20 35
1 36
5 36
7 36
8 36
9 36
10 36
11 36
13 36
14 36
15 36
16 36
17 36
18 36
19 36
20 36
2 37
3 37
4 37
5 37
6 37
7 37
9 37
10 37
11 37
12 37
13 37
14 37
15 37
16 37
17 37
18 37
19 37
1 38
2 38
4 38
5 38
8 38
11 38
13 38
14 38
18 38
19 38
20 38
2 39
3 39
4 39
5 39
7 39
10 39
11 39
12 39
13 39
14 39
17 39
18 39
19 39
20 39
1 40
2 40
3 40
5 40
7 40
8 40
10 40
12 40
13 40
14 40
16 40
17 40
18 40
19 40
20 40
21 41
22 41
24 41
25 41
26 41
27 41
28 41
29 41
30 41
31 41
32 41
33 41
34 41
36 41
37 41
38 41
39 41
40 41
23 42
24 42
27 42
28 42
29 42
30 42
31 42
33 42
34 42
35 42
36 42
37 42
38 42
39 42
21 43
22 43
25 43
26 43
28 43
30 43
31 43
32 43
33 43
34 43
35 43
36 43
37 43
38 43
39 43
40 43
21 44
22 44
23 44
24 44
25 44
26 44
27 44
28 44
31 44
32 44
33 44
34 44
35 44
36 44
37 44
38 44
39 44
40 44
21 45
22 45
23 45
24 45
25 45
26 45
27 45
28 45
33 45
34 45
37 45
38 45
40 45
21 46
22 46
23 46
25 46
26 46
27 46
28 46
29 46
30 46
31 46
32 46
33 46
34 46
37 46
22 47
23 47
24 47
26 47
27 47
28 47
29 47
30 47
32 47
34 47
35 47
36 47
37 47
38 47
39 47
21 48
23 48
24 48
25 48
26 48
28 48
29 48
30 48
31 48
32 48
33 48
34 48
36 48
37 48
39 48
40 48
22 49
23 49
24 49
25 49
26 49
27 49
30 49
31 49
32 49
34 49
36 49
37 49
38 49
39 49
21 50
22 50
23 50
24 50
26 50
27 50
29 50
30 50
31 50
32 50
33 50
35 50
37 50
38 50
40 50
21 51
24 51
25 51
26 51
27 51
28 51
29 51
30 51
31 51
32 51
33 51
34 51
35 51
36 51
37 51
38 51
39 51
22 52
24 52
25 52
26 52
29 52
30 52
32 52
34 52
35 52
36 52
37 52
38 52
39 52
21 53
22 53
23 53
25 53
26 53
28 53
29 53
30 53
31 53
32 53
34 53
35 53
37 53
38 53
39 53
21 54
22 54
23 54
24 54
28 54
29 54
31 54
33 54
34 54
35 54
37 54
38 54
39 54
40 54
21 55
22 55
23 55
24 55
25 55
27 55
28 55
29 55
30 55
31 55
34 55
35 55
36 55
37 55
38 55
39 55
21 56
22 56
23 56
24 56
27 56
28 56
29 56
30 56
31 56
32 56
34 56
35 56
37 56
38 56
40 56
21 57
22 57
23 57
25 57
26 57
27 57
31 57
32 57
33 57
34 57
35 57
37 57
38 57
39 57
40 57
22 58
23 58
24 58
26 58
28 58
30 58
31 58
32 58
33 58
34 58
35 58
36 58
37 58
38 58
39 58
40 58
21 59
23 59
26 59
27 59
28 59
29 59
32 59
33 59
35 59
37 59
38 59
40 59
21 60
22 60
24 60
27 60
28 60
30 60
31 60
32 60
33 60
36 60
39 60
