100 1176 5
20 20 20 20 20 
1 21
2 21
3 21
4 21
5 21
6 21
7 21
8 21
9 21
10 21
11 21
12 21
15 21
17 21
18 21
19 21
2 22
3 22
4 22
6 22
9 22
10 22
12 22
13 22
14 22
15 22
17 22
18 22
19 22
20 22
1 23
2 23
3 23
6 23
7 23
9 23
10 23
11 23
12 23
13 23
15 23
17 23
18 23
19 23
1 24
2 24
3 24
4 24
5 24
6 24
8 24
9 24
10 24
11 24
12 24
13 24
14 24
15 24
19 24
20 24
5 25
6 25
12 25
13 25
14 25
15 25
16 25
17 25
20 25
1 26
4 26
5 26
6 26
8 26
9 26
10 26
11 26
12 26
14 26
15 26
17 26
18 26
19 26
20 26
1 27
2 27
4 27
5 27
6 27
7 27
9 27
12 27
13 27
14 27
15 27
16 27
17 27
18 27
19 27
20 27
1 28
2 28
3 28
4 28
5 28
7 28
10 28
14 28
15 28
18 28
19 28
20 28
1 29
2 29
3 29
4 29
5 29
6 29
8 29
9 29
10 29
11 29
12 29
15 29
17 29
18 29
19 29
20 29
2 30
3 30
6 30
9 30
12 30
14 30
15 30
16 30
18 30
19 30
1 31
2 31
3 31
6 31
7 31
8 31
10 31
11 31
12 31
13 31
15 31
16 31
19 31
20 31
2 32
3 32
4 32
6 32
7 32
9 32
10 32
13 32
15 32
17 32
18 32
19 32
20 32
1 33
2 33
3 33
4 33
5 33
7 33
8 33
10 33
11 33
12 33
13 33
14 33
16 33
17 33
18 33
19 33
1 34
2 34
3 34
4 34
5 34
7 34
8 34
9 34
10 34
11 34
12 34
14 34
15 34
16 34
17 34
18 34
19 34
20 34
1 35
2 35
3 35
4 35
5 35
6 35
8 35
9 35
10 35
11 35
12 35
13 35
15 35
16 35
18 35
19 35
20 35
1 36
4 36
6 36
7 36
8 36
9 36
12 36
13 36
14 36
15 36
18 36
19 36
20 36
1 37
2 37
3 37
4 37
5 37
6 37
7 37
8 37
9 37
10 37
11 37
12 37
13 37
14 37
15 37
16 37
17 37
18 37
1 38
2 38
3 38
4 38
6 38
7 38
8 38
9 38
10 38
11 38
12 38
13 38
14 38
15 38
20 38
2 39
3 39
4 39
5 39
6 39
7 39
8 39
9 39
10 39
11 39
13 39
17 39
18 39
19 39
20 39
1 40
2 40
3 40
4 40
5 40
6 40
7 40
9 40
10 40
11 40
12 40
13 40
14 40
15 40
16 40
18 40
20 40
21 41
22 41
23 41
24 41
25 41
27 41
28 41
29 41
30 41
31 41
32 41
33 41
34 41
35 41
39 41
21 42
22 42
23 42
24 42
25 42
26 42
28 42
30 42
31 42
32 42
33 42
35 42
36 42
37 42
40 42
21 43
22 43
23 43
25 43
26 43
27 43
28 43
30 43
32 43
33 43
34 43
35 43
36 43
37 43
39 43
40 43
21 44
22 44
24 44
26 44
27 44
28 44
29 44
30 44
31 44
32 44
33 44
36 44
38 44
21 45
22 45
23 45
24 45
25 45
26 45
29 45
30 45
31 45
33 45
34 45
35 45
36 45
37 45
21 46
22 46
25 46
28 46
29 46
31 46
32 46
33 46
34 46
36 46
37 46
38 46
40 46
21 47
22 47
23 47
24 47
25 47
26 47
27 47
28 47
30 47
31 47
32 47
33 47
34 47
35 47
40 47
22 48
23 48
24 48
26 48
27 48
29 48
30 48
31 48
32 48
33 48
34 48
36 48
37 48
38 48
39 48
40 48
21 49
26 49
27 49
29 49
30 49
31 49
32 49
33 49
34 49
35 49
37 49
38 49
39 49
40 49
21 50
22 50
23 50
25 50
27 50
28 50
29 50
30 50
31 50
32 50
33 50
34 50
37 50
38 50
39 50
40 50
21 51
22 51
23 51
24 51
25 51
26 51
27 51
28 51
30 51
32 51
33 51
34 51
36 51
40 51
21 52
22 52
25 52
26 52
27 52
28 52
29 52
31 52
32 52
33 52
34 52
35 52
37 52
38 52
39 52
21 53
22 53
23 53
27 53
30 53
31 53
32 53
34 53
35 53
36 53
37 53
39 53
40 53
21 54
22 54
23 54
24 54
25 54
27 54
28 54
29 54
30 54
31 54
33 54
34 54
35 54
36 54
38 54
39 54
40 54
22 55
23 55
25 55
26 55
27 55
29 55
32 55
33 55
34 55
35 55
36 55
37 55
38 55
39 55
40 55
21 56
22 56
23 56
24 56
25 56
26 56
27 56
28 56
29 56
31 56
32 56
34 56
36 56
37 56
39 56
40 56
21 57
22 57
25 57
26 57
28 57
29 57
30 57
31 57
32 57
33 57
34 57
35 57
36 57
38 57
40 57
21 58
22 58
23 58
24 58
25 58
27 58
30 58
31 58
32 58
33 58
34 58
35 58
39 58
40 58
22 59
23 59
24 59
26 59
27 59
28 59
29 59
30 59
31 59
32 59
33 59
34 59
35 59
36 59
37 59
38 59
39 59
22 60
23 60
24 60
26 60
27 60
28 60
31 60
33 60
34 60
35 60
36 60
37 60
38 60
39 60
40 60
41 61
42 61
43 61
45 61
46 61
47 61
49 61
50 61
52 61
53 61
54 61
55 61
57 61
58 61
59 61
60 61
41 62
46 62
47 62
49 62
50 62
51 62
53 62
54 62
56 62
58 62
60 62
41 63
43 63
45 63
46 63
47 63
48 63
49 63
52 63
53 63
54 63
55 63
56 63
57 63
59 63
60 63
41 64
42 64
43 64
44 64
45 64
46 64
47 64
48 64
52 64
54 64
55 64
56 64
57 64
59 64
60 64
41 65
42 65
43 65
45 65
46 65
47 65
48 65
49 65
50 65
51 65
52 65
53 65
54 65
55 65
56 65
59 65
60 65
41 66
42 66
44 66
45 66
47 66
49 66
50 66
51 66
52 66
53 66
55 66
56 66
60 66
41 67
42 67
43 67
44 67
45 67
46 67
47 67
51 67
52 67
53 67
54 67
56 67
57 67
59 67
60 67
41 68
42 68
43 68
44 68
45 68
47 68
48 68
49 68
50 68
51 68
52 68
54 68
56 68
58 68
59 68
60 68
42 69
45 69
46 69
47 69
48 69
49 69
50 69
52 69
53 69
54 69
55 69
57 69
58 69
59 69
60 69
41 70
42 70
45 70
46 70
47 70
48 70
49 70
51 70
53 70
55 70
57 70
58 70
59 70
43 71
48 71
49 71
50 71
52 71
54 71
55 71
56 71
57 71
58 71
59 71
60 71
42 72
43 72
44 72
45 72
46 72
47 72
49 72
50 72
51 72
52 72
53 72
54 72
55 72
57 72
59 72
60 72
43 73
44 73
46 73
47 73
48 73
49 73
52 73
54 73
55 73
58 73
59 73
60 73
41 74
42 74
43 74
44 74
47 74
48 74
50 74
51 74
52 74
53 74
54 74
56 74
57 74
58 74
59 74
60 74
42 75
45 75
46 75
48 75
49 75
50 75
51 75
52 75
54 75
58 75
59 75
41 76
42 76
43 76
44 76
45 76
46 76
47 76
49 76
50 76
51 76
52 76
53 76
54 76
57 76
59 76
60 76
41 77
42 77
44 77
46 77
47 77
48 77
50 77
51 77
54 77
55 77
56 77
57 77
58 77
59 77
60 77
41 78
42 78
43 78
45 78
47 78
48 78
49 78
50 78
51 78
52 78
53 78
57 78
58 78
59 78
60 78
41 79
42 79
44 79
46 79
47 79
48 79
49 79
50 79
52 79
53 79
55 79
56 79
57 79
58 79
60 79
41 80
42 80
44 80
45 80
47 80
51 80
52 80
54 80
55 80
56 80
58 80
59 80
60 80
62 81
63 81
66 81
68 81
69 81
70 81
73 81
74 81
77 81
78 81
79 81
80 81
61 82
62 82
63 82
64 82
65 82
66 82
67 82
68 82
69 82
70 82
71 82
72 82
73 82
75 82
76 82
77 82
78 82
79 82
80 82
62 83
63 83
64 83
65 83
66 83
68 83
70 83
72 83
73 83
74 83
75 83
76 83
77 83
78 83
80 83
61 84
62 84
63 84
66 84
67 84
68 84
69 84
71 84
72 84
73 84
74 84
75 84
76 84
78 84
79 84
80 84
61 85
62 85
63 85
64 85
65 85
66 85
67 85
68 85
69 85
70 85
73 85
74 85
75 85
77 85
78 85
79 85
80 85
61 86
63 86
64 86
65 86
66 86
67 86
68 86
73 86
76 86
79 86
80 86
61 87
62 87
63 87
64 87
66 87
67 87
70 87
71 87
72 87
73 87
75 87
76 87
77 87
80 87
61 88
62 88
63 88
64 88
68 88
69 88
70 88
72 88
73 88
74 88
75 88
76 88
77 88
78 88
79 88
80 88
62 89
64 89
66 89
67 89
69 89
70 89
71 89
72 89
73 89
74 89
75 89
76 89
78 89
79 89
80 89
61 90
62 90
63 90
65 90
67 90
68 90
69 90
70 90
71 90
72 90
74 90
75 90
76 90
79 90
61 91
62 91
63 91
64 91
65 91
66 91
68 91
71 91
72 91
73 91
74 91
75 91
77 91
78 91
79 91
80 91
64 92
65 92
67 92
68 92
69 92
71 92
72 92
75 92
76 92
77 92
78 92
80 92
64 93
65 93
66 93
67 93
68 93
69 93
70 93
71 93
72 93
75 93
76 93
77 93
79 93
80 93
61 94
62 94
64 94
65 94
66 94
67 94
68 94
70 94
72 94
73 94
74 94
76 94
79 94
80 94
61 95
62 95
64 95
65 95
66 95
67 95
68 95
69 95
70 95
71 95
72 95
75 95
76 95
77 95
78 95
79 95
80 95
61 96
62 96
63 96
65 96
67 96
68 96
69 96
70 96
71 96
73 96
76 96
77 96
79 96
80 96
61 97
62 97
63 97
64 97
65 97
66 97
67 97
68 97
70 97
71 97
72 97
73 97
74 97
75 97
76 97
77 97
78 97
61 98
62 98
63 98
68 98
69 98
70 98
71 98
72 98
73 98
74 98
75 98
76 98
77 98
78 98
79 98
80 98
61 99
62 99
63 99
64 99
65 99
67 99
68 99
69 99
70 99
71 99
74 99
75 99
76 99
77 99
78 99
80 99
61 100
62 100
63 100
64 100
67 100
69 100
71 100
73 100
76 100
77 100
79 100
80 100
