1000 2000 25
2 5 86 21 7 9 52 13 14 27 167 26 15 31 154 22 11 35 106 94 18 10 18 56 1 
1 3
1 4
3 8
8 94
94 115
115 122
115 123
115 124
115 125
124 131
131 183
131 184
183 196
183 197
183 198
183 199
184 200
196 210
196 211
196 212
197 213
197 214
198 215
200 216
200 217
200 218
200 219
200 220
200 221
200 222
210 237
211 238
211 239
211 240
211 241
211 242
211 243
211 244
212 245
212 246
212 247
213 248
213 249
213 250
213 251
213 252
213 253
214 254
214 255
214 256
214 257
214 258
214 259
215 260
215 261
216 262
217 263
217 264
217 265
217 266
217 267
217 268
217 269
218 270
218 271
218 272
218 273
218 274
219 275
220 276
220 277
220 278
220 279
221 280
221 281
221 282
221 283
221 284
221 285
222 286
222 287
222 288
222 289
222 290
222 291
291 404
404 430
404 431
404 432
404 433
404 434
404 435
430 445
430 446
430 447
430 448
431 449
431 450
431 451
431 452
431 453
431 454
431 455
432 456
433 457
433 458
433 459
433 460
433 461
434 462
434 463
435 464
435 465
445 476
445 477
445 478
445 479
446 480
446 481
446 482
446 483
446 484
446 485
447 486
448 487
449 488
449 489
449 490
450 491
450 492
450 493
450 494
451 495
451 496
451 497
451 498
451 499
452 500
452 501
453 502
453 503
455 504
455 505
455 506
455 507
455 508
456 509
457 510
457 511
458 512
459 513
459 514
459 515
460 516
460 517
460 518
460 519
460 520
461 521
461 522
461 523
461 524
463 525
463 526
464 527
464 528
464 529
464 530
464 531
464 532
464 533
465 534
465 535
535 630
630 652
652 663
652 664
652 665
652 666
652 667
663 698
663 699
663 700
663 701
663 702
663 703
663 704
664 705
664 706
664 707
698 804
698 805
698 806
698 807
698 808
698 809
698 810
699 811
699 812
699 813
699 814
699 815
699 816
699 817
700 818
700 819
700 820
700 821
700 822
701 823
701 824
701 825
702 826
702 827
702 828
702 829
702 830
702 831
702 832
703 833
703 834
703 835
703 836
703 837
703 838
703 839
704 840
704 841
705 842
706 843
706 844
706 845
706 846
706 847
706 848
706 849
849 898
898 916
898 917
898 918
898 919
898 920
898 921
916 926
917 927
917 928
917 929
917 930
917 931
917 932
918 933
918 934
918 935
918 936
918 937
919 938
921 939
921 940
921 941
921 942
928 944
928 945
928 946
928 947
928 948
929 949
929 950
929 951
929 952
929 953
929 954
929 955
931 956
933 957
933 958
933 959
933 960
933 961
933 962
933 963
934 964
934 965
934 966
934 967
934 968
934 969
935 970
935 971
936 972
937 973
938 974
938 975
938 976
938 977
938 978
938 979
939 980
939 981
939 982
939 983
939 984
941 985
941 986
941 987
941 988
941 989
941 990
942 991
942 992
942 993
942 994
942 995
942 996
942 997
997 1000
998 1000
999 1000
943 999
922 943
923 943
924 943
925 943
899 922
900 922
901 922
902 922
903 922
904 924
905 924
906 924
907 924
908 924
909 925
910 925
911 925
912 925
913 925
914 925
915 925
850 900
851 900
852 902
853 902
854 903
855 904
856 905
857 905
858 907
859 907
860 907
861 907
862 908
863 908
864 908
865 908
866 908
867 908
868 909
869 909
870 909
871 909
872 909
873 909
874 910
875 910
876 911
877 911
878 911
879 911
880 911
881 911
882 912
883 912
884 912
885 912
886 912
887 913
888 913
889 914
890 914
891 914
892 914
893 915
894 915
895 915
896 915
708 896
668 708
669 708
670 708
671 708
653 668
654 668
655 670
656 670
657 671
631 653
632 653
633 653
634 654
635 654
636 654
637 654
638 654
639 655
640 655
641 655
642 655
643 655
644 655
645 655
646 656
647 656
648 656
649 657
650 657
536 631
537 631
538 631
539 632
540 633
541 633
542 634
543 634
544 634
545 635
546 635
547 635
548 635
549 636
550 636
551 636
552 636
553 636
554 636
555 636
556 637
557 638
558 638
559 638
560 639
561 639
562 639
563 639
564 639
565 639
566 639
567 640
568 640
569 640
570 640
571 640
572 641
573 641
574 641
575 641
576 641
577 642
578 642
579 642
580 642
581 643
582 644
583 644
584 644
585 645
586 645
587 646
588 646
589 646
590 647
591 647
592 647
593 647
594 649
595 649
466 595
436 466
437 466
438 466
439 466
440 466
441 466
442 466
405 436
406 436
407 436
408 437
409 437
410 437
411 437
412 437
413 437
414 437
415 438
416 438
417 439
418 440
419 440
420 440
421 441
422 441
423 441
424 441
425 441
426 441
427 442
428 442
292 405
293 405
294 407
295 407
296 407
297 407
298 407
299 407
300 407
301 408
302 408
303 408
304 408
305 408
306 408
307 409
308 409
309 409
310 410
311 411
312 413
313 413
314 413
315 413
316 413
317 414
318 414
319 414
320 414
321 414
322 414
323 414
324 415
325 415
326 415
327 415
328 415
329 415
330 416
331 416
332 416
333 417
334 417
335 417
336 418
337 418
338 418
339 418
340 418
341 420
342 420
343 421
344 422
345 422
346 422
347 422
348 422
349 422
350 424
351 424
352 424
353 426
354 427
355 427
356 427
357 427
358 427
359 428
360 428
361 428
362 428
363 428
364 428
365 428
223 365
201 223
202 223
203 223
204 223
185 201
186 203
187 203
188 204
189 204
190 204
191 204
192 204
193 204
194 204
132 185
133 185
134 187
135 187
136 187
137 187
138 187
139 187
140 187
141 188
142 188
143 188
144 189
145 189
146 189
147 189
148 189
149 189
150 189
151 190
152 190
153 190
154 190
155 191
156 191
157 191
158 191
159 192
160 192
161 192
162 192
163 192
164 193
165 193
166 193
167 193
168 193
169 193
170 194
171 194
126 171
116 126
117 126
118 126
119 126
120 126
95 116
96 116
97 116
98 116
99 116
100 116
101 116
102 117
103 117
104 117
105 117
106 117
107 118
108 118
109 118
110 119
111 120
112 120
113 120
9 95
10 95
11 96
12 96
13 96
14 96
15 96
16 96
17 96
18 97
19 97
20 98
21 98
22 99
23 99
24 99
25 99
26 99
27 99
28 99
29 101
30 101
31 101
32 102
33 102
34 102
35 102
36 102
37 102
38 102
39 103
40 103
41 103
42 103
43 103
44 105
45 105
46 105
47 105
48 105
49 105
50 106
51 106
52 106
53 106
54 106
55 106
56 107
57 108
58 108
59 109
60 109
61 109
62 109
63 109
64 110
65 110
66 110
67 110
68 111
69 111
70 112
71 112
72 112
73 112
74 113
75 113
76 113
77 113
78 113
79 113
80 113
5 80
2 5
2 6
2 7
6 81
6 82
6 83
6 84
6 85
6 86
7 87
7 88
7 89
7 90
7 91
7 92
7 93
93 114
114 121
121 127
121 128
121 129
121 130
127 172
127 173
127 174
127 175
128 176
128 177
129 178
129 179
129 180
129 181
130 182
182 195
195 205
195 206
195 207
195 208
195 209
205 224
205 225
205 226
205 227
205 228
206 229
206 230
206 231
206 232
207 233
207 234
207 235
209 236
224 366
224 367
224 368
224 369
224 370
224 371
224 372
226 373
226 374
226 375
226 376
227 377
227 378
227 379
227 380
227 381
228 382
228 383
228 384
228 385
228 386
230 387
230 388
230 389
230 390
230 391
231 392
231 393
231 394
231 395
233 396
235 397
235 398
236 399
236 400
236 401
236 402
236 403
403 429
429 443
429 444
443 467
443 468
444 469
444 470
444 471
444 472
444 473
444 474
444 475
467 596
467 597
467 598
467 599
467 600
467 601
468 602
468 603
468 604
468 605
469 606
469 607
469 608
470 609
470 610
470 611
470 612
470 613
470 614
471 615
471 616
471 617
472 618
472 619
473 620
473 621
473 622
473 623
473 624
473 625
473 626
474 627
474 628
475 629
629 651
651 658
651 659
651 660
651 661
651 662
658 672
658 673
658 674
658 675
658 676
658 677
658 678
659 679
659 680
659 681
659 682
659 683
660 684
660 685
660 686
660 687
661 688
661 689
661 690
661 691
661 692
661 693
662 694
662 695
662 696
662 697
672 709
672 710
672 711
672 712
672 713
673 714
673 715
673 716
673 717
674 718
675 719
675 720
675 721
676 722
676 723
676 724
677 725
677 726
677 727
677 728
678 729
679 730
679 731
679 732
679 733
679 734
680 735
680 736
680 737
680 738
680 739
680 740
682 741
682 742
683 743
683 744
684 745
684 746
684 747
684 748
684 749
685 750
685 751
685 752
685 753
685 754
686 755
686 756
686 757
687 758
687 759
687 760
687 761
687 762
687 763
688 764
688 765
688 766
688 767
688 768
688 769
688 770
689 771
689 772
689 773
689 774
689 775
689 776
689 777
690 778
691 779
691 780
691 781
691 782
691 783
691 784
691 785
692 786
692 787
692 788
692 789
692 790
692 791
693 792
693 793
693 794
693 795
693 796
694 797
694 798
694 799
694 800
694 801
694 802
694 803
803 897
942 948
230 314
780 858
122 145
218 376
228 309
418 442
220 336
224 352
216 343
721 848
448 524
433 446
686 801
473 520
863 915
212 381
223 300
224 354
655 671
171 192
677 767
1 6
929 985
767 829
138 183
666 749
123 155
938 973
801 804
463 594
225 374
225 305
462 524
211 338
923 935
438 450
228 253
753 842
458 588
784 895
234 388
716 831
437 473
467 578
652 674
763 849
665 803
475 585
119 122
469 483
700 888
219 325
759 841
99 118
638 661
813 901
270 428
681 747
928 989
463 496
740 810
666 737
678 799
930 946
450 619
467 529
660 676
461 536
686 773
441 446
90 100
775 829
4 27
229 336
436 473
919 928
218 283
405 441
454 598
684 764
217 338
695 758
768 843
212 273
222 271
760 886
202 214
891 904
470 537
456 494
438 456
677 724
225 272
689 802
7 56
456 490
709 842
694 742
3 81
4 63
714 869
919 936
717 886
161 187
221 292
114 119
217 249
674 715
228 371
473 480
471 526
235 301
226 248
463 606
216 340
456 611
929 975
444 451
704 886
82 112
790 835
686 737
234 301
229 363
767 847
694 756
919 941
43 100
443 456
208 210
3 68
659 685
654 690
470 549
672 795
129 148
366 409
716 862
122 182
223 370
126 137
457 559
454 572
447 524
447 612
446 495
213 264
734 875
678 745
780 810
123 164
5 33
937 956
935 949
217 297
225 295
224 279
315 416
127 159
217 403
469 568
302 413
235 282
212 305
680 792
4 9
459 496
665 703
213 305
214 395
125 143
226 318
774 879
210 255
137 193
695 789
669 780
933 980
127 131
746 851
925 931
916 931
665 737
212 297
104 121
943 986
210 268
39 100
705 807
120 122
943 952
661 669
36 99
760 844
763 834
223 288
754 818
667 764
681 705
227 330
711 864
448 626
451 543
129 135
133 190
128 178
335 413
760 893
431 458
221 339
404 439
441 471
213 324
120 130
784 823
936 948
940 954
455 613
468 591
469 566
200 232
798 863
189 199
461 512
448 501
217 345
3 15
226 400
220 319
231 289
696 753
652 695
654 670
467 563
224 340
224 381
222 318
451 617
679 773
413 443
783 854
205 233
732 810
452 505
669 795
800 807
696 732
217 293
782 817
652 678
218 332
452 573
791 809
842 915
788 888
125 158
924 941
475 558
780 877
230 325
460 523
80 99
230 319
115 130
446 583
705 819
3 28
464 515
5 23
221 249
126 131
429 439
204 228
222 284
456 613
388 424
5 54
435 456
73 113
806 914
704 820
801 808
453 482
471 598
695 799
215 317
455 590
4 90
210 390
218 304
126 153
220 398
418 443
6 10
525 647
418 432
213 342
231 282
758 888
122 162
3 24
7 75
430 460
472 495
459 476
435 467
929 947
762 826
926 950
929 982
7 19
34 109
782 890
230 313
219 284
122 144
686 765
234 396
228 262
374 424
578 648
407 438
30 106
451 530
445 555
667 715
127 132
6 78
3 47
4 82
729 858
482 640
461 503
4 46
130 179
671 776
216 361
869 907
692 737
928 976
231 348
419 442
723 881
465 578
446 606
446 527
852 901
234 275
939 986
70 105
74 109
79 95
874 907
468 579
194 205
774 832
6 20
230 370
570 641
58 95
755 843
212 378
470 557
474 523
688 758
227 291
3 35
226 369
225 392
446 609
926 986
697 755
124 155
472 625
9 100
685 722
3 92
221 349
162 185
464 501
122 170
223 312
407 432
135 194
18 104
216 334
447 515
702 815
182 191
6 24
934 976
694 716
665 752
231 338
734 873
453 493
936 998
214 347
690 708
118 125
109 117
664 718
505 648
446 568
7 69
64 99
665 781
231 243
232 314
898 922
42 95
683 715
192 203
227 315
931 976
755 831
437 456
728 836
228 281
220 373
447 481
209 234
7 85
674 783
508 651
439 451
430 455
695 765
708 871
453 612
331 411
690 744
600 643
657 693
448 528
220 242
688 705
233 307
453 534
934 961
124 177
465 504
333 423
932 948
706 860
933 991
941 964
6 33
471 575
690 736
150 192
689 784
521 645
933 990
4 31
737 813
374 409
934 960
235 249
860 914
471 570
229 324
231 273
125 151
208 235
698 877
4 14
787 818
451 607
233 402
920 943
5 34
214 277
225 378
728 825
461 618
458 599
6 89
693 788
689 718
467 613
458 608
4 62
664 731
687 743
671 722
478 637
939 979
474 533
394 419
943 966
215 309
432 472
456 561
216 246
214 374
937 998
603 640
128 161
440 465
226 311
125 150
802 816
770 864
3 93
696 708
936 945
231 310
6 36
236 300
455 528
215 305
223 347
212 366
696 762
201 215
659 691
126 157
224 251
700 854
687 777
451 518
706 829
819 914
5 61
347 423
129 141
663 751
199 213
764 827
604 641
7 33
452 609
916 940
222 369
666 703
469 557
214 272
200 228
6 8
693 729
938 964
687 732
219 352
193 199
467 495
673 766
469 574
472 497
453 538
7 57
462 618
213 272
451 514
221 403
782 826
655 688
7 20
656 672
230 335
461 514
216 338
920 936
943 995
683 700
689 724
917 940
243 424
459 614
678 705
698 816
5 92
224 351
776 883
711 870
470 569
926 980
5 68
6 79
215 270
208 228
417 437
708 828
117 127
688 717
687 751
942 969
471 608
683 795
707 853
659 676
766 894
673 755
785 821
220 258
931 970
55 110
228 349
227 398
860 909
128 167
871 911
208 211
123 182
7 16
700 823
124 178
7 43
657 674
5 10
207 214
413 432
199 221
926 996
4 88
676 727
126 173
183 208
436 474
452 607
773 892
675 791
4 69
904 921
211 284
622 649
665 717
4 36
204 214
851 914
761 891
681 757
451 482
875 915
473 590
118 123
453 479
454 540
929 964
106 121
4 50
216 400
5 78
682 754
194 202
429 440
438 453
216 331
735 827
734 831
266 406
231 319
766 851
225 310
232 258
452 485
718 826
657 692
822 901
261 424
673 711
3 11
448 512
924 940
119 124
4 38
234 288
7 58
448 550
938 993
655 695
833 907
661 678
939 971
199 236
448 585
43 109
214 398
213 287
452 559
230 294
681 715
462 491
212 255
663 768
233 399
126 140
4 39
220 382
714 812
184 205
787 856
790 822
441 473
459 540
229 291
470 608
475 577
469 521
450 506
693 739
207 217
666 731
455 501
236 333
3 61
224 384
219 351
235 351
927 957
236 294
678 753
641 662
734 872
212 326
666 788
211 296
464 547
214 346
465 629
210 261
170 187
6 66
126 155
912 916
236 298
471 504
293 426
683 712
184 206
698 813
229 295
125 177
929 958
570 630
124 153
123 178
926 948
678 789
215 288
662 690
455 524
657 694
88 108
658 696
918 929
822 909
219 244
918 931
236 343
668 781
793 865
205 223
3 10
688 699
784 868
227 363
831 914
3 57
432 458
121 122
127 145
74 94
769 826
661 680
658 684
446 550
683 738
257 411
475 525
449 579
216 313
740 851
449 507
451 490
7 60
457 586
122 142
455 549
793 856
728 870
12 97
746 887
98 121
452 526
665 730
938 949
697 772
735 832
130 140
443 462
662 684
832 900
126 145
142 190
236 286
474 604
46 101
657 697
493 634
935 995
930 960
6 38
124 138
623 651
233 302
3 39
221 316
346 420
94 120
513 630
39 108
656 679
217 254
459 546
4 61
656 688
740 843
202 222
696 758
801 828
474 607
455 586
123 169
466 575
202 235
271 418
663 774
687 731
934 992
942 973
98 118
449 610
4 52
929 991
560 636
671 730
681 732
797 805
870 913
227 390
659 663
745 852
680 715
5 74
468 623
463 509
473 537
772 889
656 681
204 222
927 997
4 25
719 814
934 999
3 21
448 575
7 28
435 459
466 494
128 158
935 985
178 184
734 865
133 187
528 637
461 620
433 449
212 261
219 311
469 551
924 933
767 893
462 478
775 893
450 520
227 400
770 883
721 864
124 163
649 658
455 488
743 891
767 842
654 691
933 973
190 198
799 860
234 374
6 71
446 501
920 929
231 246
789 880
7 55
696 773
668 754
656 696
941 956
4 34
117 125
619 645
83 112
449 581
941 947
932 970
224 269
663 739
6 80
468 525
49 95
654 695
34 104
939 993
213 400
691 775
467 533
682 756
665 755
225 385
588 632
126 158
942 966
235 305
463 560
200 223
298 413
126 166
5 49
660 681
925 927
130 177
690 721
4 47
928 997
447 624
203 224
706 838
6 87
56 113
648 657
3 87
456 572
189 208
224 250
920 930
125 135
146 188
4 30
464 483
227 242
702 823
773 806
228 276
282 421
688 724
695 784
230 364
942 972
453 484
684 753
456 515
203 225
196 214
465 570
68 96
461 541
7 39
900 919
722 844
118 124
672 753
460 601
448 595
235 400
133 192
928 998
226 268
473 496
788 855
683 759
437 470
739 864
474 482
16 103
72 108
463 512
688 759
938 947
461 588
452 483
677 749
217 298
470 502
452 512
450 477
716 822
850 914
675 772
30 97
