1000 5000 50
23 23 20 16 19 24 33 9 6 32 22 24 19 14 17 31 17 25 40 12 10 12 15 30 26 7 9 13 32 16 22 18 17 19 24 54 12 10 11 12 13 16 29 36 7 8 16 21 47 12 
1 24
1 25
24 47
24 48
24 49
47 67
47 68
47 69
48 70
49 71
49 72
68 83
69 84
70 85
70 86
70 87
71 88
71 89
72 90
72 91
72 92
83 102
84 103
85 104
86 105
87 106
87 107
88 108
89 109
89 110
89 111
90 112
90 113
91 114
91 115
102 126
103 127
103 128
103 129
104 130
104 131
104 132
105 133
105 134
105 135
106 136
106 137
107 138
107 139
109 140
109 141
109 142
110 143
111 144
111 145
112 146
112 147
113 148
113 149
114 150
150 159
159 168
159 169
168 174
168 175
168 176
169 177
176 206
206 228
206 229
228 252
228 253
229 254
252 271
252 272
252 273
253 274
253 275
254 276
271 285
272 286
272 287
273 288
273 289
274 290
275 291
285 302
286 303
287 304
289 305
289 306
289 307
290 308
290 309
291 310
291 311
291 312
303 333
304 334
304 335
304 336
305 337
306 338
306 339
306 340
307 341
310 342
311 343
312 344
333 350
334 351
334 352
334 353
336 354
336 355
337 356
337 357
338 358
338 359
339 360
339 361
339 362
340 363
340 364
340 365
342 366
343 367
344 368
350 375
350 376
351 377
351 378
352 379
352 380
352 381
353 382
353 383
353 384
354 385
354 386
355 387
355 388
356 389
357 390
358 391
358 392
358 393
359 394
359 395
360 396
362 397
362 398
363 399
363 400
364 401
365 402
365 403
367 404
367 405
405 415
415 427
415 428
427 437
428 438
428 439
428 440
437 449
437 450
439 451
440 452
440 453
449 464
449 465
450 466
450 467
450 468
451 469
451 470
451 471
452 472
452 473
453 474
453 475
453 476
464 494
464 495
465 496
465 497
465 498
466 499
466 500
468 501
468 502
468 503
471 504
473 505
473 506
473 507
474 508
474 509
474 510
475 511
476 512
476 513
476 514
514 520
520 527
520 528
528 536
528 537
528 538
536 549
536 550
537 551
538 552
538 553
538 554
549 581
551 582
552 583
553 584
581 597
581 598
581 599
582 600
582 601
584 602
597 619
597 620
599 621
600 622
601 623
602 624
602 625
602 626
619 637
622 638
623 639
625 640
625 641
626 642
637 654
637 655
637 656
639 657
640 658
640 659
641 660
641 661
641 662
642 663
642 664
654 673
654 674
656 675
656 676
656 677
657 678
657 679
657 680
658 681
660 682
660 683
660 684
661 685
662 686
662 687
663 688
663 689
663 690
664 691
664 692
673 697
675 698
675 699
675 700
676 701
676 702
677 703
678 704
678 705
679 706
679 707
679 708
680 709
681 710
681 711
683 712
683 713
684 714
684 715
684 716
685 717
685 718
685 719
686 720
686 721
686 722
687 723
687 724
688 725
688 726
688 727
689 728
690 729
691 730
691 731
692 732
692 733
692 734
734 751
751 763
751 764
763 773
763 774
763 775
764 776
764 777
773 784
774 785
775 786
775 787
775 788
777 789
784 796
785 797
785 798
788 799
788 800
796 809
797 810
798 811
798 812
798 813
799 814
800 815
800 816
809 825
809 826
810 827
810 828
810 829
811 830
812 831
812 832
812 833
814 834
814 835
815 836
815 837
815 838
816 839
816 840
816 841
825 854
825 855
826 856
826 857
826 858
827 859
828 860
828 861
828 862
829 863
831 864
832 865
832 866
832 867
833 868
835 869
835 870
835 871
836 872
836 873
837 874
838 875
839 876
839 877
839 878
840 879
841 880
841 881
841 882
882 890
890 897
890 898
897 905
897 906
897 907
898 908
898 909
907 921
909 922
909 923
909 924
921 942
921 943
922 944
922 945
923 946
923 947
923 948
924 949
924 950
942 989
943 990
944 991
945 992
945 993
945 994
946 995
946 996
948 997
948 998
949 999
951 989
952 989
953 990
954 990
955 991
956 991
957 991
958 993
959 993
960 994
961 997
962 998
963 998
964 998
965 999
966 999
925 966
910 925
899 910
891 899
883 891
842 883
817 842
818 842
801 818
802 818
790 802
791 802
778 790
779 790
765 778
766 778
767 778
768 779
752 765
753 765
754 765
755 767
756 767
757 767
758 768
759 768
735 752
736 753
737 753
738 754
739 755
740 756
741 756
742 756
743 757
744 757
745 759
746 759
747 759
693 747
665 693
643 665
644 665
627 643
628 643
629 644
630 644
603 627
604 627
605 628
606 628
607 628
608 629
609 630
610 630
585 603
586 603
587 604
588 604
589 604
590 608
591 610
592 610
593 610
555 585
556 585
557 586
558 586
559 586
560 588
561 588
562 588
563 590
564 590
565 591
566 591
567 592
568 592
569 592
570 593
539 570
529 539
530 539
521 529
522 529
523 530
515 522
516 522
477 516
454 477
441 454
429 441
430 441
416 429
417 429
418 429
419 430
420 430
421 430
406 416
407 418
408 420
409 420
410 421
369 410
345 369
346 369
313 345
314 346
315 346
292 315
293 315
294 315
277 292
278 293
279 293
280 294
255 277
256 277
257 278
258 278
259 279
260 279
261 279
262 280
263 280
264 280
230 256
231 257
232 257
233 257
234 258
235 259
236 259
237 259
238 260
239 260
240 261
241 263
242 263
243 264
244 264
207 232
208 232
209 232
210 233
211 233
212 233
213 235
214 235
215 236
216 237
217 237
218 237
219 239
220 239
221 240
222 242
223 242
224 244
178 207
179 208
180 208
181 210
182 210
183 210
184 211
185 212
186 212
187 212
188 214
189 214
190 215
191 215
192 216
193 217
194 218
195 219
196 219
197 220
198 221
199 221
200 221
201 222
202 223
170 202
160 170
161 170
162 170
151 160
152 161
153 161
154 161
116 154
93 116
94 116
95 116
73 93
74 93
75 93
76 94
77 94
78 95
79 95
50 73
51 73
52 74
53 74
54 75
55 75
56 76
57 76
58 77
59 78
60 78
61 79
62 79
63 79
26 50
27 51
28 53
29 54
30 57
31 57
32 57
33 58
34 58
35 59
36 60
37 60
38 60
39 61
40 61
41 62
42 63
2 26
3 27
4 30
5 30
6 32
7 32
8 32
9 33
10 33
11 34
12 34
13 35
14 38
15 38
16 38
17 39
18 39
19 40
20 40
21 41
22 42
22 43
43 64
64 80
80 96
80 97
80 98
96 117
96 118
97 119
97 120
98 121
98 122
122 155
155 163
163 171
171 203
203 225
225 245
245 265
265 281
281 295
281 296
281 297
295 316
295 317
295 318
296 319
296 320
296 321
297 322
297 323
297 324
324 347
347 370
347 371
347 372
372 411
411 422
422 431
422 432
422 433
431 442
432 443
432 444
432 445
433 446
443 455
444 456
446 457
446 458
446 459
455 478
455 479
456 480
457 481
457 482
457 483
458 484
458 485
458 486
459 487
487 517
517 524
524 531
531 540
531 541
531 542
540 571
540 572
541 573
541 574
541 575
575 594
594 611
594 612
611 631
611 632
611 633
612 634
631 645
631 646
632 647
632 648
633 649
633 650
633 651
645 666
646 667
646 668
647 669
650 670
651 671
667 694
669 695
695 748
748 760
760 769
760 770
760 771
771 780
780 792
780 793
780 794
792 803
792 804
793 805
793 806
793 807
804 819
804 820
805 821
806 822
806 823
819 843
820 844
820 845
821 846
822 847
822 848
822 849
823 850
823 851
823 852
852 884
884 892
892 900
892 901
892 902
900 911
900 912
900 913
901 914
901 915
901 916
902 917
902 918
902 919
911 926
911 927
911 928
913 929
913 930
913 931
914 932
915 933
915 934
915 935
916 936
916 937
916 938
917 939
918 940
927 967
928 968
929 969
929 970
930 971
930 972
930 973
931 974
932 975
932 976
934 977
935 978
935 979
936 980
936 981
936 982
937 983
939 984
940 985
940 986
940 987
987 1000
988 1000
941 988
920 941
903 920
904 920
893 903
894 904
895 904
896 904
885 894
886 895
887 896
888 896
889 896
853 889
824 853
808 824
795 808
781 795
782 795
783 795
772 783
761 772
762 772
749 761
750 761
696 750
672 696
652 672
653 672
635 652
636 653
613 635
614 635
615 635
616 636
617 636
618 636
595 618
576 595
577 595
543 577
532 543
525 532
518 525
488 518
460 488
447 460
434 447
423 434
424 434
425 434
412 423
413 424
373 413
348 373
325 348
298 325
282 298
283 298
266 282
267 282
268 282
269 283
246 267
247 267
248 268
249 269
250 269
226 250
204 226
172 204
164 172
165 172
166 172
156 164
157 164
123 157
99 123
81 99
65 81
44 65
45 65
23 45
23 46
46 66
66 82
82 100
82 101
100 124
100 125
125 158
158 167
167 173
173 205
205 227
227 251
251 270
270 284
284 299
284 300
284 301
299 326
300 327
300 328
300 329
301 330
301 331
301 332
332 349
349 374
374 414
414 426
426 435
426 436
436 448
448 461
448 462
448 463
461 489
462 490
462 491
462 492
463 493
493 519
519 526
526 533
526 534
526 535
533 544
534 545
534 546
534 547
535 548
547 578
547 579
547 580
580 596
57 80
256 279
443 458
22 24
792 807
584 614
913 935
351 382
910 931
451 479
168 188
285 305
592 599
659 690
682 705
536 575
663 679
292 309
319 339
214 251
128 166
377 418
499 523
813 834
966 997
416 434
925 945
421 434
217 239
644 655
844 877
472 513
75 84
578 591
921 988
940 943
660 692
197 218
279 294
35 66
169 179
357 401
159 173
662 675
584 599
589 607
939 967
528 544
69 98
809 834
304 343
368 393
586 600
607 633
397 415
787 808
586 617
535 543
643 663
548 560
169 193
84 111
836 860
685 713
107 131
79 97
447 449
486 502
933 967
695 730
80 99
539 558
161 168
362 413
48 78
557 583
168 178
681 721
180 218
636 643
88 121
941 981
227 230
818 851
770 779
488 514
849 878
634 647
256 272
135 159
621 652
687 719
343 364
936 974
822 839
18 42
630 651
587 605
171 188
173 181
268 275
934 959
600 635
341 352
586 607
350 377
359 396
363 382
446 462
168 199
29 56
452 478
454 482
608 630
75 90
225 232
109 146
73 97
338 370
327 345
170 194
455 476
9 29
671 677
693 724
657 690
527 543
797 818
678 741
919 937
608 620
293 325
441 458
810 836
978 989
446 456
583 602
857 895
123 154
446 455
107 142
683 733
463 476
468 499
271 301
936 968
364 408
591 607
94 115
212 244
299 308
79 98
398 425
620 650
923 976
593 612
173 183
524 530
585 606
285 328
834 866
454 467
542 561
10 44
669 692
756 771
829 874
539 554
383 415
442 456
530 541
50 68
276 298
43 63
763 783
170 184
654 676
413 418
800 824
331 345
362 390
546 567
931 947
651 662
525 530
191 207
902 908
110 127
680 743
391 426
108 158
589 613
821 827
674 726
660 679
597 624
746 757
618 633
342 354
821 832
253 271
617 633
532 536
418 428
576 596
602 633
52 82
486 495
782 787
788 806
493 510
10 24
114 128
752 766
339 372
216 250
272 293
237 252
929 958
803 818
913 926
926 981
569 581
563 584
939 980
909 933
209 249
213 234
311 334
731 759
29 61
848 868
609 627
176 215
680 737
812 852
917 935
291 329
529 538
776 795
86 117
280 292
39 54
638 661
690 720
934 945
139 167
709 759
368 386
679 719
604 624
98 114
479 494
266 273
34 54
596 600
444 458
914 933
617 634
165 168
256 275
481 494
768 778
455 464
123 130
662 695
907 940
82 92
355 392
821 841
168 185
290 327
657 694
333 372
548 578
934 943
113 135
612 636
823 839
927 986
491 517
444 461
173 179
816 833
20 44
479 513
92 110
141 165
10 35
648 664
473 494
960 991
125 155
108 151
935 968
448 457
915 938
499 524
811 829
621 645
72 84
459 469
458 467
66 77
442 452
280 285
596 605
174 207
439 457
414 415
640 656
931 965
864 895
337 370
450 465
805 819
458 493
709 755
460 489
781 790
191 206
543 568
346 371
43 48
532 539
366 410
823 845
171 198
951 995
563 587
834 878
179 217
641 666
417 436
114 132
547 566
663 696
463 464
798 814
215 247
25 50
921 946
893 899
536 560
583 613
834 889
695 722
664 679
89 105
594 614
726 755
647 656
340 354
680 723
677 731
545 562
676 706
254 281
49 67
363 397
147 167
839 864
531 536
733 753
821 845
845 869
278 295
838 872
165 170
772 778
35 64
373 376
182 213
292 305
909 929
827 857
278 294
212 231
661 687
678 712
64 77
845 861
78 83
805 809
662 696
595 605
169 191
859 894
207 242
509 523
208 231
892 904
539 575
691 697
683 736
622 651
774 787
948 990
625 639
82 98
826 882
327 333
169 194
107 129
679 717
276 297
932 969
335 354
362 400
123 134
898 917
538 578
527 542
79 94
950 999
802 814
171 200
626 640
935 955
708 753
288 304
105 150
652 659
27 65
453 471
681 737
655 681
685 707
405 423
180 217
253 283
276 294
928 988
289 314
74 90
605 634
37 50
451 483
791 808
268 271
174 220
544 579
472 507
810 847
618 620
620 637
666 684
447 458
908 934
546 557
362 392
172 194
659 675
837 856
372 413
820 842
844 855
463 491
688 701
687 701
454 481
461 469
676 720
835 868
676 741
673 713
924 970
617 628
671 692
684 711
909 935
924 973
234 269
559 585
927 964
227 239
810 840
317 333
798 819
548 561
366 386
799 819
100 106
95 125
373 405
926 949
439 463
32 53
825 857
689 729
172 174
248 261
69 89
680 722
537 572
932 977
523 533
347 351
683 729
195 217
323 343
112 137
752 769
376 420
227 228
836 885
365 404
89 114
687 697
643 658
118 137
307 335
677 749
937 964
267 277
935 945
829 854
63 74
422 436
462 474
819 827
164 168
289 320
449 485
21 42
356 395
804 824
47 72
685 731
306 334
663 676
615 625
169 196
86 106
267 284
555 595
202 212
355 408
374 405
373 379
222 229
939 944
930 942
800 812
912 936
941 976
489 513
172 180
633 653
597 628
932 960
19 28
651 656
425 429
276 292
908 924
343 362
678 719
557 596
537 571
833 871
932 959
584 598
352 376
355 383
973 998
352 385
287 329
425 431
122 140
344 356
212 230
269 280
173 203
352 383
831 869
449 484
821 853
538 579
704 760
936 986
776 791
56 72
80 91
778 793
527 538
421 432
247 262
168 197
824 851
15 28
372 382
170 185
40 66
540 559
449 468
541 564
761 771
828 873
904 911
600 631
195 223
806 824
547 558
925 962
974 993
730 754
680 704
364 378
523 528
87 121
69 100
765 779
829 882
328 348
172 190
941 971
905 933
220 251
475 497
163 173
424 428
102 158
917 940
26 62
275 300
799 812
225 235
113 153
331 342
125 128
204 211
199 208
692 724
132 166
541 572
795 803
824 847
824 833
573 587
853 884
199 225
584 616
332 335
338 354
226 239
821 847
722 752
516 520
915 926
573 590
546 559
739 759
529 547
816 830
301 325
639 661
635 651
478 505
100 117
832 871
110 133
671 693
80 94
901 918
365 410
924 956
679 703
801 820
105 154
103 156
803 820
956 994
862 893
616 622
609 629
462 476
953 995
797 809
169 201
662 674
671 673
306 349
368 404
779 794
4 32
366 387
435 448
415 429
170 186
905 936
679 725
478 494
542 555
687 727
794 796
907 923
143 161
109 136
558 596
326 339
254 283
300 302
619 642
493 514
13 28
373 402
167 172
276 289
251 260
231 263
622 649
433 442
915 921
628 648
225 242
939 965
14 31
819 838
902 916
849 856
380 425
974 998
48 80
19 26
663 694
532 540
784 801
536 570
576 586
181 214
804 818
635 647
116 132
300 307
856 891
282 296
91 125
176 208
101 103
846 875
669 691
436 443
510 521
85 110
910 922
431 446
762 770
527 545
759 771
289 303
666 677
531 539
299 314
624 652
910 938
103 135
844 882
810 843
168 186
844 864
292 328
633 646
550 596
209 233
429 437
531 538
110 140
434 444
330 340
584 601
642 655
362 391
361 413
827 889
78 86
679 712
361 411
381 417
411 418
293 307
109 131
820 843
324 346
925 955
687 718
359 375
255 274
811 838
676 735
897 912
292 319
296 306
693 739
301 312
929 959
96 111
325 338
16 41
839 869
219 251
540 561
653 655
47 76
112 128
540 578
538 564
18 33
483 498
747 761
852 875
691 721
93 118
9 31
921 948
559 588
277 291
432 446
365 406
585 602
671 681
675 718
70 91
85 102
24 53
809 847
540 556
477 500
116 139
457 475
802 816
487 499
247 259
529 537
547 554
823 836
690 704
61 70
437 461
969 989
140 166
24 50
694 722
582 605
852 882
104 150
818 840
587 602
348 361
549 589
797 816
468 500
938 943
59 80
277 300
67 101
930 975
479 502
102 157
42 49
124 157
541 560
206 246
171 175
658 674
217 244
926 962
19 31
756 770
294 308
903 907
491 509
212 237
541 563
793 808
922 952
683 723
670 685
779 784
437 454
471 508
367 407
345 354
893 898
784 808
695 724
176 224
626 637
338 367
897 916
651 665
692 708
807 809
443 460
18 29
768 775
617 621
807 810
842 855
650 654
475 502
459 485
688 722
545 553
169 187
246 263
113 129
696 738
759 763
574 590
689 717
799 813
660 693
673 724
955 992
803 815
293 328
100 103
643 671
549 587
17 27
817 834
169 203
20 43
109 151
488 506
800 814
356 413
680 738
656 681
221 247
987 999
112 156
212 246
760 772
120 131
640 654
665 681
684 705
366 375
813 830
276 301
85 105
322 343
820 846
655 674
214 228
48 82
94 119
829 872
297 313
206 244
827 886
392 423
333 352
935 976
645 658
291 319
819 826
781 789
69 97
90 115
557 584
305 348
266 271
841 877
646 657
155 159
335 351
539 576
171 178
27 48
696 712
941 949
667 680
796 819
79 93
667 690
91 112
677 737
563 589
431 448
763 779
672 691
667 688
478 518
634 643
859 891
904 918
808 817
763 780
485 497
454 464
251 257
355 396
542 579
676 727
201 217
172 176
96 125
450 483
590 603
443 457
10 31
937 977
293 317
542 564
424 427
812 828
56 80
169 186
122 143
533 543
629 637
49 79
468 496
678 714
673 727
158 160
815 851
708 756
613 627
356 407
893 902
102 155
119 150
113 155
449 491
922 985
364 379
108 137
783 784
51 69
890 903
930 953
237 265
731 758
523 534
595 597
286 305
933 984
114 145
271 289
219 250
294 320
851 867
439 452
40 50
647 671
472 515
900 905
875 892
173 188
10 29
337 358
922 960
93 125
452 482
672 684
453 466
897 909
618 627
242 268
485 503
74 101
60 82
313 340
893 904
368 395
451 482
815 831
692 699
623 643
933 960
533 547
927 955
804 810
475 509
624 643
148 166
222 238
694 737
353 414
273 299
214 233
670 674
904 910
836 864
457 471
260 273
545 570
641 670
370 412
972 998
224 249
885 891
463 483
303 337
441 459
537 580
939 969
936 972
970 990
765 776
917 938
587 618
888 892
281 300
833 875
348 355
28 66
53 68
897 918
847 856
98 115
925 986
438 453
531 545
694 736
689 724
27 59
432 448
750 760
588 617
305 349
33 50
304 341
660 689
54 67
926 974
900 920
593 611
926 987
922 961
296 331
751 771
266 278
683 718
899 919
50 69
938 973
439 462
851 889
81 83
109 138
349 350
581 612
616 634
941 948
644 670
956 997
690 727
348 358
169 198
831 885
93 108
221 231
229 263
232 268
433 437
672 688
815 834
811 828
551 586
269 272
368 406
816 849
538 569
482 509
190 218
787 806
125 127
348 364
335 372
809 838
842 865
704 762
284 291
175 214
232 265
171 193
944 995
327 342
7 37
815 846
792 799
792 797
851 863
899 909
172 200
173 178
399 425
694 708
14 40
948 993
753 763
761 767
802 817
899 914
853 883
426 430
568 589
695 701
369 396
227 246
108 150
215 239
600 634
204 212
292 310
85 108
173 198
597 633
590 602
544 573
444 460
401 420
31 55
102 145
285 309
281 289
248 267
789 799
168 194
693 701
171 184
329 336
647 655
40 49
927 971
748 754
762 763
482 514
941 968
657 684
689 718
354 404
937 979
533 542
333 371
918 927
631 642
768 777
447 461
559 596
348 353
533 540
929 973
232 252
87 104
34 60
6 37
661 674
831 855
844 884
215 249
857 896
449 470
590 609
106 134
340 358
367 383
433 441
93 110
693 713
628 641
471 514
56 77
803 817
785 796
461 480
934 961
564 592
118 128
334 369
755 768
512 526
979 990
251 269
980 990
593 614
822 843
932 957
773 793
463 484
672 689
3 28
485 513
123 155
122 130
254 272
684 713
98 118
831 861
301 311
374 400
221 237
38 66
215 245
582 616
634 637
333 359
73 98
942 991
767 782
900 909
473 502
694 738
350 411
294 316
776 792
439 458
542 553
966 992
796 822
823 828
937 988
162 168
668 678
306 343
475 503
437 453
929 944
54 74
772 775
51 81
237 267
112 143
900 919
696 705
287 332
677 717
608 635
872 890
790 800
696 743
844 859
456 489
521 535
925 968
696 732
797 821
931 981
541 565
76 88
911 935
762 765
170 199
922 973
838 866
311 341
932 946
126 161
935 969
440 459
534 548
918 939
589 609
537 574
813 848
172 196
787 802
931 973
175 208
543 565
643 664
904 906
649 659
631 639
212 229
799 822
192 211
347 354
145 165
610 632
270 279
462 473
125 140
217 246
434 438
314 337
365 391
837 857
614 627
204 206
563 593
168 180
783 790
594 601
351 376
237 257
823 837
543 555
544 556
49 74
35 56
530 537
545 558
680 740
294 307
743 755
935 943
189 221
662 692
273 292
20 30
544 574
772 773
784 805
433 443
296 323
926 972
899 915
245 259
171 196
832 886
122 148
198 219
744 758
547 552
280 291
941 965
285 322
319 336
107 158
771 781
936 952
434 437
669 694
768 780
765 782
250 254
200 206
264 275
480 512
452 491
715 760
903 919
442 449
374 385
902 906
211 241
595 615
410 424
295 322
869 895
933 951
679 705
949 991
968 989
297 314
537 570
86 115
216 246
846 855
436 444
483 505
336 368
521 533
520 532
639 655
25 63
295 306
473 497
469 507
531 547
211 242
564 587
122 142
913 923
674 724
522 527
347 350
805 822
420 434
524 533
924 963
896 903
469 499
911 937
641 668
705 752
42 58
820 836
113 151
298 311
457 490
561 583
882 894
337 353
459 464
659 687
817 831
931 982
674 728
929 981
584 610
901 906
846 866
608 624
598 627
11 38
534 544
439 459
187 208
182 206
803 812
449 483
943 995
899 917
98 117
166 168
117 137
451 487
224 241
50 82
365 414
358 394
33 62
387 420
688 716
6 38
351 412
936 946
850 870
181 207
177 219
692 749
447 450
692 730
916 928
522 531
666 673
556 587
106 142
350 402
207 250
686 738
79 99
446 450
673 739
594 598
503 521
609 623
676 709
830 859
214 242
449 490
427 443
922 977
538 573
690 706
77 83
358 385
250 257
100 123
102 142
935 962
174 212
587 607
807 814
347 365
688 731
266 275
38 53
345 353
522 530
918 931
851 856
848 862
861 895
52 77
304 339
293 308
850 872
484 494
456 484
523 535
450 464
325 349
808 816
125 156
928 970
564 595
682 719
375 426
453 485
817 828
343 354
337 360
336 366
16 42
916 941
520 535
754 769
344 370
504 522
462 485
6 39
86 120
298 328
42 51
171 181
460 473
391 425
451 467
567 596
401 424
941 985
823 842
536 571
932 987
605 623
456 465
941 951
226 244
849 860
661 686
539 553
469 518
116 138
837 869
116 155
254 271
729 760
171 192
835 888
599 628
567 582
538 560
351 388
346 365
357 378
908 941
416 431
20 37
372 398
836 878
923 950
118 127
596 614
315 342
364 412
787 799
57 82
679 710
628 647
288 317
843 877
84 107
458 469
631 651
342 371
671 691
841 887
36 58
648 660
76 83
374 398
170 201
689 742
686 712
678 742
849 884
7 29
769 774
285 303
636 640
459 471
841 884
344 355
154 162
554 584
541 552
754 772
795 805
214 234
257 281
679 739
646 658
233 263
187 221
689 735
714 755
288 322
845 857
53 75
530 544
623 641
791 806
925 942
903 910
617 632
229 265
930 944
544 558
546 551
214 245
5 40
616 633
544 570
692 717
488 497
609 626
303 336
818 850
8 45
913 933
463 471
262 276
655 692
120 151
799 823
791 801
790 805
628 638
686 703
651 654
265 276
658 691
564 593
177 224
881 891
333 361
915 931
29 52
117 147
579 583
684 704
70 96
393 425
830 861
566 594
280 289
901 912
573 585
230 270
716 760
923 979
449 471
361 383
695 698
757 772
210 232
928 964
198 217
454 473
605 624
425 433
251 256
428 437
922 968
54 76
488 512
124 132
387 426
309 349
355 401
359 378
800 813
967 998
595 609
828 863
167 168
913 927
694 748
199 206
608 632
278 296
530 548
687 717
810 852
71 83
638 669
542 571
708 762
844 872
251 253
300 323
160 172
87 112
352 382
940 942
234 264
149 163
293 321
756 768
696 707
212 251
33 49
342 359
790 796
17 32
373 408
693 716
26 47
617 625
156 167
923 982
238 262
77 90
780 789
86 111
766 775
187 207
110 148
659 685
368 407
99 118
811 826
99 105
115 148
955 993
720 756
397 420
615 632
691 744
443 453
56 68
110 137
173 204
645 656
96 121
433 447
83 113
69 99
938 944
387 418
920 928
170 193
279 287
59 68
298 318
359 389
661 691
637 657
334 362
689 748
531 548
679 734
547 577
812 850
920 934
65 75
680 736
524 527
294 330
688 700
37 63
275 286
594 618
851 882
920 937
583 604
607 636
161 173
300 324
437 455
767 775
941 957
281 299
295 311
796 814
354 396
729 754
278 292
687 741
239 264
124 143
368 412
933 985
919 934
173 201
910 936
515 524
194 223
805 820
363 376
220 246
634 641
40 52
544 568
8 25
454 480
173 185
545 559
694 706
913 922
631 649
524 535
911 930
811 853
96 115
214 249
177 209
147 166
264 283
176 222
696 748
42 61
668 691
524 528
530 538
459 476
415 432
567 587
583 616
601 629
93 122
905 923
181 225
673 719
467 517
15 30
666 690
535 540
589 612
43 49
679 747
696 703
122 154
645 672
829 857
297 326
854 892
544 575
294 326
655 695
692 750
436 442
808 809
927 985
614 625
817 840
949 998
647 667
458 479
336 352
899 918
609 631
443 459
300 332
613 623
678 735
291 302
587 597
490 501
475 496
435 444
216 249
329 345
352 393
10 46
836 888
521 528
839 857
695 699
212 243
286 332
79 96
108 148
173 189
89 113
346 359
38 63
969 1000
941 956
105 126
98 119
103 158
172 203
775 789
335 362
595 598
365 378
920 935
762 764
534 536
424 430
928 966
106 158
200 209
375 416
296 332
260 280
684 724
453 488
913 939
796 815
484 512
115 142
682 718
57 71
74 85
108 127
585 597
349 356
938 960
597 636
239 259
778 792
658 677
353 411
753 767
242 254
608 623
148 163
840 881
344 369
426 432
621 650
542 562
106 146
830 884
547 557
478 507
984 994
859 895
193 216
214 246
368 401
172 187
554 596
546 570
45 51
845 878
374 381
906 926
301 327
343 369
296 327
177 207
525 534
555 587
32 51
296 313
10 27
929 988
339 351
604 629
354 388
675 702
940 982
495 524
937 944
82 84
449 472
71 91
674 734
651 655
536 562
378 423
453 491
361 389
693 742
522 528
526 527
321 337
595 599
885 892
800 819
925 965
233 264
356 382
428 448
227 238
454 490
651 660
618 632
240 262
368 408
921 954
774 788
777 786
33 52
120 128
922 950
664 688
361 403
840 871
220 244
759 765
819 839
110 147
485 514
372 384
905 927
764 779
353 410
920 925
36 49
481 495
393 417
896 901
192 224
356 383
295 309
427 448
223 239
60 70
630 646
423 433
344 372
682 731
939 963
957 992
914 925
782 788
233 266
465 504
644 666
107 148
817 836
461 485
416 428
765 773
142 166
237 254
432 439
271 300
363 412
333 354
633 637
335 360
11 32
31 49
957 999
627 638
453 483
539 573
12 42
628 653
449 489
20 38
94 112
781 787
940 949
424 429
583 611
475 500
771 783
707 759
725 760
452 483
173 195
218 241
623 650
911 924
190 211
450 470
674 700
186 209
365 376
178 218
827 866
677 735
804 809
687 733
249 252
338 361
172 198
290 317
219 248
899 911
17 25
172 175
10 38
967 994
358 403
826 888
611 636
686 750
457 488
777 792
272 291
79 83
608 633
321 347
603 633
695 740
686 706
918 934
536 566
345 368
268 279
802 810
447 459
523 531
34 52
796 823
753 770
807 818
102 135
831 887
433 448
851 881
113 136
873 893
539 569
96 108
486 497
670 688
676 713
840 888
30 55
799 811
213 232
15 24
82 95
965 994
898 913
172 185
223 228
922 979
144 165
360 407
108 152
536 580
537 549
667 687
840 870
902 914
6 43
596 597
217 250
147 160
170 190
248 270
122 144
555 590
280 295
271 288
922 946
528 543
640 655
187 216
544 550
676 749
273 296
598 624
85 114
640 664
841 857
583 603
684 717
892 897
41 64
73 91
674 712
168 189
8 36
828 867
172 189
815 847
101 112
316 349
620 640
926 952
548 563
547 573
450 481
120 138
548 549
726 754
928 973
37 62
11 26
428 446
73 95
590 598
547 569
454 475
932 966
168 184
352 413
243 266
210 247
8 38
628 650
824 826
482 495
542 574
544 561
607 627
915 923
86 107
536 573
818 834
849 879
904 908
63 80
245 256
938 987
618 622
253 282
615 626
840 872
676 698
459 481
341 362
332 348
961 991
907 927
604 635
528 541
373 410
436 446
81 96
690 712
365 396
369 407
765 781
825 880
925 970
935 951
631 652
74 88
819 849
283 300
373 394
58 78
840 868
296 309
676 700
365 387
543 552
366 404
433 438
20 26
17 42
464 498
21 26
253 273
118 141
968 993
846 888
768 782
769 782
98 102
673 718
832 869
821 828
449 482
44 64
795 801
279 296
782 791
223 241
917 921
34 59
173 190
837 871
192 222
453 470
281 301
812 834
932 948
370 402
665 679
21 27
605 635
68 89
621 638
914 927
542 572
170 198
663 686
120 147
470 519
290 313
219 234
910 934
171 190
445 450
620 653
109 127
416 436
830 880
561 591
93 106
71 100
374 403
926 985
538 556
829 887
399 415
847 878
314 339
753 771
912 939
630 639
696 727
362 402
286 302
787 796
590 618
271 297
801 809
30 47
687 710
370 413
818 852
691 720
92 116
298 314
202 226
617 629
66 73
930 968
585 612
413 422
8 31
941 967
908 932
690 743
306 341
365 386
448 458
172 192
310 341
484 495
37 57
315 334
67 94
173 184
1 27
653 666
484 507
794 804
767 774
283 295
127 161
544 563
675 742
685 722
686 730
932 968
511 524
842 860
487 508
819 837
778 794
214 237
650 667
505 522
173 202
357 391
754 763
660 685
73 88
922 987
342 374
964 993
99 106
415 435
189 225
675 735
593 613
928 957
569 595
282 293
468 514
389 417
104 148
654 689
542 550
58 68
172 179
590 607
719 755
691 714
205 211
439 455
361 380
466 510
540 575
685 730
543 560
336 373
45 61
299 310
70 98
817 843
215 246
186 224
307 348
544 580
329 341
772 777
546 554
277 293
112 135
2 28
820 831
780 785
451 478
111 143
85 109
248 254
303 343
826 886
364 397
40 63
170 179
216 247
843 876
15 40
252 275
925 951
681 745
370 375
430 443
431 444
170 180
914 929
369 388
360 378
13 43
457 480
461 467
664 694
588 616
443 462
671 688
776 787
931 958
931 977
610 622
704 756
319 347
983 993
21 44
95 109
548 564
443 456
803 824
427 445
90 125
50 77
311 339
228 266
37 55
682 704
834 885
367 385
694 729
691 749
415 431
879 896
34 61
592 597
116 137
14 42
144 159
904 919
22 26
18 44
617 623
220 238
983 991
304 338
328 341
826 876
905 934
248 264
422 427
401 426
146 167
814 846
353 404
658 692
349 358
548 557
357 400
2 36
211 240
841 886
446 452
778 789
146 159
435 445
31 56
86 110
740 752
780 786
114 138
79 90
703 757
574 582
278 298
641 664
812 826
249 256
114 133
74 97
365 394
699 762
356 396
416 433
228 264
928 969
908 937
337 368
903 917
169 174
171 197
85 125
897 910
272 288
835 861
581 605
207 248
461 465
939 987
74 87
594 613
92 106
758 763
833 867
469 494
168 203
642 658
537 562
292 327
100 105
280 286
299 317
901 913
480 519
441 462
903 909
519 523
417 427
295 315
96 103
937 974
171 189
783 789
108 142
922 988
609 621
106 128
812 825
173 187
808 822
300 325
545 569
168 190
169 178
601 627
675 712
36 62
26 52
182 214
102 131
459 491
173 177
840 860
532 547
341 355
807 816
289 309
196 227
537 569
944 997
665 686
396 420
785 807
170 182
613 634
691 699
935 947
935 967
311 342
12 36
804 814
847 872
88 103
342 363
941 960
924 968
798 810
310 347
626 638
224 243
769 773
795 798
486 499
582 612
244 261
828 855
64 82
457 493
103 149
808 820
371 406
469 514
759 767
152 160
986 992
268 273
125 133
75 85
362 408
105 130
17 34
821 848
171 185
541 576
984 998
211 244
904 912
13 27
43 62
363 388
296 312
943 997
347 374
581 613
208 242
377 424
916 934
58 71
548 577
695 725
892 903
652 665
797 819
346 367
330 339
819 828
217 238
466 503
360 411
897 919
874 895
661 683
31 62
758 770
453 465
905 926
789 803
326 334
353 396
667 691
813 839
373 403
966 998
936 945
816 826
815 842
453 482
618 621
796 818
921 947
416 432
599 631
173 182
262 278
436 441
702 756
320 348
586 598
581 601
368 400
670 679
657 683
350 380
82 93
350 391
826 884
926 980
910 941
690 749
386 420
460 486
59 76
446 451
76 98
222 228
794 797
284 290
814 851
423 427
206 242
300 313
470 508
309 333
929 965
548 550
845 879
689 701
300 303
66 67
372 380
778 791
53 79
636 651
224 250
867 894
460 465
452 471
987 992
852 886
842 873
89 119
772 779
64 78
482 504
438 452
546 552
825 871
116 143
366 378
927 952
935 954
244 258
624 645
367 408
853 886
493 500
615 636
278 290
691 705
374 382
434 442
575 588
713 756
578 588
181 227
694 743
183 206
344 374
87 111
199 212
256 280
381 418
922 964
622 643
125 149
693 732
121 131
378 426
4 43
679 741
31 54
935 987
31 60
324 338
847 873
358 396
449 474
486 500
96 120
686 747
576 594
91 113
806 813
658 684
487 514
363 402
362 407
848 887
62 70
227 237
218 244
907 929
659 688
211 232
455 469
638 654
902 915
360 405
338 353
622 637
201 216
680 728
689 739
784 806
632 644
458 470
202 213
912 926
64 68
536 572
57 69
813 843
223 230
810 845
164 170
670 682
920 932
695 741
60 71
682 740
932 955
684 718
835 882
772 776
790 799
545 551
637 666
357 414
930 974
898 905
256 271
297 328
158 165
814 837
839 881
92 123
908 926
288 314
104 126
793 800
288 316
5 34
775 791
790 807
967 991
853 887
9 39
673 703
839 871
451 466
52 81
945 996
782 785
572 581
450 486
678 698
284 295
259 272
680 702
924 961
548 579
482 515
714 756
834 875
548 576
8 42
171 182
485 502
845 860
286 331
720 761
938 949
764 773
229 262
12 25
972 993
313 341
353 400
463 473
309 336
784 802
303 348
650 669
168 201
626 647
308 349
240 258
96 106
809 849
942 998
325 346
269 273
569 584
443 450
461 470
178 206
326 348
42 56
172 199
582 598
914 937
546 563
596 603
611 628
226 248
785 800
783 787
47 75
437 452
54 81
773 786
839 855
290 303
345 366
213 242
807 820
87 105
233 255
616 632
486 515
186 206
940 955
446 460
929 952
362 379
602 629
818 845
787 797
674 703
601 622
836 861
172 188
539 564
631 653
542 552
218 246
293 312
116 130
898 919
461 483
717 751
342 368
830 865
63 76
939 968
352 394
119 149
213 244
451 475
263 284
83 106
497 526
316 346
174 215
353 395
73 94
853 888
646 659
821 840
92 112
445 451
898 920
586 614
191 225
171 194
357 396
641 671
277 297
535 547
156 159
358 375
342 370
361 398
372 377
828 866
782 786
606 621
635 653
270 274
218 251
227 247
249 262
776 789
598 628
924 972
98 123
95 110
74 89
614 622
346 355
627 645
225 234
45 53
460 466
747 753
298 320
636 649
5 46
343 370
353 403
395 417
650 655
819 833
21 28
279 295
540 565
804 817
930 987
169 185
901 907
450 478
936 976
663 682
811 831
738 758
821 830
584 600
690 711
430 438
685 723
694 718
562 581
940 966
819 841
842 889
537 563
330 337
81 90
229 257
570 596
328 346
458 492
268 281
361 397
539 579
980 995
429 438
360 386
677 715
440 449
61 71
171 204
824 838
63 67
168 177
64 73
365 392
361 391
835 889
808 812
852 860
565 581
927 982
100 120
67 88
619 644
334 365
695 735
696 745
356 412
339 357
272 297
297 318
246 269
339 363
431 443
860 892
460 487
232 266
186 223
939 973
341 371
482 501
939 975
112 130
58 82
668 679
418 433
819 829
812 845
770 773
104 153
82 85
923 978
655 684
51 71
453 480
40 55
297 325
829 860
624 653
543 562
538 565
676 740
463 489
374 390
169 190
662 678
816 843
816 825
185 214
163 168
103 136
44 63
689 721
234 266
210 245
236 267
369 393
83 125
688 742
499 521
795 799
68 92
617 622
436 439
481 503
213 248
24 52
123 126
823 834
653 670
461 479
653 654
55 79
913 937
69 101
39 53
296 326
581 615
387 421
452 468
171 180
343 371
154 166
397 425
298 324
654 690
903 918
258 271
918 938
537 559
172 195
444 452
285 324
984 993
669 689
814 838
760 766
460 478
530 536
784 798
19 37
237 261
114 137
48 69
136 160
98 107
755 766
174 227
168 181
187 215
656 678
442 454
625 646
4 40
132 167
669 688
22 39
341 364
57 68
420 433
853 859
542 576
878 890
83 120
891 897
794 802
621 644
250 253
919 924
839 883
893 901
529 540
916 926
662 677
72 89
969 998
668 694
793 799
676 748
90 110
925 971
109 158
31 58
400 419
246 254
122 128
760 763
288 307
782 784
801 819
430 442
366 377
190 217
116 148
462 480
209 246
712 760
461 477
88 107
70 93
128 165
443 463
676 731
84 102
819 840
900 910
676 712
334 366
10 26
931 949
294 317
347 362
49 69
184 227
60 73
939 947
546 574
503 523
113 157
276 291
102 138
353 378
185 219
90 106
68 98
542 580
232 260
315 341
696 724
139 160
597 625
375 415
650 660
456 491
827 875
526 528
690 713
395 422
678 702
97 109
73 90
544 549
651 658
74 86
758 765
344 357
118 146
195 220
799 818
9 30
912 929
46 53
218 242
49 73
444 450
651 663
275 288
213 246
540 555
928 954
108 155
94 123
8 33
449 481
594 617
823 830
455 482
217 251
587 600
403 418
459 474
797 815
694 704
798 815
793 796
116 134
906 932
114 155
526 529
936 943
85 124
169 192
778 786
813 828
848 878
528 540
597 627
65 74
190 227
812 853
935 960
104 154
46 52
119 141
802 815
187 219
688 712
881 890
258 281
901 910
440 462
265 273
921 960
547 570
97 102
694 716
336 369
941 972
214 243
291 328
811 850
542 557
81 88
766 781
240 265
44 49
343 373
42 64
411 420
938 977
289 310
210 239
781 792
502 522
538 550
293 316
452 475
546 556
57 72
343 356
769 777
936 966
117 145
802 824
614 624
849 875
554 583
918 932
666 691
594 610
25 54
606 623
41 58
939 988
588 606
664 675
441 461
63 75
362 399
374 383
907 933
848 877
77 86
556 593
170 200
431 441
294 312
23 43
65 78
755 763
172 201
439 461
813 852
898 912
475 505
839 875
494 521
39 47
450 487
539 549
694 726
322 344
113 142
926 967
539 552
62 77
828 874
937 957
59 71
924 976
783 793
790 804
95 105
15 34
678 706
929 979
758 769
929 954
820 852
657 689
168 205
619 643
855 893
681 698
591 609
321 338
173 200
417 432
649 668
341 370
347 358
237 266
540 579
690 732
428 445
696 740
739 754
932 963
552 590
172 193
937 959
828 875
195 216
455 481
255 278
198 208
99 113
469 510
348 365
798 822
79 88
695 731
927 948
287 313
286 324
764 781
84 110
606 636
91 124
67 87
45 59
591 613
161 171
407 420
498 526
696 697
283 301
734 760
758 767
903 915
78 99
774 791
828 858
47 80
801 821
665 690
468 512
936 944
457 476
446 453
259 280
62 72
82 96
899 913
658 680
159 171
3 31
582 602
53 67
403 422
113 152
467 496
839 862
603 629
813 827
913 932
910 930
22 46
926 966
220 250
48 77
267 276
301 313
117 144
911 921
931 962
936 961
82 99
289 304
340 366
168 196
540 577
682 700
634 642
18 46
675 709
617 620
590 599
826 889
369 381
147 163
601 625
344 371
541 568
269 278
900 918
477 504
460 480
694 727
65 82
497 523
480 500
59 73
170 175
322 346
171 183
905 931
831 854
55 68
813 829
401 419
904 907
64 69
941 966
287 321
822 841
280 296
356 387
640 662
688 743
17 35
971 998
122 152
448 455
109 150
304 349
355 409
905 935
539 565
3 26
225 239
457 489
541 569
899 916
651 661
112 138
883 896
896 898
592 602
690 715
254 274
92 125
183 213
806 819
150 165
644 658
704 758
692 735
53 78
593 608
362 387
344 350
834 873
674 732
687 747
655 689
752 767
168 179
9 32
211 246
490 510
25 49
303 345
539 560
40 54
49 80
16 28
751 772
114 127
57 67
19 34
359 411
846 874
248 260
830 870
897 911
896 897
862 891
382 425
295 313
425 436
224 248
379 425
366 380
588 609
850 871
312 346
364 405
471 499
505 526
465 511
799 815
810 851
831 868
543 551
784 803
566 596
144 161
672 675
82 97
33 65
449 493
970 992
898 910
838 889
639 662
442 453
659 696
67 95
529 546
846 860
463 488
299 309
689 704
12 33
828 885
451 473
333 356
825 865
384 421
921 965
230 267
813 844
596 609
104 129
583 614
368 379
931 970
682 715
746 753
695 719
317 343
541 558
232 261
216 239
851 858
218 232
327 338
107 136
645 668
552 585
811 845
172 178
697 753
824 825
985 993
249 260
545 571
292 318
102 146
183 215
941 961
383 426
884 894
830 882
605 622
102 132
660 673
109 148
597 621
902 909
922 978
540 570
621 641
771 775
923 962
349 359
8 27
340 350
587 598
688 707
291 320
108 133
124 134
895 901
686 701
366 409
291 309
30 49
833 873
602 619
282 286
938 988
39 51
936 955
362 388
684 732
99 124
91 121
611 626
521 531
830 885
470 497
631 647
983 990
325 334
669 687
668 690
254 277
628 637
169 204
794 808
53 71
591 599
14 46
796 810
923 942
778 787
590 600
195 218
407 419
602 634
101 109
763 781
928 978
183 209
923 987
206 231
356 394
933 961
920 940
580 591
338 363
105 142
852 885
779 789
415 436
906 923
362 385
939 942
344 359
533 548
327 335
432 447
452 485
638 658
573 586
342 353
143 162
684 720
762 767
902 912
587 608
614 628
125 129
265 277
837 866
222 246
206 243
824 852
622 650
665 688
59 72
338 373
247 257
831 879
198 210
443 452
420 435
388 419
850 855
897 917
81 95
358 395
679 728
536 551
372 401
797 820
455 493
809 841
593 601
847 889
923 975
429 444
543 572
400 422
413 419
931 943
357 389
465 499
451 474
290 330
435 442
911 929
600 636
623 653
699 752
702 761
17 46
170 191
122 129
369 395
895 899
791 798
666 692
245 257
37 53
84 109
680 708
217 241
916 931
563 585
235 269
545 579
777 787
950 995
444 449
22 27
978 998
638 666
182 221
667 696
936 969
336 362
279 299
802 809
872 892
300 315
89 107
907 928
115 145
10 28
678 701
673 711
799 824
696 741
472 496
349 355
830 871
427 440
377 416
806 811
615 620
506 521
692 700
348 370
114 129
38 56
420 427
215 231
30 53
925 982
490 500
607 621
340 370
57 75
549 595
777 790
365 411
692 739
777 795
155 160
96 119
542 578
51 79
941 977
296 303
935 952
121 136
689 737
109 155
541 561
690 735
452 488
249 265
977 1000
503 520
447 462
462 464
171 205
3 38
86 124
551 587
775 784
168 202
947 989
424 435
20 34
172 202
387 423
177 213
584 612
266 281
547 575
780 788
627 649
123 140
917 933
779 786
294 313
933 981
781 786
97 107
783 791
226 238
221 246
478 502
888 891
429 448
20 39
473 504
578 581
168 198
111 132
22 40
808 823
204 215
473 518
310 346
939 982
176 207
816 827
431 438
20 42
