1000 2000 25
17 62 26 177 25 19 39 120 112 13 10 28 100 5 5 10 23 63 6 7 17 60 2 43 11 
1 18
1 19
1 20
1 21
1 22
1 23
1 24
18 80
18 81
18 82
18 83
18 84
18 85
19 86
20 87
20 88
20 89
21 90
22 91
22 92
22 93
22 94
22 95
22 96
22 97
23 98
23 99
24 100
24 101
24 102
24 103
80 106
81 107
81 108
81 109
81 110
81 111
82 112
82 113
83 114
83 115
83 116
84 117
84 118
85 119
85 120
85 121
86 122
86 123
86 124
87 125
87 126
87 127
87 128
87 129
87 130
88 131
88 132
88 133
88 134
89 135
89 136
90 137
90 138
90 139
90 140
92 141
92 142
92 143
94 144
94 145
94 146
94 147
94 148
94 149
94 150
95 151
95 152
95 153
95 154
95 155
96 156
96 157
96 158
96 159
96 160
96 161
97 162
97 163
98 164
98 165
98 166
98 167
98 168
98 169
99 170
99 171
99 172
100 173
100 174
100 175
101 176
101 177
101 178
101 179
101 180
101 181
101 182
102 183
103 184
103 185
185 283
283 308
283 309
283 310
283 311
283 312
309 327
309 328
309 329
309 330
309 331
309 332
310 333
311 334
312 335
327 366
327 367
327 368
327 369
328 370
328 371
328 372
330 373
331 374
331 375
331 376
331 377
331 378
331 379
331 380
332 381
332 382
332 383
332 384
332 385
333 386
334 387
334 388
334 389
335 390
366 486
366 487
366 488
367 489
367 490
367 491
367 492
367 493
368 494
368 495
368 496
368 497
368 498
368 499
368 500
369 501
369 502
369 503
369 504
369 505
369 506
369 507
371 508
372 509
373 510
373 511
374 512
374 513
374 514
374 515
374 516
375 517
375 518
376 519
376 520
376 521
377 522
377 523
377 524
380 525
380 526
380 527
380 528
380 529
380 530
380 531
381 532
381 533
381 534
381 535
382 536
382 537
382 538
382 539
382 540
383 541
383 542
383 543
383 544
383 545
383 546
383 547
384 548
384 549
384 550
385 551
385 552
385 553
385 554
385 555
385 556
387 557
387 558
387 559
387 560
388 561
388 562
388 563
389 564
389 565
389 566
389 567
390 568
390 569
390 570
390 571
390 572
572 598
598 611
598 612
598 613
611 621
611 622
611 623
611 624
611 625
611 626
612 627
612 628
612 629
612 630
613 631
613 632
613 633
621 649
621 650
621 651
621 652
621 653
621 654
621 655
622 656
622 657
624 658
624 659
624 660
624 661
625 662
625 663
625 664
625 665
625 666
625 667
626 668
626 669
626 670
626 671
626 672
626 673
626 674
627 675
627 676
628 677
628 678
628 679
628 680
628 681
629 682
630 683
630 684
630 685
630 686
630 687
631 688
631 689
632 690
632 691
632 692
632 693
632 694
632 695
633 696
696 749
749 754
754 759
754 760
754 761
759 769
759 770
759 771
759 772
759 773
760 774
760 775
760 776
760 777
761 778
761 779
761 780
769 792
769 793
770 794
770 795
770 796
770 797
770 798
770 799
770 800
771 801
771 802
771 803
771 804
772 805
772 806
772 807
772 808
773 809
773 810
773 811
773 812
774 813
774 814
774 815
775 816
777 817
777 818
778 819
778 820
778 821
778 822
778 823
778 824
779 825
779 826
779 827
780 828
780 829
780 830
780 831
780 832
780 833
833 855
855 861
855 862
855 863
855 864
855 865
855 866
861 868
862 869
862 870
862 871
862 872
862 873
863 874
863 875
863 876
865 877
865 878
865 879
865 880
866 881
866 882
866 883
868 885
868 886
869 887
869 888
869 889
869 890
870 891
870 892
870 893
871 894
872 895
874 896
874 897
875 898
875 899
875 900
875 901
875 902
875 903
875 904
876 905
876 906
876 907
876 908
877 909
877 910
877 911
877 912
877 913
877 914
878 915
878 916
878 917
879 918
879 919
879 920
879 921
880 922
881 923
881 924
881 925
881 926
881 927
882 928
882 929
882 930
882 931
882 932
883 933
883 934
883 935
883 936
883 937
883 938
883 939
939 945
945 947
945 948
945 949
945 950
947 990
947 991
947 992
947 993
947 994
947 995
948 996
949 997
949 998
949 999
949 1000
951 990
952 990
953 990
954 990
955 991
956 991
957 991
958 992
959 992
960 993
961 993
962 993
963 993
964 994
965 994
966 994
967 994
968 995
969 995
970 995
971 995
972 995
973 995
974 996
975 996
976 997
977 998
978 998
979 998
980 999
981 999
982 999
983 1000
984 1000
985 1000
986 1000
987 1000
988 1000
989 1000
946 989
940 946
941 946
942 946
943 946
944 946
884 944
867 884
856 867
857 867
858 867
859 867
860 867
834 856
835 856
836 856
837 856
838 856
839 856
840 856
841 857
842 858
843 859
844 859
845 859
846 859
847 859
848 860
849 860
850 860
851 860
852 860
853 860
781 853
762 781
755 762
756 762
750 755
751 756
752 756
697 750
698 750
699 751
700 751
701 751
702 751
703 751
704 751
705 751
706 752
707 752
634 707
614 634
615 634
599 614
600 614
601 614
602 614
603 615
604 615
605 615
606 615
607 615
608 615
609 615
573 599
574 599
575 600
576 601
577 601
578 601
579 601
580 601
581 602
582 602
583 603
584 603
585 603
586 604
587 605
588 605
589 605
590 605
591 606
592 607
593 607
594 607
595 609
596 609
391 596
336 391
337 391
313 336
314 336
315 336
316 336
317 336
318 336
319 336
320 337
284 313
285 313
286 313
287 313
288 314
289 314
290 314
291 315
292 315
293 316
294 316
295 316
296 316
297 316
298 316
299 317
300 318
301 318
302 318
303 318
304 319
305 319
306 320
186 284
187 284
188 284
189 284
190 284
191 285
192 286
193 286
194 286
195 286
196 286
197 287
198 287
199 287
200 287
201 287
202 287
203 288
204 288
205 288
206 288
207 288
208 288
209 289
210 289
211 289
212 290
213 291
214 291
215 291
216 291
217 291
218 291
219 291
220 292
221 293
222 293
223 293
224 294
225 294
226 294
227 294
228 294
229 294
230 295
231 295
232 296
233 296
234 296
235 296
236 296
237 297
238 297
239 297
240 297
241 297
242 297
243 297
244 298
245 298
246 298
247 298
248 298
249 298
250 298
251 299
252 299
253 299
254 299
255 299
256 299
257 300
258 300
259 301
260 301
261 301
262 301
263 301
264 301
265 302
266 302
267 302
268 302
269 303
270 303
271 303
272 303
273 303
274 303
275 303
276 304
277 305
278 305
279 305
280 306
104 280
25 104
26 104
27 104
28 104
29 104
2 25
3 25
4 25
5 26
6 26
7 26
8 26
9 26
10 26
11 27
12 27
13 28
14 29
15 29
16 29
17 29
2 30
2 31
2 32
3 33
3 34
3 35
3 36
3 37
3 38
3 39
4 40
4 41
5 42
5 43
6 44
6 45
8 46
8 47
8 48
9 49
9 50
9 51
9 52
9 53
10 54
11 55
11 56
11 57
11 58
11 59
12 60
12 61
12 62
12 63
12 64
13 65
14 66
14 67
14 68
14 69
15 70
15 71
15 72
16 73
16 74
16 75
16 76
16 77
17 78
17 79
79 105
105 281
105 282
282 307
307 321
307 322
307 323
307 324
307 325
307 326
322 338
322 339
322 340
322 341
322 342
322 343
323 344
323 345
323 346
323 347
323 348
323 349
323 350
324 351
324 352
324 353
324 354
324 355
324 356
325 357
325 358
325 359
325 360
325 361
325 362
326 363
326 364
326 365
338 392
340 393
340 394
340 395
341 396
341 397
341 398
341 399
343 400
343 401
344 402
344 403
345 404
345 405
345 406
345 407
345 408
345 409
345 410
346 411
346 412
346 413
346 414
346 415
347 416
348 417
348 418
348 419
348 420
348 421
349 422
349 423
349 424
350 425
350 426
350 427
352 428
352 429
352 430
352 431
352 432
353 433
353 434
354 435
354 436
354 437
354 438
354 439
355 440
355 441
355 442
355 443
355 444
355 445
355 446
356 447
356 448
356 449
356 450
356 451
357 452
357 453
357 454
357 455
357 456
358 457
358 458
358 459
359 460
359 461
359 462
359 463
359 464
359 465
359 466
361 467
361 468
361 469
361 470
361 471
361 472
362 473
362 474
362 475
362 476
362 477
364 478
364 479
364 480
364 481
365 482
365 483
365 484
365 485
485 597
597 610
610 616
610 617
610 618
610 619
610 620
617 635
617 636
617 637
617 638
617 639
617 640
617 641
618 642
618 643
618 644
618 645
618 646
619 647
619 648
636 708
636 709
637 710
637 711
637 712
638 713
640 714
640 715
640 716
640 717
640 718
640 719
641 720
641 721
641 722
641 723
641 724
642 725
642 726
642 727
642 728
642 729
642 730
643 731
643 732
643 733
645 734
646 735
646 736
646 737
646 738
646 739
646 740
646 741
647 742
647 743
648 744
648 745
648 746
648 747
648 748
748 753
753 757
753 758
757 763
757 764
757 765
757 766
758 767
758 768
764 782
764 783
764 784
764 785
766 786
766 787
766 788
766 789
766 790
767 791
791 854
882 920
771 805
781 805
431 493
643 726
5 55
630 741
11 26
347 418
946 976
480 551
381 507
798 858
857 861
628 656
443 506
628 698
333 396
636 673
346 424
786 812
787 823
774 836
777 842
83 157
258 283
825 858
90 234
945 983
470 488
363 443
630 699
96 203
637 725
321 356
765 774
341 454
101 113
89 188
297 321
89 183
80 240
610 614
329 401
945 962
638 729
316 365
484 505
90 244
612 623
1 55
789 794
84 174
82 149
90 116
91 226
645 682
945 963
502 600
864 881
341 372
705 749
749 757
101 233
621 736
455 526
356 470
365 370
413 508
16 28
383 517
945 981
443 585
81 136
903 946
347 380
945 968
879 892
642 717
45 102
552 608
883 923
642 673
340 470
945 974
475 595
335 379
618 648
946 987
94 277
360 473
236 301
100 205
883 920
356 397
429 514
105 169
432 488
438 581
639 738
866 871
868 932
321 337
97 168
875 942
788 810
8 36
105 160
777 820
447 520
62 83
347 372
622 680
97 210
10 36
615 622
342 378
88 137
784 824
872 903
312 341
324 361
984 994
415 574
240 298
637 729
337 479
331 397
310 358
310 363
156 293
447 591
784 853
102 119
101 281
499 600
870 885
870 925
294 325
838 858
97 166
89 231
323 362
480 500
772 825
877 936
946 978
760 772
25 89
482 499
278 296
9 39
878 921
622 688
487 608
86 243
466 583
614 635
457 506
93 163
444 578
308 354
410 530
777 804
465 520
862 868
481 580
328 380
83 206
643 656
297 315
479 536
100 198
392 583
92 250
461 559
634 701
623 741
788 827
82 212
967 990
83 185
275 291
359 393
425 550
430 508
244 284
643 660
63 85
779 844
82 217
329 400
627 672
624 722
635 688
611 647
645 745
407 596
86 157
946 986
925 946
722 749
206 294
790 848
790 820
758 762
101 271
756 766
87 192
305 316
879 906
329 370
593 610
100 127
882 926
315 361
409 593
8 62
875 937
879 893
104 247
945 980
16 46
93 172
63 82
388 513
98 140
877 924
642 747
642 735
9 42
629 665
443 493
348 468
458 531
4 20
636 720
882 941
467 488
333 474
8 20
320 339
93 200
499 609
27 86
338 465
102 171
777 800
768 773
94 201
353 482
13 69
754 766
90 193
131 304
770 840
355 401
14 70
108 301
635 693
45 105
629 701
330 394
440 577
883 942
641 707
328 421
627 696
351 410
656 751
326 352
313 357
104 263
960 995
775 832
85 111
343 429
81 162
95 187
621 686
89 195
92 275
627 711
762 789
781 803
646 719
81 200
349 448
344 422
946 949
784 794
7 45
353 441
945 959
101 248
83 250
644 746
52 86
11 63
98 181
871 890
871 910
310 337
359 404
884 938
94 187
866 869
879 917
732 751
10 58
82 264
90 141
784 806
946 984
345 371
94 257
334 386
789 820
870 921
648 737
620 633
14 60
614 646
625 653
403 554
453 538
754 763
332 394
413 539
362 446
416 503
444 561
787 845
466 555
350 451
644 660
864 880
789 836
505 602
4 62
466 532
625 737
614 632
99 131
317 365
868 895
633 711
75 84
365 423
332 422
338 373
639 674
634 742
87 205
879 912
364 467
86 228
4 74
599 619
641 711
44 84
324 349
772 829
442 492
90 164
98 193
642 742
346 433
871 920
881 908
868 899
24 105
869 909
89 198
340 367
959 990
946 952
29 82
435 499
347 435
613 636
425 572
92 272
946 955
308 349
884 940
629 699
346 378
946 964
868 891
643 703
656 750
14 37
563 599
945 979
386 524
93 201
773 796
945 955
358 381
429 525
786 845
544 603
340 381
613 640
103 108
758 761
10 74
86 211
625 706
782 847
618 635
598 614
354 408
100 125
634 725
96 221
346 440
82 162
775 808
465 554
103 261
42 86
640 675
328 437
23 87
334 452
641 692
11 48
396 570
623 685
370 492
43 95
883 909
285 321
628 724
337 484
13 75
622 727
353 469
88 241
630 658
422 578
87 236
335 373
644 697
341 474
104 264
632 653
413 582
71 80
627 670
337 375
103 260
636 715
857 864
80 170
642 701
102 169
624 719
316 344
81 197
790 850
105 257
620 644
296 326
346 374
766 780
340 468
364 429
302 309
877 927
92 126
874 932
648 670
627 718
351 390
639 729
318 341
468 563
95 195
316 341
296 314
359 444
3 60
758 764
13 53
426 572
95 251
14 75
613 628
875 927
640 657
17 52
635 713
14 63
646 746
645 650
328 381
946 966
641 658
618 627
945 961
503 607
625 695
635 732
99 112
58 86
876 932
89 236
83 226
766 773
10 28
47 101
2 24
782 838
93 170
330 424
99 266
95 143
456 529
344 457
857 866
74 80
94 271
626 688
878 913
858 861
615 629
450 544
5 32
480 527
85 193
642 714
880 893
966 1000
3 78
361 428
333 450
414 585
96 262
827 857
858 863
343 431
291 321
629 683
441 495
81 167
268 289
348 383
85 218
978 991
638 668
633 725
781 800
360 410
625 718
349 469
83 231
481 584
315 353
629 703
335 427
623 651
874 927
644 690
637 687
584 605
315 334
620 631
93 145
363 448
13 29
416 537
866 868
80 212
332 420
643 679
319 347
884 920
444 534
82 181
101 127
12 24
416 509
637 695
88 193
93 160
102 180
11 45
872 944
872 909
873 891
87 182
549 605
874 887
946 956
648 652
780 816
355 429
640 741
85 224
330 479
102 197
100 131
343 376
94 152
84 195
332 380
356 393
331 433
338 401
87 190
764 770
291 314
98 211
873 911
357 461
639 693
310 329
882 927
599 615
4 31
610 612
609 620
595 603
104 225
765 779
881 942
801 858
768 778
83 268
91 185
786 799
463 520
89 129
295 314
87 163
330 421
445 545
15 78
301 309
773 797
98 116
102 181
10 55
367 559
369 565
452 544
365 462
203 305
945 977
103 156
93 127
767 774
88 247
92 208
401 576
97 205
331 370
630 706
355 392
946 957
17 19
348 474
946 985
98 223
456 495
14 32
105 176
7 60
88 116
621 728
444 540
774 827
869 934
14 38
93 269
875 931
385 505
338 472
645 700
416 594
628 665
323 360
337 443
385 549
620 635
351 445
96 276
290 320
769 802
773 847
989 990
622 725
625 657
880 923
5 66
363 440
628 660
83 186
611 632
776 826
66 103
432 511
480 580
811 860
83 265
754 767
83 181
6 20
621 664
647 681
422 520
867 874
78 99
411 560
868 898
59 95
774 829
104 255
442 521
460 564
945 986
778 847
639 718
872 885
634 745
883 886
646 727
945 952
432 515
878 927
464 508
60 86
100 223
763 775
625 650
103 202
637 707
946 977
103 270
92 107
770 819
641 693
372 550
345 388
81 188
644 696
448 555
101 117
10 71
945 956
362 438
345 461
102 135
361 392
16 60
631 728
356 461
435 520
85 131
104 120
945 989
874 916
647 653
874 902
463 497
425 568
613 644
322 360
829 856
353 472
104 259
636 713
2 21
622 649
781 851
783 798
95 128
946 950
92 193
86 106
449 491
769 817
544 609
613 637
549 602
61 82
340 387
776 838
646 670
828 855
787 795
4 48
620 632
791 813
5 71
361 395
426 488
432 587
641 683
759 787
91 263
343 388
83 260
1 48
349 390
317 337
323 333
623 728
392 517
203 294
460 501
87 203
94 120
319 334
459 491
80 144
349 391
432 576
91 126
877 931
884 929
682 749
458 583
300 325
636 668
90 205
93 274
383 585
485 491
334 461
354 418
623 747
624 729
884 930
53 98
102 278
330 466
946 971
91 227
329 447
94 254
634 672
838 855
325 333
883 927
95 140
473 563
15 65
340 441
773 800
404 537
7 76
335 436
448 489
612 646
443 583
623 727
946 970
52 89
466 533
6 64
771 798
368 530
116 298
98 127
361 415
101 221
206 302
84 227
772 853
873 921
81 181
764 789
617 625
355 388
784 821
5 19
376 572
90 129
467 539
361 403
350 479
946 982
786 807
787 829
638 695
94 165
311 329
161 296
880 887
96 131
646 701
355 380
435 557
341 412
419 486
759 776
647 652
774 798
625 741
94 114
16 68
632 699
465 505
946 973
57 91
438 573
5 40
346 485
80 157
775 853
621 688
949 994
455 500
627 649
880 928
330 455
7 25
12 31
876 889
334 450
876 921
622 650
352 449
97 190
349 404
341 457
778 852
482 507
334 476
639 725
99 129
100 273
844 860
340 465
416 531
760 781
356 370
864 875
302 316
863 868
327 396
311 332
84 146
644 744
82 168
636 652
620 627
945 967
751 757
343 434
883 944
261 299
628 712
453 501
785 793
271 305
104 181
636 691
25 80
423 527
3 56
330 389
778 825
634 652
958 990
623 699
97 112
614 628
946 961
226 304
875 905
781 796
342 399
611 629
626 738
285 322
338 484
874 885
759 788
946 967
384 591
642 746
880 895
784 833
81 178
878 924
84 202
872 904
154 293
95 220
644 674
80 113
285 316
84 165
329 369
8 49
785 831
