1000 4000 50
1 2 1 1 1 4 1 2 5 13 55 1 6 21 1 7 29 2 7 31 5 8 33 60 20 12 18 85 12 6 18 69 33 10 6 16 91 12 7 19 113 12 8 14 61 2 4 11 43 1 
1 2
1 3
2 4
4 5
5 6
6 7
6 8
6 9
6 10
9 11
11 12
11 13
12 14
12 15
12 16
12 17
13 18
14 19
14 20
14 21
15 22
15 23
16 24
18 25
18 26
18 27
18 28
18 29
18 30
18 31
19 32
20 33
20 34
20 35
20 36
20 37
20 38
20 39
21 40
21 41
21 42
22 43
22 44
22 45
22 46
22 47
22 48
23 49
23 50
23 51
23 52
23 53
23 54
24 55
24 56
25 57
26 58
26 59
26 60
26 61
26 62
26 63
26 64
27 65
27 66
27 67
27 68
27 69
28 70
29 71
29 72
29 73
29 74
30 75
30 76
30 77
30 78
30 79
30 80
31 81
31 82
31 83
31 84
31 85
31 86
86 87
87 88
87 89
87 90
87 91
87 92
87 93
88 94
88 95
88 96
88 97
89 98
89 99
89 100
89 101
89 102
89 103
89 104
90 105
91 106
91 107
91 108
91 109
91 110
92 111
92 112
93 113
93 114
114 115
115 116
115 117
115 118
115 119
115 120
115 121
115 122
116 123
116 124
116 125
116 126
116 127
116 128
116 129
117 130
117 131
117 132
117 133
118 134
118 135
118 136
118 137
118 138
119 139
119 140
119 141
120 142
120 143
120 144
121 145
121 146
121 147
121 148
121 149
121 150
150 152
152 154
152 155
152 156
152 157
152 158
152 159
154 161
154 162
154 163
154 164
154 165
154 166
154 167
155 168
155 169
155 170
155 171
155 172
156 173
156 174
156 175
156 176
158 177
158 178
159 179
159 180
159 181
159 182
159 183
159 184
159 185
185 192
192 197
192 198
192 199
192 200
192 201
192 202
192 203
197 205
197 206
197 207
197 208
197 209
198 210
198 211
198 212
199 213
199 214
199 215
199 216
199 217
199 218
199 219
200 220
200 221
200 222
200 223
200 224
200 225
200 226
201 227
201 228
202 229
203 230
203 231
203 232
203 233
203 234
203 235
203 236
236 238
238 298
238 299
298 318
298 319
299 320
299 321
299 322
318 330
318 331
318 332
318 333
319 334
319 335
319 336
319 337
320 338
320 339
320 340
320 341
320 342
320 343
320 344
322 345
322 346
330 348
330 349
330 350
330 351
330 352
330 353
331 354
331 355
331 356
331 357
331 358
333 359
333 360
333 361
333 362
334 363
334 364
334 365
334 366
334 367
334 368
334 369
335 370
336 371
336 372
336 373
337 374
337 375
337 376
337 377
337 378
337 379
338 380
339 381
339 382
339 383
339 384
339 385
339 386
340 387
340 388
340 389
340 390
340 391
341 392
343 393
343 394
343 395
343 396
346 397
346 398
346 399
346 400
346 401
401 433
433 445
433 446
433 447
433 448
445 451
445 452
445 453
445 454
445 455
446 456
446 457
446 458
446 459
446 460
448 461
448 462
448 463
448 464
448 465
448 466
448 467
452 469
452 470
452 471
452 472
452 473
453 474
453 475
453 476
453 477
453 478
453 479
453 480
454 481
454 482
454 483
455 484
455 485
457 486
457 487
457 488
457 489
457 490
458 491
458 492
458 493
458 494
458 495
458 496
459 497
459 498
459 499
459 500
459 501
459 502
459 503
460 504
460 505
461 506
461 507
461 508
462 509
462 510
462 511
462 512
462 513
462 514
462 515
463 516
463 517
463 518
463 519
464 520
464 521
464 522
464 523
464 524
466 525
466 526
466 527
466 528
466 529
467 530
467 531
467 532
467 533
467 534
467 535
467 536
536 538
538 571
571 581
571 582
571 583
581 587
581 588
581 589
581 590
581 591
582 592
582 593
582 594
582 595
582 596
582 597
582 598
583 599
583 600
583 601
587 603
587 604
588 605
588 606
588 607
589 608
590 609
590 610
591 611
591 612
591 613
592 614
592 615
592 616
592 617
593 618
593 619
593 620
593 621
593 622
593 623
593 624
594 625
595 626
595 627
595 628
596 629
596 630
596 631
596 632
596 633
596 634
596 635
597 636
597 637
597 638
597 639
597 640
598 641
598 642
598 643
598 644
598 645
599 646
599 647
599 648
599 649
600 650
601 651
601 652
601 653
653 694
694 706
694 707
694 708
706 713
706 714
706 715
706 716
706 717
706 718
707 719
707 720
707 721
707 722
707 723
707 724
708 725
708 726
708 727
708 728
708 729
708 730
713 732
713 733
713 734
713 735
714 736
714 737
714 738
714 739
714 740
714 741
714 742
715 743
715 744
715 745
715 746
715 747
716 748
716 749
716 750
716 751
716 752
716 753
716 754
717 755
717 756
717 757
718 758
718 759
718 760
718 761
718 762
718 763
719 764
719 765
719 766
719 767
719 768
719 769
720 770
720 771
721 772
723 773
724 774
724 775
724 776
724 777
724 778
724 779
724 780
725 781
725 782
725 783
726 784
726 785
726 786
726 787
726 788
726 789
726 790
727 791
727 792
728 793
729 794
729 795
729 796
730 797
730 798
730 799
730 800
730 801
730 802
802 845
845 857
845 858
845 859
845 860
845 861
857 865
857 866
857 867
857 868
857 869
858 870
859 871
859 872
859 873
859 874
859 875
859 876
861 877
865 879
865 880
865 881
865 882
865 883
865 884
865 885
866 886
866 887
866 888
866 889
866 890
867 891
868 892
868 893
868 894
868 895
868 896
868 897
869 898
869 899
870 900
870 901
870 902
870 903
870 904
871 905
871 906
871 907
871 908
871 909
871 910
872 911
873 912
873 913
873 914
873 915
873 916
873 917
874 918
874 919
874 920
874 921
875 922
875 923
875 924
875 925
876 926
876 927
876 928
877 929
877 930
877 931
877 932
932 940
940 942
940 943
940 944
943 946
943 947
943 948
943 949
943 950
943 951
943 952
944 953
944 954
944 955
947 957
947 958
948 959
948 960
948 961
948 962
948 963
948 964
948 965
949 966
949 967
949 968
949 969
950 970
950 971
951 972
951 973
951 974
952 975
952 976
952 977
952 978
952 979
953 980
953 981
953 982
953 983
953 984
953 985
953 986
954 987
954 988
954 989
954 990
954 991
955 992
955 993
955 994
994 1000
995 1000
996 1000
997 1000
998 1000
999 1000
956 999
945 956
941 945
933 941
934 941
935 941
936 941
937 941
938 941
939 941
878 939
862 878
863 878
864 878
846 862
847 862
848 862
849 863
850 863
851 864
852 864
853 864
854 864
855 864
856 864
803 847
804 847
805 847
806 848
807 848
808 848
809 848
810 848
811 848
812 850
813 850
814 850
815 850
816 850
817 851
818 852
819 852
820 853
821 853
822 853
823 853
824 853
825 853
826 854
827 854
828 854
829 854
830 854
831 854
832 855
833 855
834 855
835 855
836 855
837 855
838 855
839 856
840 856
841 856
842 856
843 856
844 856
731 844
709 731
710 731
711 731
712 731
695 709
696 709
697 709
698 709
699 710
700 710
701 711
702 711
703 711
704 711
705 712
654 695
655 695
656 695
657 695
658 695
659 695
660 695
661 697
662 698
663 698
664 699
665 699
666 699
667 699
668 700
669 700
670 700
671 700
672 700
673 701
674 701
675 701
676 703
677 703
678 703
679 703
680 703
681 703
682 704
683 704
684 704
685 704
686 704
687 705
688 705
689 705
690 705
691 705
692 705
693 705
602 693
584 602
585 602
586 602
572 584
573 584
574 584
575 584
576 584
577 585
578 585
579 585
580 585
539 572
540 572
541 573
542 573
543 573
544 573
545 574
546 575
547 575
548 576
549 576
550 576
551 576
552 576
553 576
554 576
555 577
556 577
557 577
558 577
559 577
560 577
561 577
562 578
563 578
564 578
565 578
566 580
567 580
568 580
569 580
570 580
537 570
468 537
449 468
450 468
434 449
435 449
436 449
437 449
438 449
439 449
440 450
441 450
442 450
443 450
444 450
402 434
403 434
404 434
405 434
406 435
407 435
408 435
409 435
410 435
411 436
412 436
413 436
414 437
415 439
416 440
417 440
418 440
419 440
420 441
421 441
422 441
423 443
424 443
425 443
426 443
427 443
428 443
429 444
430 444
431 444
432 444
347 432
323 347
324 347
325 347
326 347
327 347
328 347
329 347
300 323
301 323
302 323
303 324
304 324
305 324
306 324
307 324
308 325
309 325
310 325
311 325
312 326
313 326
314 327
315 327
316 327
317 329
239 300
240 300
241 300
242 300
243 300
244 300
245 300
246 301
247 301
248 301
249 301
250 301
251 301
252 302
253 302
254 302
255 302
256 302
257 304
258 306
259 306
260 306
261 306
262 307
263 307
264 307
265 308
266 308
267 308
268 308
269 308
270 308
271 309
272 309
273 310
274 310
275 310
276 312
277 312
278 312
279 312
280 312
281 314
282 314
283 314
284 314
285 314
286 314
287 316
288 316
289 316
290 316
291 316
292 316
293 317
294 317
295 317
296 317
297 317
237 297
204 237
193 204
194 204
195 204
196 204
186 193
187 195
188 196
189 196
190 196
191 196
160 191
153 160
151 153
346 366
725 779
467 494
872 916
591 683
730 774
731 732
857 873
231 263
848 861
321 335
160 166
156 191
156 162
460 485
595 688
714 765
343 398
484 538
873 900
227 275
723 829
442 445
198 231
722 830
207 257
875 926
342 391
456 470
202 206
708 722
589 681
723 770
155 166
784 845
725 841
333 354
90 99
29 48
315 322
707 716
578 584
485 552
313 322
341 413
126 153
327 336
125 153
709 713
467 524
724 790
317 321
448 452
334 409
468 471
218 255
447 451
122 135
201 212
870 888
715 827
233 245
155 189
409 437
154 171
342 415
601 609
206 281
90 95
951 964
200 231
956 995
719 801
496 552
321 346
21 78
707 730
490 557
215 272
874 895
822 845
234 266
328 330
19 68
717 842
24 66
463 522
14 23
460 474
593 610
116 133
262 311
28 67
152 160
117 129
309 322
232 250
719 831
719 809
347 355
865 895
720 757
956 957
19 44
279 302
591 678
157 168
714 766
948 976
27 43
516 565
848 858
471 570
333 393
90 100
461 522
951 976
209 238
221 245
722 766
577 581
872 885
321 334
234 264
345 360
954 964
92 105
17 19
725 814
345 424
335 429
601 622
877 919
719 737
669 705
590 677
720 827
875 908
599 632
595 645
158 166
454 537
120 134
457 511
211 253
199 212
940 945
341 374
339 367
717 762
723 760
451 494
31 74
724 744
876 930
497 542
29 77
717 770
188 193
948 978
120 135
194 200
89 107
865 914
731 783
455 515
24 50
877 901
222 297
216 288
337 398
7 11
453 487
343 350
334 350
229 245
711 715
724 762
438 446
953 964
202 209
347 370
465 535
946 963
320 331
334 429
198 236
30 83
203 220
212 272
195 202
723 795
468 500
373 444
601 616
877 906
867 898
624 701
725 741
459 529
853 857
706 728
486 550
722 789
703 712
197 225
861 876
340 366
344 372
712 719
599 639
599 668
465 499
13 17
126 152
862 866
950 984
515 539
725 784
29 84
205 261
317 323
451 536
856 858
591 688
717 783
356 435
209 281
497 544
454 490
592 669
203 212
116 144
176 196
199 209
232 240
715 758
337 417
719 797
591 646
457 485
461 524
869 929
342 360
595 631
459 513
728 790
159 165
956 963
724 784
699 712
700 707
202 221
946 996
26 44
10 11
587 664
447 468
726 752
789 854
93 105
947 977
461 484
197 222
478 557
158 189
719 782
711 718
731 840
574 586
726 769
869 924
554 579
481 544
339 389
953 979
598 605
854 860
852 858
26 77
207 266
455 524
897 940
947 993
719 821
88 109
119 134
595 660
100 115
501 546
333 365
177 195
330 368
333 400
949 988
947 973
453 526
714 778
25 79
213 273
538 577
29 57
730 752
587 606
709 720
954 970
159 172
589 628
292 302
871 903
727 824
791 847
725 832
452 494
585 597
122 142
600 642
776 846
618 702
229 284
877 883
460 477
332 394
860 869
462 517
587 651
520 565
463 471
27 70
434 446
865 939
950 969
948 973
952 959
451 477
595 652
596 655
953 989
592 677
581 598
953 959
343 348
327 330
600 685
594 630
227 266
160 165
948 992
237 266
19 86
878 933
599 676
562 573
519 568
439 446
217 263
187 192
873 926
399 443
952 964
240 309
713 842
860 870
118 140
942 950
717 777
877 902
950 968
301 325
723 799
201 217
870 899
951 993
338 394
259 303
231 260
769 845
871 888
459 509
121 132
449 461
860 868
460 533
945 954
264 305
594 606
591 641
720 815
949 963
234 289
22 38
720 779
445 464
956 959
258 302
877 891
716 780
335 394
202 233
268 298
25 76
602 680
594 670
715 835
210 291
596 679
338 405
88 100
91 104
205 273
8 11
730 776
318 343
453 507
461 537
716 739
215 252
600 682
339 432
157 170
30 37
728 772
338 379
601 633
627 700
117 143
715 751
336 366
461 496
446 453
345 382
592 648
218 244
878 900
234 292
602 603
946 999
198 215
725 737
338 378
20 44
457 484
593 643
720 789
876 922
599 671
457 513
951 983
204 220
469 566
486 541
449 463
900 941
23 72
589 685
199 227
406 436
475 558
730 839
226 296
588 669
269 305
448 468
483 567
717 808
235 239
205 251
276 309
581 594
343 397
584 589
155 175
26 70
717 747
347 384
726 774
600 672
498 551
602 634
26 41
590 681
450 461
449 454
586 597
876 932
89 114
731 776
867 921
201 218
451 500
728 843
340 363
721 775
708 724
873 934
717 765
160 170
448 454
724 770
602 673
336 356
226 270
337 430
877 928
26 46
465 490
20 78
217 285
153 159
199 231
460 484
872 906
728 807
875 912
232 259
14 22
199 229
231 283
585 598
522 568
336 359
590 676
195 200
595 630
21 67
3 4
248 316
342 382
223 240
210 274
467 503
602 647
119 136
588 611
728 803
731 829
415 436
24 67
477 542
197 228
333 427
343 411
153 155
756 845
344 355
450 457
91 96
279 311
345 359
715 752
720 842
546 573
858 872
456 506
330 398
717 814
724 825
302 328
21 65
711 726
199 230
238 304
217 259
346 387
505 567
183 196
454 489
346 415
120 132
465 530
233 263
204 223
27 53
950 974
862 870
549 579
467 479
214 272
458 481
17 20
656 705
947 985
203 225
676 701
845 862
347 413
955 979
942 947
17 30
445 458
720 838
117 150
266 314
665 696
600 658
875 895
523 553
479 566
339 349
721 815
729 770
712 713
878 892
324 343
23 79
595 607
265 304
867 934
449 453
18 23
452 484
460 527
210 265
468 485
596 613
333 382
728 747
212 240
713 824
217 262
710 729
93 102
717 796
461 533
198 229
197 233
715 734
721 784
455 487
717 775
26 53
117 124
337 431
455 471
731 752
303 328
781 850
948 980
139 152
330 359
877 936
27 83
723 804
591 623
313 323
458 477
950 989
343 417
601 672
343 389
588 672
710 713
708 720
548 579
30 82
589 632
291 302
119 130
19 50
205 276
546 580
877 911
877 937
587 689
203 214
595 655
468 492
203 224
480 552
598 613
20 86
516 567
591 650
156 163
120 145
208 247
17 26
218 239
116 140
731 798
744 850
719 807
592 691
862 872
866 926
331 375
719 824
717 759
227 261
339 410
455 508
729 791
339 363
232 296
955 995
956 983
538 573
343 401
725 761
861 867
333 404
23 56
866 895
717 812
326 338
717 763
119 143
602 645
725 754
298 329
594 656
201 215
725 755
714 760
655 700
700 708
333 376
157 178
865 924
645 701
330 366
226 297
26 83
331 429
320 347
956 972
314 324
346 348
22 39
342 350
853 861
214 289
454 501
874 888
956 979
177 192
455 504
867 885
468 484
713 803
93 107
596 609
202 228
344 419
331 423
588 623
209 246
726 739
157 167
727 778
465 487
120 146
729 803
726 806
707 714
871 913
592 622
465 506
121 123
453 523
160 168
275 317
342 367
212 280
204 234
873 911
89 111
342 423
457 470
872 898
21 81
469 563
954 965
314 325
582 591
448 457
334 378
721 839
869 936
867 909
951 958
335 405
720 767
866 937
721 781
730 748
870 885
952 958
156 178
948 972
336 418
26 49
599 619
330 427
14 31
212 266
204 230
473 566
709 714
942 949
594 648
875 891
595 671
723 746
212 282
220 239
447 454
580 582
945 955
503 569
821 852
448 453
583 593
215 240
198 207
583 591
451 483
155 180
452 488
275 302
722 820
388 441
117 148
878 883
594 610
459 525
338 420
951 994
198 216
447 462
947 990
597 648
950 996
90 108
874 934
865 929
436 445
461 501
869 895
90 98
382 438
867 916
91 98
451 535
20 56
713 776
597 624
340 352
460 529
454 529
155 162
524 552
492 539
457 519
447 463
466 500
949 990
697 712
339 406
119 127
409 433
468 527
338 430
334 377
337 391
462 496
599 681
713 817
121 140
344 348
25 41
460 516
332 430
723 833
767 855
228 281
226 262
315 324
345 374
17 31
598 603
692 694
25 70
345 365
336 388
30 64
454 480
215 247
337 350
714 826
305 323
952 968
446 455
505 539
226 283
160 175
221 264
210 263
599 692
585 589
866 929
346 384
718 770
592 633
695 707
869 888
715 741
945 946
839 849
339 420
325 345
634 700
331 403
275 308
777 847
600 656
447 459
401 442
598 660
310 318
725 837
954 977
721 837
590 658
24 45
338 349
869 906
173 192
954 998
19 37
200 208
21 71
343 430
726 749
253 311
228 292
871 886
120 123
724 789
235 261
153 156
592 661
17 23
602 643
954 960
601 614
326 341
222 261
488 560
709 723
521 539
869 926
867 900
332 429
447 461
19 63
463 491
206 267
515 549
460 500
947 967
436 447
124 152
212 267
342 365
584 595
221 257
730 763
140 152
197 224
453 484
205 280
949 961
158 183
869 927
320 346
880 941
159 175
212 264
662 705
946 991
478 567
465 482
954 978
729 830
337 418
230 252
156 179
458 535
225 244
227 265
19 72
119 123
728 782
335 418
867 902
21 33
878 919
727 815
235 277
729 771
956 981
719 836
159 166
468 487
339 372
457 510
600 659
942 948
203 217
160 163
877 889
415 444
867 930
214 296
727 786
871 921
335 385
601 663
718 767
225 285
200 217
347 402
464 534
364 443
15 21
459 526
334 373
337 419
587 624
786 847
723 802
873 897
20 43
601 692
154 182
515 538
952 980
876 931
947 983
871 930
224 252
31 60
345 412
92 109
223 265
500 553
462 503
947 975
874 901
225 247
947 979
580 583
877 882
602 642
875 917
266 316
451 530
956 993
90 112
92 95
450 466
599 643
91 111
468 510
586 595
342 428
944 948
209 252
866 913
956 974
744 849
155 179
31 73
528 552
755 851
215 267
23 67
347 367
722 839
286 299
590 653
336 380
731 794
344 422
508 557
712 726
612 701
205 285
602 620
728 775
119 133
873 909
217 296
235 257
301 322
451 491
88 98
287 306
726 760
222 277
340 382
159 190
512 539
715 759
730 739
532 549
204 215
460 482
232 275
231 252
159 191
730 842
723 792
863 876
340 406
347 353
584 588
599 621
466 534
482 542
321 338
588 670
867 918
598 624
690 701
230 244
26 86
338 393
874 883
589 693
303 329
589 657
14 27
624 697
92 102
440 447
948 984
157 179
956 966
157 182
718 795
696 710
234 285
515 551
726 740
717 753
720 801
673 698
203 228
876 903
851 861
511 547
449 452
491 568
316 318
400 436
451 471
770 846
592 628
325 344
716 834
955 990
727 801
20 45
235 243
203 237
337 381
600 692
588 679
875 901
467 492
18 24
197 231
871 925
467 516
221 275
24 37
857 870
462 481
641 699
722 807
19 70
724 821
500 545
729 759
716 767
598 665
459 486
575 581
869 938
451 501
470 550
863 866
856 863
718 779
715 810
721 821
23 81
458 509
230 272
465 495
344 353
570 573
479 548
871 897
28 64
724 768
721 740
589 619
213 293
93 104
234 258
710 727
945 947
229 289
592 629
599 687
717 834
328 333
446 454
948 958
467 475
198 221
460 515
731 769
863 877
942 953
718 817
335 363
726 737
543 576
870 886
714 753
12 18
720 763
209 291
396 434
600 674
590 689
571 584
718 787
878 885
30 85
561 575
333 384
467 499
583 597
582 587
714 793
444 446
299 325
534 546
722 749
153 154
338 376
241 309
913 940
20 55
449 465
602 635
339 419
509 544
720 835
116 139
705 706
591 633
721 820
723 755
156 184
593 683
455 474
332 360
722 760
251 315
867 910
238 301
869 931
342 371
954 966
599 627
27 51
731 832
339 404
944 956
223 296
589 640
88 102
717 773
460 492
93 95
458 472
597 613
715 754
599 691
160 174
561 579
872 879
582 588
720 823
26 52
586 596
479 569
23 38
18 20
595 664
870 881
157 161
201 214
25 83
673 696
345 403
946 975
878 932
730 817
724 759
210 284
231 257
231 261
196 199
588 639
332 381
591 652
867 899
338 365
200 237
338 416
956 973
462 535
195 201
496 546
592 671
179 193
237 289
338 370
201 216
458 490
339 350
233 283
211 287
341 427
337 373
25 49
252 312
226 276
158 162
878 938
338 353
718 756
481 566
323 345
341 350
256 305
717 768
867 938
204 224
596 674
21 70
595 636
447 466
14 29
451 528
160 169
25 73
235 265
198 235
870 915
451 514
222 290
715 766
119 149
459 514
196 201
341 432
724 771
865 893
14 30
333 394
466 532
875 900
596 620
335 356
598 657
874 917
801 846
190 192
723 810
555 572
333 425
339 388
202 225
594 678
723 842
199 236
339 428
346 359
721 817
347 378
285 301
724 746
876 921
948 971
20 66
586 589
337 362
782 850
496 542
159 188
30 42
216 283
226 268
599 685
954 962
714 785
568 572
955 964
590 666
725 827
91 102
27 64
717 837
347 366
347 429
455 506
712 725
156 172
216 269
793 849
454 506
586 592
205 254
725 844
154 183
712 715
869 934
27 33
954 997
211 280
205 263
349 436
160 187
479 556
873 903
445 460
209 257
16 28
876 884
868 918
452 533
729 733
341 367
727 844
206 238
486 544
851 858
721 777
556 576
207 261
18 19
483 553
596 619
955 981
941 942
664 698
619 695
713 820
23 83
723 768
156 171
347 396
467 495
467 500
715 801
941 944
17 27
215 285
308 329
953 988
590 629
331 427
93 97
333 413
449 464
222 296
595 640
278 300
93 101
730 783
589 690
203 226
873 890
448 455
869 902
297 300
450 462
588 619
594 629
159 164
726 810
956 994
859 878
211 263
596 643
535 548
953 978
348 438
93 110
122 129
319 339
602 616
602 691
176 194
340 421
332 363
858 875
110 115
930 941
846 864
345 353
26 51
726 832
446 466
223 241
92 101
720 762
265 315
724 766
248 303
530 542
30 84
874 904
258 309
447 456
617 696
726 831
775 849
198 222
315 328
25 58
198 234
233 265
718 793
331 400
303 319
716 772
598 669
156 161
117 149
324 344
601 660
311 327
201 213
585 587
449 459
866 920
489 550
876 936
719 759
330 389
159 177
19 84
92 106
723 743
317 327
955 984
718 739
774 846
453 472
90 106
427 438
202 236
463 476
574 582
953 966
347 391
729 757
343 375
226 292
339 423
596 680
340 360
707 731
716 742
872 892
28 71
948 997
205 289
214 249
726 793
453 524
592 612
592 663
88 111
235 252
215 281
200 212
627 696
723 737
721 799
158 188
484 551
731 806
196 203
719 749
467 504
25 56
343 349
411 434
867 936
706 720
338 383
159 162
174 195
708 717
871 926
216 249
875 898
724 751
455 531
466 511
951 957
532 544
454 509
21 34
587 671
332 357
711 722
204 225
697 711
868 898
470 567
953 991
871 894
17 21
329 332
355 436
195 199
949 980
343 368
875 935
874 915
713 743
953 995
856 857
457 505
598 661
214 245
703 707
158 184
586 591
876 911
952 990
589 622
595 603
514 539
727 816
231 265
27 42
592 631
309 327
117 125
169 193
325 333
28 82
601 678
327 341
343 409
439 448
281 313
473 555
345 420
868 917
223 272
333 417
752 855
715 739
487 555
590 650
192 204
485 548
31 37
601 625
869 904
591 691
118 141
337 423
875 930
585 591
159 176
944 950
709 725
599 608
715 762
118 126
454 487
120 127
956 980
729 821
515 561
459 494
463 524
31 57
953 997
946 988
14 24
334 395
597 666
721 795
335 396
496 560
142 152
597 693
724 842
15 29
234 295
202 226
724 801
955 973
467 522
466 523
21 50
852 862
869 922
923 941
27 39
628 695
338 360
222 254
592 654
197 218
197 210
227 296
330 416
451 476
720 772
233 277
336 369
951 988
231 262
773 852
625 697
873 891
483 543
543 580
496 561
231 277
593 627
720 784
589 689
714 761
321 345
345 422
462 518
457 478
946 978
286 311
725 733
342 414
878 888
317 322
289 312
722 772
334 371
365 435
589 634
220 266
22 66
306 319
848 859
727 831
326 346
819 853
235 263
499 555
295 305
860 876
459 504
341 400
408 434
89 110
458 536
335 412
467 487
211 296
867 901
713 833
205 245
873 924
15 25
788 852
599 637
200 236
509 551
725 794
456 491
341 417
730 762
729 819
532 545
873 893
229 294
728 765
347 403
873 879
384 441
465 507
878 886
230 238
721 741
623 704
730 746
874 886
195 203
300 320
709 718
710 723
870 937
731 766
257 316
122 125
226 265
724 797
718 841
347 386
591 615
88 114
714 813
461 479
24 68
518 567
727 823
721 745
699 706
310 328
978 1000
869 912
435 447
13 15
31 67
589 607
333 373
877 905
583 587
321 344
31 48
332 368
714 758
347 415
199 226
220 282
322 341
236 297
951 969
949 964
213 291
818 847
579 583
460 521
335 369
451 520
116 149
464 492
358 438
722 768
953 996
586 590
23 63
955 996
92 107
19 85
230 296
593 634
459 474
946 962
593 604
201 236
221 278
22 65
335 390
117 138
530 567
708 713
334 431
118 142
338 355
345 411
236 273
600 690
211 239
249 309
711 721
712 720
873 919
468 506
598 667
595 658
452 523
471 568
247 310
444 449
464 518
618 701
121 137
159 163
595 692
956 982
209 259
201 222
92 114
947 960
862 868
595 614
199 234
236 251
954 984
219 255
718 807
727 835
197 221
714 733
214 253
953 987
219 261
597 675
307 321
277 301
713 808
589 643
858 869
197 230
23 59
953 961
211 261
227 263
21 57
198 206
526 544
949 984
729 758
235 292
602 609
869 909
596 625
230 278
593 660
318 346
155 188
599 675
118 131
527 557
871 891
21 51
215 278
30 40
437 446
723 843
460 525
464 490
319 331
571 585
600 633
858 874
16 22
466 481
587 618
331 394
713 742
88 110
716 771
23 39
722 743
587 643
278 313
726 779
345 352
24 54
590 614
727 806
117 145
729 815
223 263
547 580
230 271
723 736
956 964
451 515
198 224
345 407
231 280
601 628
582 602
872 926
320 337
831 851
346 422
254 308
25 65
509 561
318 334
219 245
596 627
728 828
507 567
720 734
654 694
91 99
878 923
724 754
160 182
508 569
863 868
943 954
454 476
346 353
717 734
876 914
227 240
209 282
596 681
731 743
869 882
401 437
403 443
520 553
337 385
731 791
601 631
459 487
259 307
451 512
713 821
874 938
726 816
451 509
594 689
157 188
154 186
963 1000
721 771
754 855
327 332
871 933
211 267
314 319
878 896
527 545
468 517
727 774
231 286
461 528
456 510
593 652
27 74
392 438
870 895
508 565
233 251
198 208
710 718
872 924
184 192
222 293
864 877
872 903
330 412
723 734
512 547
204 214
596 652
714 835
155 182
26 80
120 148
587 693
601 623
695 708
336 398
225 296
197 217
533 540
725 836
955 959
597 616
466 483
866 934
946 958
233 261
651 696
724 826
19 56
88 107
340 403
340 370
951 965
717 743
157 171
709 726
863 872
203 208
155 176
729 749
338 385
589 680
204 227
466 488
716 825
23 61
328 341
205 239
723 738
721 798
244 311
721 742
872 936
878 887
876 907
26 68
867 924
549 573
727 819
589 621
858 866
729 766
819 847
853 863
322 339
199 206
374 437
945 949
21 46
503 546
581 593
121 126
334 419
953 976
594 614
953 962
854 861
729 837
598 623
213 267
332 408
595 609
117 135
726 781
868 908
228 263
19 58
720 818
324 330
729 806
848 860
589 678
729 742
202 207
345 358
713 781
541 574
589 629
590 608
730 745
331 391
226 249
235 272
873 932
119 128
118 148
88 104
725 767
468 476
723 761
608 697
598 687
583 589
268 316
28 35
20 65
157 165
506 562
22 41
207 262
236 271
156 177
587 633
592 679
459 480
876 938
350 433
855 858
343 390
588 680
374 436
337 383
19 49
355 441
591 644
215 257
826 852
92 97
347 394
466 485
566 571
725 768
334 401
599 615
500 555
487 556
347 406
725 764
715 825
158 165
24 73
598 607
602 676
948 977
949 978
335 361
346 351
860 872
867 892
420 437
846 858
479 552
214 267
819 850
327 337
333 423
869 915
875 903
330 426
869 885
600 624
948 999
209 285
15 26
92 100
592 621
346 418
175 193
119 131
725 792
461 477
955 960
706 724
232 295
198 218
727 825
726 743
207 253
160 173
216 248
710 719
400 438
27 62
314 326
345 349
206 275
460 517
717 810
955 987
719 841
714 830
334 362
731 759
253 316
668 704
229 244
221 292
343 413
590 611
730 791
89 108
873 906
270 316
15 19
866 916
93 96
88 99
154 177
117 146
726 815
435 448
583 596
465 471
204 207
28 61
714 787
864 866
555 575
462 534
629 698
575 582
590 686
698 707
225 277
873 904
710 730
458 521
453 510
731 780
21 32
233 274
206 291
453 536
596 688
726 801
461 487
442 447
155 178
871 880
13 16
711 717
573 581
601 693
347 404
322 343
160 164
537 566
720 752
335 417
218 269
728 744
944 951
158 186
530 549
581 599
722 812
219 257
730 808
333 375
576 582
331 367
346 352
723 824
339 430
588 659
954 976
99 115
587 653
951 999
25 60
468 516
591 618
465 493
160 184
252 304
339 371
598 640
452 510
206 260
331 389
878 893
233 273
21 59
229 240
21 62
160 189
121 128
728 824
193 198
20 60
542 579
453 470
203 219
225 256
21 61
300 318
723 788
354 436
326 345
159 161
504 556
342 369
231 254
412 437
338 354
943 953
342 392
22 59
946 980
468 515
347 361
22 64
218 272
719 781
464 535
463 495
468 501
704 707
30 69
338 412
849 858
731 819
240 308
27 76
29 69
506 563
612 696
589 651
952 981
344 424
328 338
946 981
593 625
719 780
140 153
455 477
911 940
341 403
707 726
324 335
405 441
719 832
504 549
233 242
19 35
282 300
332 367
338 388
27 45
232 280
157 173
341 402
598 608
119 124
335 404
721 842
505 555
497 570
122 127
450 455
299 326
601 671
726 780
537 540
244 315
719 783
329 330
717 778
859 868
201 232
812 855
598 682
29 44
461 491
726 804
594 641
875 907
601 645
463 520
878 879
955 988
342 388
946 969
723 772
424 440
29 79
602 627
589 663
602 649
870 917
345 391
302 322
731 748
722 823
946 973
428 437
254 310
343 400
952 973
728 794
453 531
722 791
218 290
437 445
458 531
156 187
877 894
729 801
457 527
206 285
452 511
337 405
597 646
713 794
598 672
28 53
600 689
331 399
331 352
437 447
876 910
334 382
594 650
200 210
92 108
679 699
344 410
727 821
876 929
730 743
23 71
724 794
728 839
461 516
730 787
344 398
344 394
663 703
493 541
330 378
234 238
876 889
719 813
460 506
462 524
586 598
201 206
454 527
157 172
121 127
19 43
344 425
714 788
729 752
532 558
20 54
602 607
868 889
601 689
716 778
598 663
942 955
599 629
947 974
347 372
723 830
954 957
596 614
88 103
193 202
508 555
383 440
409 436
714 811
948 968
830 850
577 584
875 931
720 780
599 660
219 241
22 51
946 971
863 869
602 624
861 871
345 421
339 415
24 80
590 649
720 814
120 133
728 815
585 593
466 499
19 48
588 667
443 449
452 486
877 910
20 52
637 694
29 38
863 867
122 141
347 374
721 751
583 602
727 795
722 738
161 192
467 520
26 32
515 553
520 545
720 811
707 725
729 783
585 592
511 564
468 480
725 816
23 36
19 47
119 146
150 153
730 831
954 961
346 427
956 996
336 384
950 967
362 442
223 282
52 87
593 636
470 562
29 56
336 368
498 547
873 910
726 833
719 754
726 770
222 288
588 613
863 870
604 695
731 744
329 342
587 666
462 526
120 149
15 27
590 624
724 822
206 266
453 473
724 760
25 80
347 351
868 905
589 647
587 616
865 920
340 417
598 659
155 186
226 272
29 82
869 893
587 622
342 420
585 595
24 71
92 98
459 483
25 61
599 693
362 436
726 792
438 448
588 646
118 125
721 785
341 407
729 797
232 270
206 289
92 113
459 523
590 657
414 436
525 541
459 492
439 445
593 606
483 544
121 141
320 334
217 245
154 172
339 418
716 835
951 968
327 346
338 404
333 358
333 430
338 348
714 797
204 222
595 638
156 180
516 554
220 253
119 132
599 673
223 283
476 547
345 423
853 858
214 244
723 767
744 856
121 133
591 639
201 207
228 244
344 417
602 614
718 754
590 672
210 280
954 980
340 423
589 641
714 841
271 311
122 149
601 686
342 384
728 844
869 894
463 535
25 48
716 787
706 722
209 297
878 910
25 74
723 765
729 831
725 826
878 884
598 674
948 996
30 36
781 854
596 654
722 786
447 458
454 479
875 919
347 365
876 894
336 353
595 653
478 555
588 654
714 767
206 265
862 877
29 45
323 330
119 138
727 827
345 399
683 696
455 491
360 440
344 426
333 377
602 650
591 640
589 615
207 272
117 137
90 113
719 790
119 129
725 799
476 554
448 460
724 835
487 569
358 434
26 81
722 831
346 417
947 964
201 235
591 667
592 656
267 306
954 986
209 254
24 85
449 455
869 880
116 135
594 663
601 648
465 472
721 762
590 678
716 762
588 608
434 447
203 210
592 680
29 62
313 329
207 291
451 502
667 701
432 436
518 548
717 733
593 680
945 950
697 710
193 203
729 734
597 683
243 309
731 828
340 372
708 723
871 932
722 733
712 718
260 311
202 220
224 257
25 50
944 952
878 901
716 755
872 917
947 970
659 696
332 353
866 933
711 725
870 897
564 574
463 486
207 263
715 748
596 662
452 479
725 839
709 715
954 996
31 75
260 317
468 507
932 941
865 928
332 386
321 337
729 741
463 482
341 372
202 232
454 536
336 407
722 840
317 325
451 469
518 568
339 408
442 449
873 895
195 198
525 565
89 112
596 628
727 800
455 532
332 348
207 269
119 144
878 882
318 345
866 917
459 522
463 532
874 926
874 932
731 825
330 387
28 41
250 305
333 369
596 684
719 822
877 879
601 605
946 977
717 821
949 997
482 557
14 28
252 310
598 630
877 899
307 318
455 488
462 502
449 467
450 456
716 838
202 227
594 632
454 505
225 293
30 67
231 287
30 55
328 342
332 422
202 216
601 665
458 497
408 436
597 620
387 442
278 304
15 31
730 816
326 336
598 647
869 887
956 965
28 46
333 414
851 859
709 729
214 243
467 474
119 137
714 819
721 835
335 430
341 387
333 356
466 504
343 407
447 460
452 514
224 272
872 928
154 170
722 808
854 863
23 77
121 142
519 551
688 701
876 879
220 264
601 650
878 897
713 797
231 289
90 111
871 915
156 185
464 510
340 409
587 619
592 639
16 27
951 982
494 561
493 544
596 653
950 995
617 694
26 71
247 306
323 333
262 310
78 87
116 134
467 510
458 534
596 624
511 549
868 930
961 1000
865 922
339 366
331 422
329 344
592 627
332 417
455 529
456 489
469 543
323 342
331 416
117 126
341 351
19 33
331 432
718 788
334 348
723 769
494 558
534 550
461 472
866 883
29 78
24 69
406 437
533 543
950 965
