1000 4000 100
2 5 8 10 37 11 9 8 8 13 13 3 15 8 7 4 7 13 12 25 9 8 10 7 15 4 4 7 12 16 8 7 6 8 16 3 6 10 13 10 24 7 8 9 11 11 18 3 3 4 4 5 13 9 14 18 12 9 6 6 4 14 11 9 8 7 6 5 8 12 12 19 12 10 8 10 9 11 15 15 9 8 9 6 11 10 9 9 14 7 6 9 14 12 21 12 9 12 12 5 
1 3
1 4
1 5
3 8
3 9
4 10
5 11
5 12
5 13
8 16
9 17
9 18
9 19
10 20
10 21
12 22
13 23
16 26
16 27
17 28
17 29
17 30
18 31
18 32
19 33
19 34
19 35
20 36
20 37
20 38
21 39
21 40
23 41
23 42
42 63
63 74
63 75
63 76
74 83
76 84
76 85
76 86
83 91
83 92
84 93
85 94
86 95
91 99
91 100
91 101
93 102
94 103
94 104
99 112
99 113
99 114
100 115
100 116
101 117
102 118
102 119
103 120
103 121
103 122
122 125
125 128
128 143
128 144
143 151
144 152
151 158
158 162
158 163
158 164
162 169
162 170
163 171
164 172
164 173
169 182
169 183
169 184
170 185
170 186
172 187
172 188
172 189
173 190
173 191
182 194
182 195
182 196
185 197
185 198
188 199
188 200
188 201
189 202
189 203
189 204
190 205
190 206
191 207
191 208
191 209
209 219
219 228
228 236
228 237
236 246
246 253
253 268
268 272
272 276
276 283
276 284
283 295
284 296
295 311
311 319
311 320
311 321
320 326
321 327
321 328
321 329
326 332
327 333
328 334
328 335
328 336
329 337
332 340
332 341
332 342
333 343
334 344
334 345
334 346
335 347
335 348
335 349
337 350
350 356
356 359
356 360
356 361
359 365
359 366
359 367
360 368
360 369
366 375
366 376
366 377
368 378
375 388
375 389
375 390
376 391
376 392
377 393
378 394
378 395
388 398
388 399
388 400
389 401
390 402
390 403
390 404
391 405
391 406
391 407
395 408
408 422
422 429
422 430
422 431
429 437
430 438
430 439
430 440
438 446
438 447
438 448
439 449
446 457
446 458
446 459
447 460
447 461
447 462
448 463
448 464
449 465
457 468
457 469
458 470
458 471
458 472
459 473
460 474
461 475
461 476
461 477
462 478
463 479
463 480
465 481
465 482
465 483
483 486
486 489
489 492
492 496
496 500
500 505
500 506
500 507
505 518
505 519
506 520
506 521
506 522
507 523
507 524
518 527
518 528
518 529
520 530
522 531
522 532
523 533
524 534
524 535
524 536
527 541
527 542
528 543
528 544
529 545
530 546
530 547
531 548
531 549
533 550
534 551
534 552
534 553
535 554
535 555
535 556
556 559
559 571
559 572
571 580
580 586
586 592
592 596
592 597
596 610
596 611
597 612
612 621
612 622
621 630
621 631
630 638
631 639
631 640
640 645
645 651
651 656
651 657
651 658
656 664
656 665
656 666
657 667
657 668
664 676
664 677
664 678
665 679
666 680
666 681
666 682
667 683
668 684
668 685
676 688
677 689
677 690
679 691
679 692
679 693
680 694
680 695
680 696
681 697
682 698
682 699
682 700
684 701
684 702
684 703
685 704
704 707
707 719
707 720
719 729
719 730
719 731
731 737
731 738
731 739
737 747
739 748
739 749
747 756
747 757
748 758
748 759
748 760
749 761
749 762
756 767
757 768
759 769
760 770
760 771
760 772
761 773
761 774
761 775
762 776
762 777
762 778
778 782
782 797
797 806
806 814
806 815
814 823
823 829
829 840
829 841
841 850
850 859
859 868
868 882
868 883
882 889
883 890
889 895
889 896
890 897
890 898
890 899
896 904
896 905
897 906
897 907
898 908
899 909
899 910
904 918
904 919
906 920
906 921
907 922
908 923
909 924
909 925
909 926
919 930
919 931
919 932
920 933
920 934
922 935
922 936
922 937
923 938
924 939
926 940
926 941
941 951
951 963
951 964
963 972
963 973
964 974
964 975
964 976
973 984
973 985
974 986
974 987
975 988
975 989
984 996
985 997
985 998
988 999
990 997
991 997
992 998
993 998
977 991
978 993
979 993
980 993
965 977
966 978
967 980
968 980
952 965
953 965
954 966
955 966
956 966
957 967
958 967
942 952
943 954
944 954
945 956
946 957
947 958
948 958
927 948
911 927
900 911
891 900
884 891
885 891
886 891
869 885
870 886
860 870
851 860
852 860
842 851
830 842
824 830
816 824
817 824
818 824
807 816
808 816
798 807
799 807
800 808
801 808
783 798
784 799
785 799
786 799
787 800
788 800
789 800
790 801
791 801
792 801
779 792
763 779
750 763
751 763
752 763
740 751
741 751
742 751
743 752
744 752
745 752
732 741
733 742
734 744
735 745
721 732
722 732
723 732
724 733
725 733
726 733
727 734
708 721
709 721
710 722
711 722
712 722
713 723
714 724
715 725
716 725
717 725
705 717
686 705
669 686
659 669
660 669
652 660
646 652
647 652
648 652
641 646
642 647
643 648
632 641
633 641
634 642
623 632
624 632
625 632
626 633
627 634
628 634
613 623
614 623
615 624
616 624
617 626
618 627
619 627
598 613
599 614
600 614
601 616
602 616
603 618
604 618
605 619
606 619
593 606
587 593
588 593
589 593
581 588
582 588
583 588
584 589
573 581
574 582
575 582
576 582
577 584
578 584
560 573
561 573
562 574
563 574
564 574
565 576
566 576
567 578
568 578
569 578
557 569
537 557
525 537
508 525
509 525
501 509
497 501
493 497
494 497
490 494
487 490
484 487
466 484
450 466
441 450
442 450
432 441
433 442
434 442
435 442
423 432
424 433
425 433
426 434
427 435
409 423
410 424
411 424
412 424
413 425
414 425
415 425
416 426
417 426
418 427
396 418
379 396
370 379
362 370
357 362
351 357
352 357
338 352
330 338
322 330
323 330
324 330
312 322
313 323
314 323
315 323
316 324
317 324
297 312
298 312
299 313
300 314
301 314
302 314
303 315
304 315
305 315
306 316
307 316
308 317
309 317
285 309
277 285
273 277
269 273
270 273
254 269
255 269
256 270
257 270
247 254
248 255
238 247
239 247
240 248
241 248
242 248
229 238
230 238
231 238
232 241
233 241
220 229
221 229
222 230
223 231
224 231
225 232
226 232
210 220
211 220
212 220
213 221
214 222
215 226
216 226
217 226
192 217
174 192
165 174
159 165
160 165
153 159
154 160
155 160
156 160
145 153
146 155
147 155
148 155
149 156
129 145
130 145
131 146
132 146
133 146
134 147
135 147
136 147
137 148
138 148
139 148
140 149
141 149
126 141
123 126
105 123
96 105
87 96
88 96
89 96
77 87
78 87
79 88
80 88
81 89
64 77
65 77
66 77
67 78
68 79
69 79
70 80
71 80
72 80
43 64
44 64
45 64
46 65
47 65
48 67
49 67
50 68
51 69
52 69
53 70
54 70
55 70
56 71
57 72
58 72
59 72
24 59
14 24
6 14
2 6
2 7
7 15
15 25
25 60
25 61
25 62
62 73
73 82
82 90
90 97
90 98
97 106
97 107
97 108
98 109
98 110
98 111
111 124
124 127
127 142
142 150
150 157
157 161
161 166
161 167
161 168
166 175
166 176
167 177
167 178
168 179
168 180
168 181
181 193
193 218
218 227
227 234
227 235
235 243
235 244
235 245
244 249
244 250
245 251
245 252
249 258
249 259
249 260
250 261
250 262
250 263
251 264
251 265
252 266
252 267
267 271
271 274
271 275
274 278
274 279
274 280
275 281
275 282
278 286
278 287
280 288
280 289
281 290
281 291
281 292
282 293
282 294
294 310
310 318
318 325
325 331
331 339
339 353
339 354
339 355
355 358
358 363
358 364
363 371
364 372
364 373
364 374
371 380
372 381
373 382
373 383
373 384
374 385
374 386
374 387
387 397
397 419
397 420
397 421
421 428
428 436
436 443
436 444
436 445
443 451
444 452
444 453
444 454
445 455
445 456
456 467
467 485
485 488
488 491
491 495
495 498
495 499
498 502
498 503
499 504
502 510
502 511
503 512
503 513
503 514
504 515
504 516
504 517
517 526
526 538
526 539
526 540
540 558
558 570
570 579
579 585
585 590
585 591
590 594
591 595
594 607
594 608
594 609
609 620
620 629
629 635
629 636
629 637
636 644
644 649
644 650
650 653
650 654
650 655
653 661
655 662
655 663
661 670
662 671
662 672
663 673
663 674
663 675
675 687
687 706
706 718
718 728
728 736
736 746
746 753
746 754
746 755
754 764
754 765
755 766
766 780
780 793
793 802
802 809
809 819
809 820
819 825
820 826
820 827
825 831
825 832
826 833
826 834
826 835
827 836
827 837
835 843
837 844
837 845
837 846
843 853
844 854
844 855
853 861
853 862
854 863
854 864
854 865
855 866
862 871
862 872
863 873
864 874
864 875
865 876
865 877
865 878
878 887
887 892
887 893
892 901
893 902
901 912
901 913
901 914
902 915
902 916
916 928
928 949
949 959
959 969
959 970
970 981
970 982
982 994
994 1000
995 1000
983 995
971 983
960 971
961 971
962 971
950 962
929 950
917 929
903 917
894 903
888 894
879 888
880 888
881 888
867 881
856 867
857 867
858 867
847 857
848 858
849 858
838 848
839 848
828 839
821 828
822 828
810 821
811 822
812 822
813 822
803 811
804 811
805 812
794 803
795 804
796 804
781 796
941 954
758 773
766 773
383 390
953 970
167 179
884 894
18 49
498 504
718 721
498 500
393 406
644 647
903 907
603 611
395 405
585 587
389 420
659 667
500 515
881 882
626 632
615 626
172 185
258 268
643 647
147 153
689 708
369 376
618 629
336 348
585 588
236 248
955 969
165 178
364 371
725 731
654 662
75 83
592 606
284 305
273 279
235 237
142 147
24 61
681 691
722 730
465 469
888 890
272 282
365 378
851 865
667 680
894 897
337 347
798 811
95 101
921 949
902 907
290 308
828 835
486 491
540 541
19 27
952 969
731 743
15 17
816 825
1 6
581 591
465 478
495 496
925 930
734 740
961 970
320 328
276 289
960 968
371 375
964 973
902 912
25 38
545 569
378 391
937 957
737 755
725 734
411 426
336 347
24 56
558 567
924 947
100 123
957 964
635 639
148 153
128 145
98 107
729 746
178 190
923 939
526 531
19 43
19 38
163 174
662 666
218 222
867 868
779 790
758 769
612 624
823 831
251 257
920 940
669 681
225 230
93 106
533 547
335 346
107 121
878 883
631 638
993 997
277 291
370 381
890 900
504 512
813 818
276 294
515 525
300 315
980 994
811 820
391 421
359 373
367 383
424 435
594 599
85 93
548 561
919 939
926 942
276 286
183 196
365 382
392 399
885 889
873 884
716 723
720 729
394 398
308 313
94 109
932 955
677 691
552 569
127 129
467 484
839 846
389 405
169 191
356 363
452 465
764 772
443 448
912 920
338 348
233 240
604 611
463 473
248 254
572 580
460 484
126 136
505 522
572 581
246 257
22 58
901 916
735 740
763 778
648 654
187 217
572 583
759 778
810 815
760 769
681 690
164 175
519 538
684 688
628 635
801 811
241 247
358 362
84 98
474 487
579 581
277 292
295 314
867 869
681 700
315 324
607 616
595 601
55 67
286 309
395 415
980 990
331 336
824 835
91 104
924 943
368 381
417 424
219 235
231 240
880 885
126 133
709 725
193 202
9 16
126 128
942 958
843 856
930 961
639 645
385 390
740 753
458 468
2 5
700 717
761 780
281 289
246 256
540 557
9 20
715 728
186 201
763 768
728 730
819 827
241 252
816 828
278 285
284 300
486 490
982 992
618 624
433 444
247 258
285 297
682 696
262 271
165 181
635 641
962 966
831 848
576 581
378 397
498 501
678 705
563 575
502 512
678 699
461 485
595 605
334 355
361 372
927 935
800 807
898 904
66 75
525 539
839 847
170 190
292 304
676 689
271 273
35 71
861 878
780 794
773 792
671 686
713 726
762 771
896 914
249 256
502 513
845 852
750 758
139 150
595 609
775 791
127 134
127 136
854 867
8 20
230 243
222 228
955 964
963 977
395 411
445 452
873 886
285 304
909 921
951 968
173 193
71 78
132 143
757 774
694 709
595 600
357 361
845 850
944 955
921 950
194 227
860 872
502 507
464 475
834 849
22 54
777 795
7 14
395 403
277 290
501 508
189 216
290 300
510 520
683 688
60 63
503 508
525 540
686 706
190 216
907 926
140 147
722 735
855 861
89 92
660 667
460 480
97 111
164 177
96 106
978 988
391 404
967 981
159 167
190 194
153 158
320 330
737 749
866 878
8 18
669 687
376 389
186 194
875 888
563 579
946 954
983 992
976 987
431 444
890 895
972 993
827 830
772 784
13 16
397 398
582 590
842 853
536 541
45 68
505 525
433 443
779 787
691 716
580 588
576 583
595 604
91 107
542 560
711 724
16 53
334 347
194 220
836 849
81 88
259 270
741 749
584 588
689 711
931 955
126 138
190 198
278 294
169 189
559 577
820 828
437 456
91 102
960 969
190 210
592 608
171 190
760 776
504 507
14 20
675 676
9 21
646 655
160 166
678 688
387 389
17 31
17 54
594 596
742 755
872 886
14 23
915 925
628 632
845 856
928 930
860 881
429 444
330 332
758 781
733 738
443 455
491 493
711 725
225 234
939 961
894 900
69 75
23 52
461 483
290 295
128 148
249 254
457 479
500 510
533 545
815 824
126 129
393 402
500 508
855 863
684 693
127 141
771 794
147 151
951 966
399 425
125 135
653 659
323 326
275 279
519 534
570 578
593 599
12 19
799 811
451 463
67 74
921 937
457 480
73 81
438 451
811 818
840 853
903 905
623 637
426 435
248 257
23 44
18 62
18 42
499 501
21 43
249 255
220 228
904 926
386 391
172 184
512 524
282 288
969 981
558 564
975 990
845 854
276 293
593 596
760 774
250 254
23 45
873 883
179 192
555 561
245 246
233 242
724 735
191 194
504 513
24 62
21 59
14 25
441 449
501 516
16 57
503 509
19 56
431 445
973 988
749 760
903 909
394 413
376 397
291 310
368 377
214 221
673 684
891 901
141 143
188 208
974 991
518 534
546 565
539 554
983 993
672 685
892 900
809 816
459 471
211 224
434 445
380 395
87 91
939 959
567 572
692 715
334 343
634 643
493 498
615 629
834 845
528 553
654 661
738 748
543 565
753 759
703 718
225 231
593 601
93 110
916 920
223 232
503 511
312 325
808 815
466 478
462 471
168 176
424 431
241 249
462 481
747 765
864 869
743 755
717 724
890 901
233 238
806 816
636 640
233 236
552 566
918 941
768 788
833 849
587 592
815 823
519 539
887 894
187 213
812 820
267 270
106 115
338 344
168 172
332 348
367 387
566 579
891 897
290 307
708 719
391 413
219 231
971 978
658 675
678 696
316 319
920 944
55 73
531 544
833 845
544 564
182 214
550 564
743 748
291 296
683 705
640 647
746 747
682 701
57 64
251 253
760 767
441 448
108 113
395 413
176 191
500 512
639 649
462 482
251 266
754 761
77 86
162 179
515 522
518 530
467 481
666 687
290 301
179 184
473 486
727 731
125 133
234 242
500 509
235 239
330 336
534 545
371 386
778 789
689 710
392 407
190 212
377 392
64 82
185 206
207 227
81 86
966 982
767 787
369 379
892 895
789 799
27 65
918 948
397 404
749 765
688 708
580 589
400 425
638 645
183 213
490 492
833 846
627 636
37 72
387 396
596 615
956 969
600 612
949 957
281 286
240 249
595 608
288 303
43 72
545 559
885 890
851 859
24 39
226 229
489 494
631 641
812 821
743 750
630 640
674 682
439 448
917 926
24 35
514 523
980 986
23 31
893 897
444 449
525 529
530 542
912 922
676 702
601 615
903 913
926 939
924 940
282 285
770 784
431 438
918 944
396 407
107 120
184 212
21 61
384 391
644 648
958 971
100 113
125 136
908 918
826 830
859 873
380 390
919 940
18 43
920 939
191 201
960 967
780 792
590 592
229 237
763 774
21 38
33 65
22 49
357 364
601 620
965 974
363 374
758 778
879 882
857 860
7 9
814 826
680 698
443 449
902 904
188 205
99 124
97 101
861 875
337 354
713 720
821 825
552 562
458 474
186 217
532 553
536 555
592 607
549 567
93 99
764 776
542 564
193 217
751 761
338 346
172 193
513 522
744 755
56 67
921 933
889 901
385 391
683 696
338 349
707 727
292 303
968 978
369 387
813 816
892 899
918 935
856 861
740 755
264 271
766 776
592 605
338 354
804 807
388 406
183 214
654 660
406 422
752 762
945 962
73 75
247 256
565 571
979 987
251 259
379 390
803 813
780 783
832 840
93 108
518 539
706 711
365 383
671 681
248 262
397 410
290 297
307 314
860 879
165 177
193 216
442 451
325 327
380 389
491 492
190 217
573 583
675 686
976 995
24 50
232 239
853 866
161 162
647 653
688 713
970 972
913 928
279 294
198 225
394 415
714 727
561 574
562 573
900 908
193 211
69 78
174 185
990 996
661 674
21 29
452 460
704 714
877 886
753 758
18 59
768 791
214 223
104 123
283 306
968 981
956 963
684 691
222 235
277 289
98 104
392 421
557 568
592 604
633 643
899 917
855 859
282 292
404 423
422 436
166 181
17 27
629 633
548 559
913 929
165 180
393 411
450 465
541 564
326 334
333 345
678 692
111 113
302 313
335 351
21 51
439 451
677 704
735 739
144 151
58 70
972 986
631 644
290 296
308 312
962 969
963 978
160 164
866 881
501 506
90 94
440 455
463 483
329 333
183 218
397 405
958 968
669 677
193 212
883 892
500 511
553 561
248 266
251 261
714 723
798 812
333 354
159 164
2 4
575 585
658 669
300 316
875 887
395 400
226 230
283 301
221 228
679 694
7 12
450 462
167 180
888 889
533 543
828 830
73 76
390 413
360 371
766 779
292 300
994 999
866 870
750 760
423 436
529 554
909 929
272 280
928 939
787 805
928 938
730 741
855 867
971 976
503 516
900 905
183 208
242 247
989 998
663 668
158 167
607 619
427 433
906 927
931 951
859 875
908 920
964 980
316 322
865 874
950 954
428 429
756 781
686 692
862 874
358 360
537 550
493 499
164 171
22 26
692 717
878 884
293 300
846 850
24 29
747 766
768 792
135 150
611 629
418 428
838 846
172 190
848 851
426 432
652 662
740 754
792 804
668 683
616 627
967 976
758 771
294 304
235 241
965 972
739 753
571 584
6 8
900 914
662 669
784 802
686 700
106 120
17 40
965 981
440 453
696 717
908 929
295 318
428 432
494 499
568 571
231 236
20 62
125 130
299 317
630 639
864 877
746 752
114 126
448 458
677 700
195 226
831 840
930 956
452 466
189 196
381 393
788 799
614 628
233 243
440 446
530 552
814 824
252 265
306 312
71 77
830 845
149 157
292 310
681 692
681 688
457 470
285 301
895 910
754 757
850 867
634 640
670 686
773 794
983 987
64 76
776 782
928 946
494 496
702 711
504 510
898 916
151 161
456 459
264 270
140 146
668 681
514 518
250 258
941 957
593 600
175 185
20 53
690 707
450 457
179 182
69 76
850 864
412 422
217 224
917 921
909 920
774 783
688 710
579 582
768 794
601 611
197 225
379 388
752 761
443 452
775 789
395 398
764 767
588 592
763 767
784 805
177 184
455 465
235 240
844 851
143 153
163 179
613 629
945 953
159 168
974 985
860 874
907 924
857 861
126 132
452 459
890 902
714 719
136 150
694 712
591 593
974 992
799 810
363 366
963 975
66 82
464 468
966 979
279 284
767 791
583 591
152 161
292 298
16 48
976 984
865 881
301 316
657 664
393 409
14 17
339 352
686 702
574 583
897 910
869 883
653 660
731 745
952 971
520 538
9 24
20 58
959 971
14 21
824 838
691 714
16 35
608 613
424 436
180 184
270 275
429 440
907 920
592 603
769 792
101 121
374 376
833 847
138 150
462 473
48 65
811 821
123 125
964 977
749 763
824 833
798 810
798 813
765 768
669 685
502 516
580 587
280 291
234 245
929 944
436 438
92 101
449 461
174 182
333 350
830 840
966 974
268 275
259 268
110 121
730 737
539 549
674 683
620 623
754 762
327 335
723 734
229 245
80 86
995 996
577 580
107 114
825 833
886 893
162 176
685 703
250 256
187 196
921 944
735 743
97 109
367 375
775 784
394 409
950 957
324 331
711 723
449 458
784 800
166 170
389 409
347 358
677 706
553 566
579 580
708 725
806 818
440 456
979 984
12 17
359 372
442 446
12 24
730 739
867 879
189 205
789 797
394 420
461 472
659 670
332 355
25 30
177 193
201 220
582 586
397 401
619 628
533 544
372 387
182 213
288 309
641 648
633 638
746 750
501 510
460 478
162 180
466 477
168 178
626 631
802 807
17 44
279 292
20 34
170 192
525 534
544 567
71 81
450 464
222 229
916 925
11 19
105 118
549 564
920 947
126 134
428 435
517 524
34 70
184 198
328 338
44 66
891 895
859 880
14 16
844 856
818 827
925 949
528 541
490 495
330 333
67 81
595 603
25 56
331 334
689 716
371 382
756 775
434 440
193 199
33 73
98 99
736 741
769 789
465 475
393 417
566 575
246 259
837 841
188 196
895 908
143 152
19 48
440 448
936 956
958 970
506 518
408 425
506 519
172 191
593 607
21 26
791 800
121 127
335 341
43 67
729 742
202 222
505 520
965 973
21 58
468 486
961 969
16 50
726 734
669 680
994 996
741 752
248 260
847 856
554 565
657 666
741 748
664 685
389 418
463 478
178 191
761 769
315 322
99 116
454 460
535 549
652 658
770 794
372 375
883 893
110 114
490 493
231 237
289 303
795 801
285 296
832 848
573 582
160 163
3 14
34 73
496 501
981 992
643 646
291 308
391 402
688 715
101 116
769 791
392 417
73 80
517 521
612 627
230 237
599 616
81 85
554 561
700 718
685 690
781 795
365 375
685 692
272 278
853 865
293 302
391 410
828 832
86 96
645 653
928 944
732 737
860 880
433 445
683 701
817 827
16 60
954 965
434 439
356 364
246 254
360 366
743 749
339 341
900 904
293 304
14 18
423 429
806 817
283 305
221 232
860 873
847 850
388 414
921 934
956 964
773 793
48 64
551 569
715 719
164 178
538 547
499 503
929 941
150 151
363 370
127 130
65 81
895 913
137 147
502 505
11 24
317 319
190 200
559 579
442 455
320 331
978 991
397 413
274 276
680 693
244 251
563 571
275 277
763 775
519 535
126 140
161 163
390 399
539 558
215 227
661 665
101 122
595 597
981 986
732 738
326 337
677 705
896 908
702 718
933 951
730 738
321 330
291 300
6 9
393 410
925 944
414 426
394 421
77 90
20 30
13 18
25 54
928 935
94 110
110 120
142 149
662 667
613 627
25 59
593 608
184 216
475 488
106 112
163 181
441 451
933 960
335 345
645 654
99 119
282 291
564 577
705 715
187 216
555 565
63 78
294 307
827 834
129 149
407 427
867 877
457 471
16 59
928 940
583 587
763 771
568 579
231 242
316 321
233 244
178 183
686 690
21 50
282 283
15 23
226 235
380 397
891 902
456 460
647 655
780 787
892 903
337 349
963 974
882 894
464 473
464 476
971 982
630 643
713 724
655 661
263 271
923 933
359 374
653 657
367 376
738 755
804 812
626 630
22 53
261 271
675 681
762 768
250 259
328 332
109 121
927 942
575 584
17 39
947 951
30 63
859 870
313 322
805 806
823 833
96 104
810 818
776 789
654 658
338 347
797 813
17 26
428 430
98 106
624 635
94 100
108 115
457 484
180 190
241 250
445 448
184 211
968 979
514 525
165 173
504 508
729 738
181 188
399 427
669 679
17 51
896 917
664 682
80 83
695 712
222 231
362 368
171 186
549 570
965 982
285 303
620 624
255 270
827 829
204 225
107 123
594 598
714 725
621 635
655 658
53 69
130 146
10 24
670 680
835 840
923 948
538 550
617 624
665 681
977 985
628 633
956 967
370 383
63 81
7 13
288 298
673 682
736 738
68 76
244 248
23 32
223 233
150 153
250 253
294 306
6 13
972 988
726 732
394 416
884 889
554 569
847 854
149 152
136 143
465 473
25 36
866 871
828 838
379 395
812 816
734 737
960 970
609 617
185 199
845 858
234 241
870 887
929 936
594 602
322 326
771 786
537 556
671 676
514 521
368 386
599 612
839 844
16 62
860 878
965 976
174 193
627 635
358 361
630 644
673 687
329 336
509 524
807 817
521 531
219 233
237 250
203 223
765 777
85 91
36 67
513 521
99 118
980 984
145 155
548 563
522 533
598 615
760 768
100 112
767 788
865 869
452 464
738 750
223 229
162 172
592 609
774 795
438 450
937 955
846 858
437 454
825 837
12 25
834 846
986 996
261 268
370 385
238 251
667 684
250 267
64 80
125 142
592 601
133 144
523 535
555 566
806 820
161 165
503 517
683 704
895 907
831 849
714 726
396 420
363 373
22 60
408 424
617 625
759 779
252 258
736 742
510 521
548 568
292 296
661 667
707 723
982 989
436 441
22 31
967 973
972 984
378 388
783 802
501 505
84 96
287 297
274 277
87 92
891 899
179 183
365 381
272 277
394 417
353 356
589 594
132 145
383 395
397 416
129 150
810 816
712 723
2 3
87 98
792 798
535 552
332 351
392 412
662 675
708 722
247 259
316 323
648 655
327 336
592 599
243 246
3 11
395 419
330 334
458 473
148 151
369 381
74 88
680 703
521 537
308 316
192 199
737 748
704 710
606 612
952 964
842 857
918 950
193 208
832 844
93 107
524 539
25 31
157 158
869 886
437 447
926 948
499 502
401 423
654 656
76 83
931 952
876 886
703 717
779 784
368 387
295 315
922 938
125 131
170 184
807 819
175 183
81 84
675 685
183 210
454 462
620 628
663 669
621 636
942 961
805 811
441 447
162 177
913 926
19 59
733 741
19 40
319 327
843 852
946 958
950 958
345 357
866 875
389 407
107 116
163 180
911 923
472 486
690 713
365 385
125 137
797 807
331 338
766 778
770 786
98 103
903 904
834 841
479 488
968 982
848 857
905 925
773 788
622 635
918 947
788 805
975 992
169 192
16 51
256 268
837 847
911 924
307 312
288 304
185 196
329 338
648 651
525 527
405 424
595 596
680 689
389 410
470 488
974 994
504 511
767 785
890 903
670 684
515 518
565 573
127 135
976 993
220 233
641 649
863 878
958 964
921 943
695 708
754 758
603 612
899 905
941 962
135 144
229 243
16 31
731 740
138 146
747 758
300 312
387 392
862 870
616 625
659 671
787 797
17 34
132 150
326 339
144 155
758 775
100 118
23 35
109 112
171 184
185 213
810 822
366 378
571 581
532 541
183 216
192 194
780 790
10 16
752 756
981 991
684 689
934 960
277 288
918 943
852 863
911 920
190 202
808 817
275 278
357 363
463 474
729 737
582 589
918 933
283 297
189 197
364 369
497 500
464 469
744 754
854 866
778 784
85 96
406 427
524 532
96 108
233 237
755 761
803 810
396 410
834 844
511 523
247 265
526 535
337 353
831 842
532 545
19 37
892 897
330 339
482 486
646 653
96 102
361 366
650 652
521 540
973 993
921 930
84 92
854 861
183 203
337 340
492 498
97 102
194 224
758 776
182 209
538 544
254 268
17 35
191 202
127 133
72 78
656 672
726 730
176 185
192 215
126 135
287 302
751 758
18 40
678 689
100 122
381 391
537 552
898 905
192 211
89 93
21 28
775 792
185 202
761 772
934 954
622 637
526 533
395 409
897 914
22 51
252 261
467 476
634 644
247 261
835 848
61 66
126 139
279 290
413 422
435 437
230 245
677 697
659 664
513 523
292 299
435 444
335 343
187 203
701 711
901 905
825 838
699 717
680 700
565 575
166 178
95 99
430 441
569 575
547 561
248 265
111 116
695 711
82 87
538 551
609 616
444 450
433 438
297 311
903 911
59 65
390 418
293 296
383 394
205 226
364 370
596 613
159 162
861 872
325 328
855 860
661 666
946 962
928 941
768 787
699 716
689 709
336 353
380 391
696 714
8 23
724 729
175 184
586 593
355 356
187 205
824 834
745 751
518 538
587 595
825 830
224 232
344 357
826 832
439 447
705 711
23 29
11 21
166 179
728 732
86 98
864 871
500 517
455 464
101 112
246 263
187 218
696 711
103 115
392 405
989 997
290 310
653 663
221 230
411 425
625 630
305 313
198 219
690 718
765 778
502 517
393 414
676 699
986 997
983 984
790 798
336 345
95 109
39 72
461 470
329 334
970 983
456 465
430 444
242 251
269 274
220 231
251 262
670 687
598 617
427 432
827 833
861 881
99 123
461 471
918 930
318 324
182 212
782 801
388 401
367 381
790 804
451 464
424 434
274 281
516 520
768 789
16 52
526 527
23 48
73 78
59 68
462 476
216 223
169 187
617 627
986 999
278 284
168 175
23 28
607 617
659 674
374 379
650 651
429 443
969 974
781 782
682 690
106 117
592 602
919 936
589 595
395 420
280 293
771 783
75 84
774 787
295 317
823 834
676 692
115 125
25 37
466 480
773 795
656 670
3 15
524 529
649 651
983 990
125 138
812 819
759 775
536 549
320 327
468 488
217 227
898 911
385 395
658 670
842 852
730 740
910 926
791 805
331 332
775 786
22 28
374 384
902 909
783 800
184 204
393 416
739 750
4 11
589 592
19 41
584 590
68 80
367 377
18 58
515 523
651 659
41 65
541 561
679 688
841 855
185 195
244 247
72 76
20 48
673 686
583 586
753 760
334 350
435 443
641 650
901 911
649 655
249 266
228 240
528 547
976 990
119 126
547 563
518 533
503 507
805 807
919 942
606 611
552 570
231 239
464 484
278 288
840 852
283 298
96 101
164 169
391 417
624 633
365 380
174 188
254 271
9 25
496 503
811 814
718 724
803 807
461 482
437 448
555 560
655 660
24 26
394 405
670 678
85 95
16 47
371 383
424 432
637 640
72 81
20 28
492 499
464 477
597 614
593 602
86 94
433 440
633 642
516 518
810 814
775 795
392 415
828 831
193 197
23 61
962 965
977 992
126 137
442 448
323 329
836 843
733 737
101 115
440 447
637 644
178 184
296 318
357 359
988 998
247 260
532 548
376 390
963 982
394 399
657 675
841 857
700 710
504 509
871 882
655 656
291 301
91 109
288 300
23 54
928 932
390 416
591 592
976 989
919 948
639 648
422 432
243 251
536 554
909 923
453 462
488 489
74 86
606 617
955 970
225 235
81 83
474 488
84 94
510 526
19 53
709 720
432 437
15 24
595 602
20 43
12 18
637 638
550 560
464 470
193 207
705 710
160 162
612 625
168 170
19 55
928 942
338 351
241 251
114 127
747 762
775 785
175 186
127 131
16 30
833 842
319 326
216 219
980 991
23 46
442 454
217 219
967 979
523 534
720 734
372 377
859 877
26 73
973 995
83 94
521 538
863 875
188 207
528 542
896 910
228 238
834 843
624 634
652 659
708 720
376 388
367 380
388 417
570 573
585 589
269 275
187 210
314 322
674 686
179 186
861 868
610 622
682 689
523 536
31 69
83 93
389 406
837 843
682 697
534 558
304 313
387 394
889 898
25 47
531 558
985 996
899 915
543 564
372 385
424 430
157 160
760 778
823 832
633 644
716 726
691 715
547 569
182 199
94 101
177 188
276 292
680 690
885 892
871 888
529 546
170 193
526 528
171 192
625 634
361 373
819 823
784 803
929 947
883 889
511 526
289 295
338 345
391 415
229 241
391 414
497 504
333 344
913 922
24 43
952 967
151 159
313 324
390 406
781 794
371 379
678 690
884 892
532 552
390 420
386 392
17 60
435 440
701 708
970 979
751 765
876 884
76 90
575 580
327 339
154 158
371 376
13 22
548 562
226 234
747 764
1 7
637 642
688 717
467 478
657 665
570 571
636 641
788 803
635 640
744 748
372 380
900 910
71 79
194 225
520 529
82 86
46 64
876 883
849 857
777 791
370 376
632 638
23 37
97 100
854 859
846 857
972 989
98 102
656 669
526 534
949 951
442 449
149 151
656 674
757 772
718 719
191 198
849 855
756 772
446 467
396 402
520 531
118 125
928 947
21 42
397 407
568 576
404 425
246 258
392 419
700 711
147 157
23 39
949 955
932 954
794 800
642 650
764 779
683 695
305 312
798 806
653 656
100 120
111 122
823 838
371 385
828 834
716 724
255 271
41 73
556 566
467 483
20 29
898 913
866 869
431 439
218 226
667 685
575 583
686 704
109 115
437 446
5 14
66 74
9 23
702 709
139 149
444 451
987 1000
899 916
502 514
248 267
246 262
94 107
904 928
918 932
545 560
23 43
532 544
445 454
850 865
167 181
482 488
181 191
980 989
277 294
451 460
393 420
521 534
390 421
382 396
224 229
207 225
882 892
357 360
306 311
560 571
613 628
132 149
456 457
776 785
778 786
849 854
338 342
968 976
779 795
315 319
770 795
922 944
759 771
446 465
372 382
803 808
71 76
809 814
864 878
796 803
127 138
127 132
749 757
681 693
36 73
927 932
844 857
588 594
385 394
196 225
896 913
640 650
454 459
23 53
247 264
511 519
182 218
697 713
526 536
197 227
460 476
137 144
184 209
17 57
433 441
972 987
21 45
579 584
775 790
382 388
439 446
12 23
103 114
200 225
715 726
512 518
613 624
390 412
503 506
34 63
926 945
669 684
379 391
280 294
923 943
772 795
983 994
439 452
319 329
275 280
827 835
5 10
503 515
191 211
332 349
931 959
620 621
520 532
759 781
96 110
561 579
413 427
780 796
436 437
78 83
7 10
282 287
942 954
252 262
336 350
545 564
946 953
8 22
159 166
879 885
249 263
283 303
392 406
867 874
197 222
448 467
202 224
943 958
247 255
571 583
62 69
637 641
447 467
122 127
147 152
728 734
19 61
177 190
981 990
383 391
85 92
903 910
25 33
435 441
778 794
137 143
501 513
248 263
19 29
247 267
335 352
402 426
235 238
651 662
4 8
109 113
5 15
698 709
730 742
648 653
398 427
520 537
462 483
158 166
971 977
597 613
332 354
503 505
672 679
119 127
555 559
303 317
77 85
392 408
290 299
902 908
180 189
826 831
374 382
612 626
626 635
925 947
526 532
336 355
496 504
368 385
183 211
291 299
780 786
902 914
927 939
865 880
824 839
719 734
462 475
593 598
467 472
674 679
462 477
889 900
682 695
615 625
190 203
375 392
897 913
286 307
100 121
661 675
966 980
780 795
489 493
15 16
234 244
374 383
874 886
875 884
882 891
928 931
987 997
683 693
701 716
68 78
904 921
895 905
635 638
312 323
394 411
901 917
926 949
659 675
512 519
447 465
545 561
766 767
920 950
65 78
590 593
593 604
629 632
251 258
133 147
207 226
560 577
371 377
21 37
19 26
537 546
605 618
797 811
90 95
602 619
954 969
840 854
884 890
832 843
184 195
827 832
30 71
22 33
828 836
396 417
902 917
192 205
150 154
452 458
396 403
190 218
332 346
965 978
146 152
230 241
16 40
178 188
507 519
390 400
432 439
694 718
380 392
102 114
789 804
166 172
861 880
20 33
281 293
886 894
803 812
825 829
456 463
350 358
891 898
759 774
52 66
872 887
86 92
162 181
195 222
24 46
698 716
332 353
66 76
546 561
501 511
434 437
471 487
792 802
108 120
862 875
25 41
36 65
126 130
446 464
317 320
55 64
156 158
811 819
840 855
80 87
569 577
333 346
314 319
188 213
144 154
208 225
726 735
887 891
563 577
462 479
287 301
167 172
15 21
728 729
343 357
75 85
798 808
79 86
687 703
21 53
938 958
730 743
594 603
532 546
72 75
51 68
334 342
290 298
286 308
23 58
21 47
22 44
760 773
876 885
195 219
847 855
527 555
488 490
164 179
189 195
424 429
19 51
460 479
686 693
739 752
331 335
946 956
925 942
132 147
658 671
518 531
721 734
679 697
409 422
126 142
296 315
298 311
394 408
544 559
920 949
165 175
133 150
541 570
752 760
19 52
517 518
396 419
45 70
645 655
230 244
388 415
248 261
91 105
289 304
248 264
396 404
24 36
25 55
885 894
639 650
91 108
19 36
661 668
660 668
660 664
75 88
148 157
634 638
461 480
953 967
294 300
24 42
820 824
757 777
319 328
