1000 5000 100
6 11 11 11 11 11 11 11 11 11 10 10 10 10 10 10 10 10 10 10 10 10 10 10 10 10 10 10 10 10 10 10 10 10 10 10 10 10 10 10 10 10 10 10 10 10 10 10 10 10 10 10 10 10 10 10 10 10 10 10 10 10 10 10 10 10 10 10 10 10 10 10 10 10 10 10 10 10 10 10 10 10 10 10 10 10 10 10 10 10 10 10 10 10 10 10 10 10 10 5 
1 7
7 18
18 29
29 40
40 51
51 62
62 73
73 84
84 95
95 106
106 116
116 126
126 136
136 146
146 156
156 166
166 176
176 186
186 196
196 206
206 216
216 226
226 236
236 246
246 256
256 266
266 276
276 286
286 296
296 306
306 316
316 326
326 336
336 346
346 356
356 366
366 376
376 386
386 396
396 406
406 416
416 426
426 436
436 446
446 456
456 466
466 476
476 486
486 496
496 506
506 516
516 526
526 536
536 546
546 556
556 566
566 576
576 586
586 596
596 606
606 616
616 626
626 636
636 646
646 656
656 666
666 676
676 686
686 696
696 706
706 716
716 726
726 736
736 746
746 756
756 766
766 776
776 786
786 796
796 806
806 816
816 826
826 836
836 846
846 856
856 866
866 876
876 886
886 896
896 906
906 916
916 926
926 936
936 946
946 956
956 966
966 976
976 986
986 996
987 996
977 987
967 977
957 967
947 957
937 947
927 937
917 927
907 917
897 907
887 897
877 887
867 877
857 867
847 857
837 847
827 837
817 827
807 817
797 807
787 797
777 787
767 777
757 767
747 757
737 747
727 737
717 727
707 717
697 707
687 697
677 687
667 677
657 667
647 657
637 647
627 637
617 627
607 617
597 607
587 597
577 587
567 577
557 567
547 557
537 547
527 537
517 527
507 517
497 507
487 497
477 487
467 477
457 467
447 457
437 447
427 437
417 427
407 417
397 407
387 397
377 387
367 377
357 367
347 357
337 347
327 337
317 327
307 317
297 307
287 297
277 287
267 277
257 267
247 257
237 247
227 237
217 227
207 217
197 207
187 197
177 187
167 177
157 167
147 157
137 147
127 137
117 127
107 117
96 107
85 96
74 85
63 74
52 63
41 52
30 41
19 30
8 19
2 8
2 9
9 20
20 31
31 42
42 53
53 64
64 75
75 86
86 97
97 108
108 118
118 128
128 138
138 148
148 158
158 168
168 178
178 188
188 198
198 208
208 218
218 228
228 238
238 248
248 258
258 268
268 278
278 288
288 298
298 308
308 318
318 328
328 338
338 348
348 358
358 368
368 378
378 388
388 398
398 408
408 418
418 428
428 438
438 448
448 458
458 468
468 478
478 488
488 498
498 508
508 518
518 528
528 538
538 548
548 558
558 568
568 578
578 588
588 598
598 608
608 618
618 628
628 638
638 648
648 658
658 668
668 678
678 688
688 698
698 708
708 718
718 728
728 738
738 748
748 758
758 768
768 778
778 788
788 798
798 808
808 818
818 828
828 838
838 848
848 858
858 868
868 878
878 888
888 898
898 908
908 918
918 928
928 938
938 948
948 958
958 968
968 978
978 988
988 997
989 997
979 989
969 979
959 969
949 959
939 949
929 939
919 929
909 919
899 909
889 899
879 889
869 879
859 869
849 859
839 849
829 839
819 829
809 819
799 809
789 799
779 789
769 779
759 769
749 759
739 749
729 739
719 729
709 719
699 709
689 699
679 689
669 679
659 669
649 659
639 649
629 639
619 629
609 619
599 609
589 599
579 589
569 579
559 569
549 559
539 549
529 539
519 529
509 519
499 509
489 499
479 489
469 479
459 469
449 459
439 449
429 439
419 429
409 419
399 409
389 399
379 389
369 379
359 369
349 359
339 349
329 339
319 329
309 319
299 309
289 299
279 289
269 279
259 269
249 259
239 249
229 239
219 229
209 219
199 209
189 199
179 189
169 179
159 169
149 159
139 149
129 139
119 129
109 119
98 109
87 98
76 87
65 76
54 65
43 54
32 43
21 32
10 21
3 10
3 11
11 22
22 33
33 44
44 55
55 66
66 77
77 88
88 99
99 110
110 120
120 130
130 140
140 150
150 160
160 170
170 180
180 190
190 200
200 210
210 220
220 230
230 240
240 250
250 260
260 270
270 280
280 290
290 300
300 310
310 320
320 330
330 340
340 350
350 360
360 370
370 380
380 390
390 400
400 410
410 420
420 430
430 440
440 450
450 460
460 470
470 480
480 490
490 500
500 510
510 520
520 530
530 540
540 550
550 560
560 570
570 580
580 590
590 600
600 610
610 620
620 630
630 640
640 650
650 660
660 670
670 680
680 690
690 700
700 710
710 720
720 730
730 740
740 750
750 760
760 770
770 780
780 790
790 800
800 810
810 820
820 830
830 840
840 850
850 860
860 870
870 880
880 890
890 900
900 910
910 920
920 930
930 940
940 950
950 960
960 970
970 980
980 990
990 998
991 998
981 991
971 981
961 971
951 961
941 951
931 941
921 931
911 921
901 911
891 901
881 891
871 881
861 871
851 861
841 851
831 841
821 831
811 821
801 811
791 801
781 791
771 781
761 771
751 761
741 751
731 741
721 731
711 721
701 711
691 701
681 691
671 681
661 671
651 661
641 651
631 641
621 631
611 621
601 611
591 601
581 591
571 581
561 571
551 561
541 551
531 541
521 531
511 521
501 511
491 501
481 491
471 481
461 471
451 461
441 451
431 441
421 431
411 421
401 411
391 401
381 391
371 381
361 371
351 361
341 351
331 341
321 331
311 321
301 311
291 301
281 291
271 281
261 271
251 261
241 251
231 241
221 231
211 221
201 211
191 201
181 191
171 181
161 171
151 161
141 151
131 141
121 131
111 121
100 111
89 100
78 89
67 78
56 67
45 56
34 45
23 34
12 23
4 12
4 13
13 24
24 35
35 46
46 57
57 68
68 79
79 90
90 101
101 112
112 122
122 132
132 142
142 152
152 162
162 172
172 182
182 192
192 202
202 212
212 222
222 232
232 242
242 252
252 262
262 272
272 282
282 292
292 302
302 312
312 322
322 332
332 342
342 352
352 362
362 372
372 382
382 392
392 402
402 412
412 422
422 432
432 442
442 452
452 462
462 472
472 482
482 492
492 502
502 512
512 522
522 532
532 542
542 552
552 562
562 572
572 582
582 592
592 602
602 612
612 622
622 632
632 642
642 652
652 662
662 672
672 682
682 692
692 702
702 712
712 722
722 732
732 742
742 752
752 762
762 772
772 782
782 792
792 802
802 812
812 822
822 832
832 842
842 852
852 862
862 872
872 882
882 892
892 902
902 912
912 922
922 932
932 942
942 952
952 962
962 972
972 982
982 992
992 999
993 999
983 993
973 983
963 973
953 963
943 953
933 943
923 933
913 923
903 913
893 903
883 893
873 883
863 873
853 863
843 853
833 843
823 833
813 823
803 813
793 803
783 793
773 783
763 773
753 763
743 753
733 743
723 733
713 723
703 713
693 703
683 693
673 683
663 673
653 663
643 653
633 643
623 633
613 623
603 613
593 603
583 593
573 583
563 573
553 563
543 553
533 543
523 533
513 523
503 513
493 503
483 493
473 483
463 473
453 463
443 453
433 443
423 433
413 423
403 413
393 403
383 393
373 383
363 373
353 363
343 353
333 343
323 333
313 323
303 313
293 303
283 293
273 283
263 273
253 263
243 253
233 243
223 233
213 223
203 213
193 203
183 193
173 183
163 173
153 163
143 153
133 143
123 133
113 123
102 113
91 102
80 91
69 80
58 69
47 58
36 47
25 36
14 25
5 14
5 15
15 26
26 37
37 48
48 59
59 70
70 81
81 92
92 103
103 114
114 124
124 134
134 144
144 154
154 164
164 174
174 184
184 194
194 204
204 214
214 224
224 234
234 244
244 254
254 264
264 274
274 284
284 294
294 304
304 314
314 324
324 334
334 344
344 354
354 364
364 374
374 384
384 394
394 404
404 414
414 424
424 434
434 444
444 454
454 464
464 474
474 484
484 494
494 504
504 514
514 524
524 534
534 544
544 554
554 564
564 574
574 584
584 594
594 604
604 614
614 624
624 634
634 644
644 654
654 664
664 674
674 684
684 694
694 704
704 714
714 724
724 734
734 744
744 754
754 764
764 774
774 784
784 794
794 804
804 814
814 824
824 834
834 844
844 854
854 864
864 874
874 884
884 894
894 904
904 914
914 924
924 934
934 944
944 954
954 964
964 974
974 984
984 994
994 1000
995 1000
985 995
975 985
965 975
955 965
945 955
935 945
925 935
915 925
905 915
895 905
885 895
875 885
865 875
855 865
845 855
835 845
825 835
815 825
805 815
795 805
785 795
775 785
765 775
755 765
745 755
735 745
725 735
715 725
705 715
695 705
685 695
675 685
665 675
655 665
645 655
635 645
625 635
615 625
605 615
595 605
585 595
575 585
565 575
555 565
545 555
535 545
525 535
515 525
505 515
495 505
485 495
475 485
465 475
455 465
445 455
435 445
425 435
415 425
405 415
395 405
385 395
375 385
365 375
355 365
345 355
335 345
325 335
315 325
305 315
295 305
285 295
275 285
265 275
255 265
245 255
235 245
225 235
215 225
205 215
195 205
185 195
175 185
165 175
155 165
145 155
135 145
125 135
115 125
104 115
93 104
82 93
71 82
60 71
49 60
38 49
27 38
16 27
6 16
6 17
17 28
28 39
39 50
50 61
61 72
72 83
83 94
94 105
249 260
625 629
617 629
391 397
330 345
308 323
177 195
758 773
578 594
865 870
190 198
251 257
877 891
316 329
647 658
263 267
575 581
357 374
823 828
636 654
546 559
441 449
835 841
767 781
827 836
856 867
884 891
730 742
928 940
440 447
835 844
568 577
565 571
416 432
340 355
325 333
221 234
822 829
939 954
395 396
588 601
269 282
790 802
574 583
973 978
411 425
429 437
722 730
299 315
312 324
274 277
826 842
306 323
726 739
980 987
750 756
420 426
655 662
910 918
734 740
432 441
135 139
649 657
922 929
92 104
717 732
228 245
51 63
884 895
668 677
243 247
742 753
153 157
908 920
213 221
621 626
573 585
984 991
569 577
660 673
96 115
894 900
906 919
295 296
916 935
320 331
726 743
468 482
102 106
659 673
28 36
839 853
523 535
967 980
816 833
846 865
187 202
436 452
253 260
367 384
179 187
955 956
244 246
442 447
248 261
206 225
226 239
369 380
65 78
945 946
947 961
570 579
496 513
861 866
471 479
110 116
653 657
189 203
748 761
420 429
745 747
609 618
219 230
805 813
870 883
595 603
585 593
811 819
869 876
746 762
448 464
66 75
877 893
375 381
68 77
977 995
475 480
354 359
183 189
921 933
903 914
907 925
47 56
432 439
420 435
362 366
908 917
686 705
842 850
36 50
753 757
570 585
788 799
593 605
831 843
424 427
691 696
46 61
271 277
255 261
85 103
577 592
561 569
488 503
915 916
672 681
858 874
502 506
739 747
946 961
16 26
545 549
409 420
37 45
374 382
590 598
894 902
271 278
182 195
404 412
672 683
381 395
762 770
567 579
909 924
671 682
522 531
522 529
663 669
959 968
355 363
676 694
845 854
371 385
974 978
526 545
136 155
976 991
509 525
570 583
812 824
339 347
535 538
332 337
941 949
787 796
473 481
877 890
335 341
589 605
663 671
985 990
754 757
115 117
494 502
15 27
756 769
982 986
178 186
674 680
966 983
895 901
562 567
981 986
764 770
612 624
45 59
468 481
782 791
846 864
413 421
579 595
347 356
914 917
490 496
692 704
710 719
323 330
289 303
826 837
150 159
133 137
983 987
125 130
870 884
800 809
92 100
272 283
602 615
982 995
355 362
405 413
301 309
4 10
322 330
549 564
622 626
349 362
984 987
168 183
496 511
762 769
642 647
819 835
619 626
918 932
146 164
425 434
10 24
58 71
718 729
687 700
757 773
533 539
81 90
364 369
866 884
489 505
664 675
634 637
358 367
782 794
352 357
186 204
793 801
916 928
989 999
566 579
979 990
150 158
140 149
789 800
537 553
389 405
191 204
209 224
953 961
590 601
685 690
503 509
717 726
517 533
293 302
572 576
6 15
826 838
254 259
15 24
910 924
273 281
76 92
801 812
366 380
608 620
706 721
943 948
608 619
584 587
431 436
572 579
252 256
586 602
889 898
343 354
62 75
286 297
294 298
739 751
226 238
912 924
689 698
138 149
409 421
138 152
241 253
664 672
205 209
249 257
950 964
793 802
849 860
612 625
438 446
111 118
450 463
300 309
327 343
499 513
49 55
269 277
367 383
709 716
84 101
478 495
120 126
155 164
381 389
963 975
402 407
320 332
173 185
246 260
129 140
37 44
52 69
403 409
144 150
375 382
621 630
103 106
335 337
746 764
638 655
405 408
866 883
323 331
653 660
975 981
564 571
594 597
741 750
37 43
520 531
613 621
486 503
716 733
580 587
531 542
69 82
978 993
357 372
760 769
558 571
956 970
914 922
840 853
101 114
81 91
871 876
411 417
74 90
462 471
32 49
485 494
508 516
604 612
863 870
882 886
593 599
225 228
981 993
138 146
839 848
772 784
153 156
919 934
970 979
376 388
400 407
227 236
707 723
246 261
616 628
881 895
512 517
887 896
434 440
172 176
207 219
830 841
121 135
192 199
370 377
412 424
712 717
86 105
796 809
466 484
272 281
904 910
242 255
389 400
372 376
556 575
811 817
796 812
368 382
95 108
591 604
436 448
507 520
820 832
291 297
587 605
176 187
986 997
937 952
56 72
50 55
694 696
198 210
879 892
923 931
755 757
13 25
366 378
515 520
455 461
665 671
132 136
312 321
52 71
332 343
160 173
715 716
396 408
905 912
941 950
166 183
112 123
324 330
665 668
339 353
460 475
227 243
131 145
592 598
560 567
761 770
1 13
513 518
712 720
936 949
268 285
383 386
142 146
374 380
753 762
653 662
987 998
833 839
736 753
291 296
468 480
72 73
828 839
814 821
957 966
927 943
687 696
27 30
970 984
272 279
74 84
882 893
969 978
183 190
323 329
530 538
120 128
539 553
317 332
451 465
12 21
145 154
603 610
27 37
83 91
901 914
214 221
892 901
303 309
710 724
17 25
924 928
371 377
931 936
65 79
536 547
567 582
53 67
514 520
767 778
336 355
667 679
500 514
406 425
890 905
699 712
189 204
596 608
991 997
960 968
376 391
731 737
555 558
711 716
880 894
732 743
290 299
50 53
632 643
61 69
514 522
884 888
129 144
516 529
93 97
12 20
193 197
201 213
864 875
442 450
882 895
892 900
439 455
117 134
427 442
406 424
518 530
726 738
383 391
81 87
657 670
66 82
510 519
688 704
183 195
635 642
790 805
360 372
574 576
612 617
570 577
328 344
380 389
291 302
861 869
161 170
968 985
956 969
785 787
316 330
452 461
548 563
430 438
405 411
640 652
772 779
796 807
949 961
879 891
785 789
875 877
678 689
123 127
555 556
895 902
50 56
893 896
611 624
135 138
77 91
839 847
700 709
418 426
912 917
314 323
267 278
329 338
960 975
874 880
823 826
531 536
153 158
824 829
856 872
439 452
445 448
322 334
667 680
9 18
841 855
955 960
240 247
624 632
366 377
965 967
264 273
480 495
314 325
651 660
14 24
77 86
393 400
578 590
476 493
356 370
552 560
275 277
932 940
550 561
116 131
739 748
35 49
262 274
629 642
829 844
175 178
855 864
826 843
646 659
716 731
499 510
664 668
276 290
9 26
200 213
803 814
695 698
249 262
834 843
556 568
656 671
465 469
314 316
484 492
212 217
260 271
865 871
939 953
18 38
732 740
24 29
730 738
902 908
197 209
274 276
765 767
24 33
233 236
378 389
944 952
112 117
320 328
407 418
238 249
896 909
719 731
414 425
104 109
324 332
624 630
172 177
244 247
140 146
625 626
620 632
571 583
623 629
381 387
872 881
259 275
549 556
369 376
886 902
505 510
527 545
389 397
86 98
419 426
818 833
95 109
969 976
207 220
640 653
812 817
665 674
699 710
612 618
893 897
612 619
301 306
762 773
208 224
819 834
8 21
250 264
445 449
974 985
45 51
768 785
940 949
110 117
352 359
972 977
500 506
512 525
171 184
852 859
858 872
778 795
423 431
41 53
666 682
523 528
539 548
370 381
874 877
403 411
669 682
740 746
540 549
278 293
273 278
883 895
880 893
161 169
436 455
380 387
922 930
255 262
159 170
517 530
363 369
879 895
602 611
172 184
365 372
751 762
553 560
246 257
641 652
279 293
914 921
218 227
686 699
232 245
387 402
940 948
574 578
30 44
509 517
8 28
614 620
876 895
487 499
482 493
687 704
964 970
283 289
286 304
895 898
81 89
189 202
154 162
162 175
335 343
657 672
879 890
435 444
401 407
879 886
674 682
523 531
282 295
367 382
754 763
113 117
576 587
723 726
896 914
984 990
36 43
369 385
102 114
410 419
21 34
556 571
464 475
919 930
488 501
503 511
312 319
613 622
125 132
946 963
828 836
62 77
581 594
981 995
211 216
68 74
994 998
429 440
732 739
354 363
658 673
556 572
964 972
284 292
323 335
55 65
966 978
236 253
49 59
529 536
370 384
358 371
612 621
845 851
203 215
458 469
80 92
140 151
124 133
387 404
295 303
187 196
822 831
563 568
209 225
304 313
64 78
11 19
402 411
692 697
605 607
984 988
143 152
60 68
741 753
863 874
336 352
428 444
881 889
913 922
849 863
27 33
875 884
803 807
129 142
341 355
164 170
140 155
461 466
472 484
144 148
703 707
678 687
265 267
217 230
853 858
617 632
596 614
434 441
259 266
74 91
130 143
885 890
2 17
169 184
737 746
16 18
736 754
930 941
171 182
471 485
313 317
489 502
736 749
230 242
977 989
77 84
44 52
482 487
423 429
607 618
381 386
519 528
223 234
707 720
221 232
730 744
103 110
446 460
707 719
10 27
526 538
213 225
835 839
738 755
102 109
110 119
767 780
154 161
133 145
223 230
728 736
530 544
43 52
851 863
461 473
459 471
807 824
777 788
147 163
221 226
896 907
472 477
253 261
421 428
869 882
56 63
695 696
516 527
940 955
150 165
47 51
967 983
223 227
326 340
814 816
848 862
511 518
262 268
743 755
673 682
554 560
164 166
443 450
262 271
977 988
481 489
13 19
151 163
261 267
334 340
199 213
652 660
297 310
785 794
964 973
278 290
706 724
386 400
548 564
239 248
90 98
568 582
453 459
492 503
504 506
983 989
404 415
315 318
861 874
474 479
471 477
830 843
838 847
216 228
435 440
445 450
809 817
473 477
818 835
589 600
488 505
968 977
568 579
440 455
725 727
165 166
23 36
825 833
607 622
923 928
948 957
32 47
195 204
748 760
20 34
561 573
678 692
912 918
78 88
930 945
958 966
375 384
423 427
403 407
708 722
96 109
743 746
607 616
816 835
262 273
426 443
554 565
622 629
78 93
128 137
157 168
218 234
557 569
599 615
716 734
118 127
67 76
456 470
15 28
855 861
711 718
725 729
784 790
284 287
398 413
712 719
74 93
16 22
686 702
513 517
317 326
357 368
209 216
219 232
522 535
339 354
908 919
21 30
118 126
708 721
264 275
659 667
888 899
584 586
413 420
371 380
235 236
677 689
521 527
49 61
821 826
16 19
455 462
726 742
307 323
257 269
242 250
357 373
12 22
521 535
301 308
674 677
388 400
846 862
172 181
429 445
663 667
863 869
409 423
973 980
579 591
132 140
27 34
6 8
821 827
691 700
765 774
395 403
342 355
197 212
766 783
5 11
144 155
629 644
789 798
93 100
114 116
63 79
904 909
293 299
913 921
814 820
982 993
261 275
658 675
685 694
670 683
262 275
152 156
167 178
988 998
347 363
742 751
386 404
148 157
622 631
703 710
917 929
627 636
445 447
88 104
34 42
901 913
25 38
151 160
727 745
5 16
674 679
931 938
653 664
566 581
64 81
819 828
210 223
325 330
221 228
169 177
497 506
54 63
803 806
555 557
492 499
15 21
28 29
39 47
4 15
171 177
628 636
270 281
815 819
480 488
906 918
695 699
681 687
832 844
211 223
67 77
591 598
558 566
551 564
730 745
449 465
342 353
370 385
887 899
395 402
877 889
170 176
925 926
321 330
788 800
796 814
472 483
448 457
526 541
84 100
285 290
798 814
378 386
138 154
912 916
128 140
504 507
371 383
884 890
87 96
113 125
180 188
169 178
593 600
765 766
86 100
182 194
378 391
593 598
903 910
367 378
26 29
488 497
536 550
2 11
226 244
136 147
933 936
654 663
793 799
159 175
969 977
73 85
553 559
362 374
22 31
959 974
176 194
225 226
621 627
206 217
528 542
600 608
781 792
449 464
305 307
347 359
366 381
658 666
432 438
333 344
630 642
311 322
870 881
707 718
735 740
925 929
83 85
587 604
87 97
82 86
321 333
700 708
551 560
807 823
532 544
260 266
916 927
369 381
22 30
483 492
208 219
135 136
603 606
503 510
440 452
396 411
755 760
354 360
870 882
295 298
847 863
940 946
73 90
895 903
859 871
396 409
98 106
120 135
756 775
434 439
163 169
119 135
403 408
505 512
194 203
704 707
455 464
925 933
625 631
695 703
695 697
282 294
604 609
149 157
953 956
636 649
549 563
483 486
105 114
769 780
811 825
668 680
59 64
483 491
472 478
155 163
828 837
485 489
924 926
176 192
666 677
698 706
769 783
275 280
331 345
230 238
124 131
244 248
895 896
795 804
181 186
289 298
434 443
645 647
888 902
885 893
453 462
18 32
671 683
746 763
843 850
582 594
879 888
142 153
123 135
809 818
759 774
72 81
770 779
934 938
50 59
603 608
850 856
665 672
144 149
276 294
352 360
162 170
462 466
359 371
731 742
482 490
993 1000
654 658
90 95
982 989
254 258
338 353
667 682
299 308
704 706
531 537
985 991
780 794
373 380
912 919
816 830
541 555
409 416
943 946
425 429
17 21
824 832
475 483
201 208
59 63
507 525
872 885
147 162
230 236
454 461
873 877
329 343
38 45
422 426
799 814
894 899
512 524
108 125
708 720
504 515
691 703
490 501
181 195
840 851
121 128
918 933
530 536
602 606
319 326
197 214
967 978
746 759
718 732
943 954
465 473
457 475
130 137
155 159
906 920
95 115
907 916
533 536
703 708
676 690
78 84
590 605
615 621
614 622
714 719
668 676
485 491
6 14
685 689
35 40
763 774
925 934
49 56
66 76
639 650
32 41
863 867
226 240
502 510
625 628
624 628
885 887
563 571
184 193
842 854
570 578
333 342
51 66
385 388
603 609
380 388
930 942
99 112
735 736
318 327
257 273
801 808
641 646
627 638
25 33
803 809
660 667
177 190
311 319
617 633
682 691
452 464
748 757
174 178
549 560
189 200
965 974
625 632
36 41
808 825
662 670
906 923
238 253
361 366
369 384
946 957
928 943
476 488
34 50
151 159
529 537
40 61
721 730
382 389
843 851
869 880
780 792
834 845
789 801
485 487
739 755
277 293
785 786
705 711
91 96
23 31
566 583
322 335
35 45
383 394
773 777
559 572
354 361
650 659
101 106
516 533
982 987
293 298
301 307
850 863
494 498
433 437
317 329
380 392
857 874
508 522
671 678
348 364
968 984
951 962
795 799
936 954
681 689
361 372
661 668
358 372
430 442
218 226
975 977
277 288
513 516
456 471
282 288
113 121
729 738
887 898
673 679
582 595
152 163
710 717
303 310
514 521
307 316
348 356
451 460
103 112
902 913
535 536
542 550
675 680
59 69
655 664
784 788
177 186
201 207
487 496
883 886
191 203
377 386
606 622
794 796
315 321
122 131
28 35
98 111
869 878
737 753
904 908
387 396
969 980
500 512
475 477
839 846
308 325
587 598
248 262
787 801
504 509
581 592
191 205
963 972
697 706
899 910
841 854
861 873
783 792
880 888
363 370
606 617
495 498
786 801
891 898
7 22
170 178
817 831
866 882
262 266
211 220
291 304
924 933
201 212
897 908
382 386
424 432
149 165
243 246
523 532
345 352
277 292
533 542
859 870
42 55
823 830
10 23
494 505
417 429
633 645
669 676
37 42
285 286
546 565
228 244
341 347
459 473
522 530
807 819
327 345
684 692
951 956
103 115
458 472
474 485
127 139
634 641
645 650
552 558
843 848
257 268
457 473
319 334
663 668
317 330
556 573
942 954
477 495
840 852
812 818
413 418
605 609
400 413
790 797
848 864
688 696
334 342
905 911
688 700
146 160
334 343
349 358
38 50
450 462
216 230
220 235
616 630
889 905
688 699
545 554
190 196
528 540
656 672
925 932
805 810
788 805
233 245
469 477
30 42
628 641
196 207
384 388
239 250
742 750
489 503
521 533
499 515
276 291
758 769
43 60
285 294
17 19
855 860
166 185
26 39
12 28
300 307
234 236
924 930
911 925
819 831
597 612
402 408
820 833
382 388
727 739
361 368
968 980
112 125
623 628
702 707
923 935
373 382
400 412
306 325
920 934
413 425
250 257
978 987
630 641
989 998
259 273
723 731
264 268
154 159
698 710
720 728
621 628
443 451
497 515
945 947
183 187
259 271
620 627
615 624
327 339
760 775
228 239
691 697
217 228
486 505
917 935
55 63
732 738
259 267
247 265
571 580
510 518
56 68
61 67
507 522
871 880
953 965
149 163
107 122
275 278
673 677
660 671
399 410
883 887
67 73
862 869
353 364
688 697
693 696
270 284
984 993
328 341
950 956
881 890
766 779
885 889
324 335
946 960
42 54
306 317
157 173
979 986
222 235
941 947
666 685
689 704
712 716
433 440
134 137
364 370
559 574
774 785
139 151
932 939
217 226
764 768
393 396
228 240
428 440
570 581
555 560
868 882
837 849
516 534
618 630
164 172
825 826
799 815
813 816
400 406
559 566
819 830
927 938
928 939
611 623
477 490
486 499
603 612
737 750
38 46
935 941
849 864
741 755
240 255
156 173
935 940
40 53
689 703
598 613
470 485
270 278
605 612
555 559
292 301
600 615
694 705
295 297
599 607
429 444
306 324
934 942
900 912
801 807
76 90
644 650
519 526
707 725
348 359
511 524
313 325
114 125
211 219
523 527
843 854
346 360
476 487
43 61
131 140
676 692
266 278
864 867
983 986
223 229
257 272
921 926
958 975
228 236
36 46
78 90
751 758
303 308
115 124
70 74
633 642
129 141
426 445
596 611
73 89
300 315
600 614
626 640
920 928
500 511
877 892
136 150
520 532
881 894
411 422
730 736
479 495
49 54
309 320
934 940
692 699
657 668
143 151
341 349
226 245
683 686
684 695
758 770
404 406
732 737
558 570
553 558
28 31
547 564
312 318
680 688
787 803
147 159
383 392
255 263
392 404
126 140
506 521
458 475
743 752
274 280
624 627
14 22
6 11
484 487
640 655
660 666
197 206
421 435
632 641
615 620
792 798
316 333
304 306
465 468
188 204
557 572
889 900
411 418
376 392
544 552
30 43
46 54
914 919
727 742
530 542
480 492
939 955
742 746
482 488
215 223
622 627
383 387
165 174
488 500
437 448
289 296
383 389
271 283
150 164
905 914
724 732
511 516
185 192
486 497
903 911
755 762
700 714
767 779
145 150
191 199
606 625
408 422
540 554
590 599
722 735
154 165
930 937
908 921
431 438
862 867
861 872
952 963
84 96
976 994
654 662
324 331
240 252
318 326
171 178
643 646
382 387
512 518
861 870
856 869
534 539
592 604
886 900
163 170
443 447
556 570
36 44
900 906
236 251
571 578
57 72
295 299
818 832
559 575
302 314
832 839
817 830
921 935
406 420
883 891
45 58
43 51
31 46
818 829
215 218
488 496
200 206
964 975
713 719
645 651
363 367
576 593
894 903
794 802
848 863
280 288
417 426
554 557
769 785
100 112
944 946
64 74
242 254
249 261
88 101
819 827
420 433
557 568
794 797
381 390
897 913
444 448
31 50
136 153
252 265
518 531
18 35
838 854
985 993
233 239
714 720
414 416
141 150
286 300
64 77
676 688
3 8
523 534
92 99
733 737
962 969
463 468
757 766
980 994
874 885
36 49
754 762
49 57
246 265
526 544
962 974
761 767
885 894
917 926
914 920
448 463
443 449
597 610
531 545
951 960
753 765
397 408
694 698
984 992
176 195
581 588
964 966
781 787
268 281
132 145
336 349
41 61
110 123
267 283
260 267
75 88
535 537
948 964
790 804
686 698
424 430
641 647
136 152
925 927
571 579
658 674
831 837
325 332
926 939
73 88
178 194
202 215
331 342
574 580
604 607
5 9
693 697
267 285
964 968
86 96
409 424
182 193
503 512
117 133
148 161
339 352
180 191
413 417
138 155
956 972
11 20
186 199
117 132
284 291
616 632
596 610
296 307
268 284
30 50
23 30
1 8
164 171
679 687
289 297
168 177
79 92
885 888
704 710
731 739
233 242
611 616
301 313
80 90
66 83
274 278
683 692
543 548
507 519
386 401
790 798
120 131
573 578
29 43
588 600
560 573
900 911
817 829
539 555
994 997
573 576
844 850
615 619
296 310
451 459
578 591
84 97
437 455
524 529
53 72
161 172
352 358
281 294
725 731
463 471
447 459
858 875
618 635
928 944
759 770
971 977
519 531
183 194
396 410
962 975
622 628
510 525
157 166
143 150
401 412
650 657
846 860
572 583
105 107
163 175
746 760
279 288
492 496
581 589
116 132
85 99
63 76
736 748
753 759
485 488
4 16
320 326
4 8
551 563
649 661
761 769
941 948
75 90
472 481
625 633
745 746
813 817
298 309
6 9
878 886
214 223
391 400
304 307
536 555
302 310
566 577
554 563
128 142
651 665
463 475
279 286
387 400
138 153
888 904
384 390
916 934
78 91
161 167
448 462
457 468
112 120
30 46
946 962
412 421
362 368
224 228
865 866
269 276
269 278
141 155
650 658
719 734
437 452
814 818
30 48
476 490
200 212
499 506
755 756
203 209
256 274
863 866
54 69
906 924
757 775
572 584
531 539
893 900
546 560
116 127
440 451
332 341
915 921
912 923
822 835
10 26
915 917
833 836
184 186
864 868
470 476
776 793
111 116
292 304
338 352
727 738
916 933
550 564
947 960
735 741
635 641
390 402
154 157
528 539
71 83
878 891
935 936
902 910
897 912
681 695
814 819
569 576
578 595
322 331
813 824
129 137
869 884
290 305
125 134
526 537
523 530
395 397
310 325
322 327
110 118
562 571
967 985
205 211
198 215
107 125
952 960
467 479
161 174
644 651
305 311
437 449
765 768
838 852
223 228
168 179
652 664
16 23
391 398
724 728
52 66
116 129
365 370
73 86
182 191
527 538
231 239
47 52
98 113
764 766
696 711
326 345
392 396
680 687
3 14
646 662
668 684
719 733
854 859
76 91
647 663
620 628
122 126
911 922
439 451
948 960
724 726
779 791
203 211
762 766
482 495
333 339
181 193
174 176
297 313
634 640
841 846
836 852
494 500
986 998
854 856
923 927
732 744
462 474
919 927
371 378
837 850
37 41
458 466
513 525
668 685
954 957
434 442
932 945
683 695
809 821
917 931
410 417
258 274
3 12
96 112
907 922
580 588
539 554
499 511
456 474
357 375
601 612
105 112
940 951
171 183
348 362
683 688
950 958
394 398
83 90
864 873
448 456
831 844
698 707
136 149
696 710
689 700
711 724
145 152
351 357
834 838
374 379
785 793
890 902
394 405
404 411
313 324
203 207
716 732
740 755
111 123
867 884
911 920
486 500
948 956
320 327
503 506
864 866
394 397
962 968
167 185
677 692
808 821
363 368
19 39
351 360
691 704
377 394
670 684
808 817
596 607
520 527
463 472
609 617
237 249
824 833
572 577
706 722
248 257
9 24
710 718
462 475
515 518
319 330
94 99
358 374
717 735
717 729
374 377
577 593
252 264
239 247
958 970
317 333
784 792
423 430
859 875
414 420
939 947
532 543
529 544
401 410
932 938
625 627
149 164
794 805
401 415
159 166
252 263
869 885
962 971
21 36
577 588
535 542
159 167
94 97
797 808
860 871
21 39
106 122
772 778
353 358
773 779
263 274
288 299
107 118
941 953
244 252
323 328
560 569
426 439
837 854
441 447
638 651
315 323
714 718
716 735
127 145
81 86
394 402
744 751
9 28
247 263
361 370
525 534
418 432
855 856
338 350
103 113
564 569
189 196
557 573
79 87
318 330
801 815
497 509
700 706
810 822
884 893
816 831
936 947
178 195
228 243
248 264
327 336
63 75
147 164
495 496
426 441
540 553
250 263
219 234
349 363
471 480
112 119
830 845
101 109
762 767
788 796
2 15
277 290
308 319
77 89
52 70
560 568
11 26
919 926
492 498
57 62
687 705
125 133
253 265
311 318
321 327
748 765
121 127
291 298
187 203
296 314
289 304
309 321
584 593
785 792
5 13
699 711
42 58
141 146
637 646
439 446
241 252
609 616
981 990
865 874
828 845
681 694
468 483
210 217
107 116
674 678
111 122
360 366
254 263
590 596
478 492
629 637
957 971
979 987
275 284
768 783
955 959
753 764
161 173
184 195
165 172
606 623
273 285
671 679
9 22
115 120
833 844
756 774
673 676
514 518
298 315
804 815
232 244
361 369
14 23
666 678
247 264
266 284
731 743
195 203
179 186
269 281
820 835
958 969
511 523
871 879
94 103
605 606
155 162
780 793
942 950
849 858
355 364
987 997
236 252
733 744
328 345
37 40
873 880
342 350
218 233
860 873
638 646
910 916
31 48
158 175
249 265
281 287
350 363
472 485
583 588
303 306
764 769
602 608
130 138
898 910
372 380
148 163
386 399
847 860
808 822
773 782
215 216
463 469
44 60
872 880
907 919
215 219
857 871
955 961
131 144
368 377
651 659
145 147
387 399
851 856
884 887
231 236
815 822
33 50
479 492
157 170
156 174
760 773
864 869
851 865
107 120
920 935
127 142
364 372
171 185
697 715
779 788
887 903
295 302
167 176
188 203
688 703
152 157
644 649
310 316
145 146
646 664
616 631
93 98
726 744
603 611
611 619
283 288
526 540
96 108
590 597
58 72
363 374
9 21
288 302
811 820
295 304
606 620
878 889
532 539
222 233
610 618
843 849
791 805
108 122
913 920
460 467
870 877
779 787
536 551
127 140
408 425
737 751
199 208
435 443
341 352
412 416
911 917
230 237
213 222
313 319
584 592
147 160
160 166
84 105
747 765
766 781
369 382
836 854
353 360
626 639
248 256
206 222
701 712
99 109
71 76
664 671
670 677
48 60
836 850
34 40
56 64
516 535
673 681
733 739
874 878
78 86
392 400
974 979
402 413
617 634
778 787
388 396
118 132
410 425
124 126
645 648
959 975
849 862
130 136
373 381
815 821
833 841
236 247
226 237
467 483
353 362
241 249
405 406
633 644
710 716
21 38
67 83
687 698
498 511
685 693
42 56
841 853
481 495
68 82
916 932
430 437
829 842
588 597
98 115
57 63
447 462
558 575
533 544
424 428
902 911
194 197
337 348
922 931
932 937
377 388
194 202
271 282
395 398
27 39
96 110
73 87
720 733
59 65
318 334
828 841
216 235
844 855
509 518
302 308
517 534
704 709
935 939
586 598
940 953
174 177
741 747
496 515
345 354
48 51
284 288
276 295
368 384
482 494
984 986
828 844
758 772
182 190
385 394
237 255
631 643
89 97
661 670
168 184
157 169
280 292
101 107
585 589
897 910
394 400
171 176
571 577
654 660
134 145
7 20
414 423
276 287
506 520
314 320
798 815
936 951
693 698
843 852
741 749
547 559
142 149
669 685
818 826
117 129
20 35
634 645
478 486
100 109
185 190
53 63
161 168
69 76
944 948
808 816
777 793
452 463
465 466
144 146
543 549
871 884
506 525
13 26
714 721
236 248
263 266
29 41
139 147
541 553
799 811
131 142
57 67
931 943
920 932
233 237
528 541
948 963
520 529
515 522
740 754
664 673
292 300
424 433
645 646
406 422
593 604
434 437
79 94
740 753
382 395
489 497
426 440
352 361
908 916
760 771
320 329
355 358
76 84
466 477
457 470
572 578
185 194
761 773
44 57
521 526
407 424
303 307
937 950
184 189
22 34
129 143
974 982
345 353
699 707
345 347
238 254
259 268
284 286
705 713
176 191
893 904
480 493
245 247
833 838
753 760
636 655
489 500
712 718
388 399
168 180
280 291
954 958
166 181
344 346
734 739
669 681
580 589
617 630
958 974
777 792
624 631
304 309
676 687
181 190
428 436
31 43
858 870
279 295
208 216
886 899
838 849
538 554
338 355
853 865
534 536
475 482
849 861
487 498
182 187
540 555
381 393
923 926
627 643
544 546
301 315
915 920
2 14
856 875
837 852
957 974
227 240
62 76
809 823
579 593
94 104
636 653
755 759
114 123
968 979
736 747
794 799
241 255
396 415
310 318
195 201
681 693
908 922
880 887
300 306
108 116
238 252
46 55
448 461
231 240
430 439
947 962
741 754
425 430
615 623
683 691
356 374
818 831
103 111
59 62
585 592
744 752
219 235
477 488
142 155
534 538
890 901
985 989
460 468
713 725
830 844
823 832
939 950
988 1000
837 855
82 87
368 383
973 979
702 713
786 803
390 401
329 345
294 300
636 652
755 758
106 119
105 115
876 894
442 454
42 59
789 796
488 504
59 71
545 551
118 133
481 493
741 748
322 326
92 95
338 354
709 720
512 523
53 62
376 387
430 445
797 809
33 47
458 471
416 427
594 603
489 504
446 465
902 907
944 949
111 124
913 925
403 415
114 120
678 686
268 283
180 192
82 85
805 812
583 589
331 339
258 272
451 456
889 904
26 30
562 568
242 246
394 399
489 501
261 266
336 348
238 247
307 318
297 315
876 892
222 234
94 101
351 359
844 849
393 404
97 115
109 118
56 71
175 180
339 346
978 989
54 62
989 1000
530 537
573 577
358 370
137 155
284 293
871 877
540 551
70 73
569 582
152 165
57 66
679 695
842 848
788 797
795 796
886 897
150 157
385 390
589 603
143 147
131 136
611 625
317 335
318 335
362 371
33 42
619 630
263 275
58 67
497 510
1 14
683 687
649 658
667 685
175 179
223 232
852 858
881 892
194 199
549 557
266 281
763 771
369 377
336 350
801 814
642 649
122 135
92 97
724 729
713 716
148 159
974 981
648 657
475 479
321 328
699 714
701 714
589 604
782 789
444 450
642 650
503 507
40 55
554 561
706 717
655 659
944 951
187 200
954 963
584 588
554 556
173 177
898 909
13 22
120 133
609 620
951 963
29 50
767 785
525 528
316 334
241 247
273 280
751 763
914 925
697 712
641 655
559 567
843 846
994 999
77 85
599 610
21 35
651 657
903 912
275 281
222 227
380 386
53 66
326 342
822 827
118 134
971 976
487 500
707 724
624 626
233 241
308 322
510 517
685 692
902 906
831 840
461 472
236 249
547 565
204 207
215 224
618 627
917 934
150 161
71 81
407 423
485 493
160 171
727 741
423 432
470 479
277 294
66 78
816 829
244 251
926 937
192 205
812 825
165 167
942 949
450 456
355 357
746 758
282 293
117 130
564 573
359 367
850 859
878 893
126 144
10 20
919 931
359 370
379 395
69 73
123 129
166 179
552 563
603 614
808 824
723 734
970 981
203 214
963 967
317 328
47 60
956 967
74 94
404 407
799 812
212 216
524 528
333 345
505 509
397 415
175 184
423 428
684 688
619 635
553 561
446 461
261 273
677 688
904 906
199 206
483 487
747 758
587 603
860 875
106 124
851 859
653 658
8 24
535 541
414 421
929 938
490 499
896 912
693 700
953 959
94 95
474 476
55 70
766 785
616 633
737 755
419 433
574 585
504 511
583 586
606 621
92 98
391 404
195 199
455 460
173 184
340 351
25 30
325 329
571 584
438 447
592 599
678 691
170 184
876 890
638 650
727 736
166 178
613 625
58 66
471 476
786 798
55 62
340 348
748 756
727 744
169 176
99 108
103 109
939 951
940 954
561 566
400 408
719 730
526 539
479 490
26 31
11 18
873 879
743 751
105 111
798 812
178 191
192 200
841 847
680 693
763 769
537 548
177 192
666 681
807 821
15 22
867 879
944 955
516 528
11 28
708 717
202 214
699 706
362 375
652 657
77 93
253 264
353 357
283 292
401 414
394 396
911 923
564 572
900 914
42 60
691 705
542 555
660 675
222 226
679 688
69 75
175 177
115 122
303 314
565 566
505 514
246 264
9 19
156 167
39 40
796 815
780 791
373 378
443 454
248 265
281 286
800 808
52 72
666 683
467 480
648 661
348 357
618 634
149 158
137 148
849 857
816 832
87 101
866 880
744 749
758 766
207 216
564 575
218 229
874 883
779 795
432 437
534 545
742 755
397 413
372 379
86 99
174 182
587 599
670 676
4 11
5 10
898 913
563 572
190 203
152 160
26 34
746 757
198 211
782 790
518 533
391 396
509 524
468 484
441 448
104 111
224 232
534 540
638 652
315 324
11 25
631 636
899 911
385 386
963 974
528 536
306 321
838 855
302 307
135 144
565 568
802 810
775 776
353 356
319 335
445 453
402 410
633 641
809 825
791 799
477 489
283 291
501 514
14 19
810 824
639 647
933 939
584 590
1 9
444 452
237 248
89 105
865 869
478 494
90 96
501 513
533 537
837 848
493 497
194 205
561 567
570 582
818 830
769 782
946 964
656 669
308 324
121 132
673 685
4 14
416 428
86 103
720 729
880 892
816 827
735 738
451 463
871 878
273 282
370 382
23 32
684 686
132 141
359 375
442 449
594 601
880 891
485 490
82 90
346 362
858 866
9 23
950 965
620 635
853 857
867 881
961 972
218 232
219 233
542 547
642 653
698 711
755 761
428 441
241 248
583 594
433 445
752 763
815 823
786 799
245 249
613 618
303 315
417 430
6 10
205 213
193 204
574 582
73 92
60 62
192 201
55 64
431 439
995 998
46 58
886 903
493 499
903 907
749 756
435 437
481 486
751 764
924 935
92 101
732 741
432 444
256 270
776 791
140 148
629 636
67 80
164 173
882 888
771 779
811 824
444 453
517 528
384 391
205 207
68 83
777 795
175 176
239 253
264 272
659 675
377 390
713 720
641 654
613 619
835 840
1 16
623 626
196 208
451 457
473 476
812 823
594 599
530 539
155 158
620 634
913 919
858 869
178 187
789 804
745 749
893 899
388 404
441 455
193 205
754 760
807 820
262 270
891 896
883 892
43 56
191 197
446 462
97 112
251 262
574 579
653 656
491 502
466 481
235 243
959 971
952 957
644 646
846 858
894 898
216 231
938 947
138 151
590 603
513 524
168 181
853 862
307 320
747 759
35 41
433 438
28 38
706 723
538 550
788 803
139 146
594 602
50 54
729 741
739 754
618 626
982 988
975 983
891 903
369 378
703 714
303 312
985 994
555 562
887 905
749 757
268 279
291 305
721 727
933 942
514 519
806 823
283 287
237 246
738 750
145 148
615 616
954 960
671 685
513 522
141 147
181 189
313 320
332 340
561 575
450 458
636 647
646 663
675 684
856 873
821 829
663 675
548 562
805 806
314 319
890 896
441 453
321 335
6 13
222 230
815 816
50 60
748 762
5 7
786 797
581 595
350 361
352 364
510 522
823 827
549 565
647 656
540 548
566 582
803 810
80 85
92 102
98 112
76 89
320 333
639 648
382 391
480 486
347 365
545 546
280 287
412 425
907 921
371 376
305 310
670 682
146 159
758 775
857 873
591 596
80 89
792 797
261 269
286 301
847 862
192 203
588 599
762 768
788 804
705 714
200 211
160 174
602 610
551 559
857 868
707 716
614 617
564 570
847 864
972 984
961 969
484 495
866 878
585 590
164 167
525 531
247 258
68 80
59 66
274 281
653 661
385 387
531 544
42 52
345 349
628 645
245 254
744 753
207 222
466 482
469 480
7 24
884 892
44 59
305 312
403 414
841 852
829 845
595 597
356 369
407 419
148 162
428 445
729 742
63 73
134 136
380 394
639 654
238 251
383 388
806 819
55 71
794 803
135 140
823 835
487 505
745 751
687 703
686 703
576 588
867 883
73 93
418 429
954 962
743 750
139 155
861 867
490 505
316 332
761 768
637 652
354 365
627 639
980 995
20 33
256 269
936 952
341 346
19 37
36 45
89 101
60 64
648 662
889 901
950 962
949 964
975 982
730 743
814 823
465 470
506 522
711 719
691 699
498 506
939 946
420 431
527 543
568 584
501 512
235 241
591 605
542 553
670 678
415 418
91 104
926 944
129 145
361 373
213 219
626 642
144 151
188 202
306 322
33 43
350 356
745 748
13 27
546 558
148 165
738 751
980 993
815 817
371 384
181 192
971 980
609 624
450 461
444 446
337 350
508 521
272 280
421 429
587 600
225 227
231 237
455 458
797 814
698 713
817 832
873 878
315 316
328 342
334 341
830 842
425 426
201 209
727 743
948 962
97 110
919 932
598 610
715 721
116 134
123 126
688 701
514 525
416 435
41 54
683 694
451 462
905 910
544 553
733 740
463 467
796 810
640 651
374 376
599 614
805 811
191 198
632 636
705 707
444 449
817 834
914 923
173 179
589 601
205 210
151 158
756 768
784 793
935 944
449 461
341 353
538 546
457 472
