1000 4000 25
21 45 58 14 15 14 76 60 40 39 32 33 36 30 39 56 51 32 80 20 22 28 30 99 30 
1 22
1 23
22 67
67 125
125 139
139 154
154 168
168 244
244 304
304 344
344 383
344 384
384 415
415 448
415 449
415 450
448 484
448 485
449 486
484 514
484 515
484 516
485 517
486 518
486 519
486 520
514 553
514 554
514 555
515 556
515 557
516 558
516 559
517 560
517 561
518 562
519 563
519 564
519 565
520 566
553 609
555 610
555 611
556 612
556 613
557 614
557 615
559 616
559 617
560 618
560 619
561 620
562 621
562 622
562 623
563 624
563 625
564 626
564 627
566 628
566 629
611 660
611 661
611 662
613 663
613 664
613 665
614 666
616 667
616 668
617 669
617 670
618 671
618 672
618 673
619 674
621 675
623 676
625 677
626 678
626 679
628 680
628 681
628 682
629 683
660 692
660 693
660 694
661 695
661 696
661 697
662 698
662 699
662 700
663 701
664 702
665 703
665 704
667 705
667 706
667 707
668 708
668 709
669 710
669 711
670 712
670 713
670 714
671 715
671 716
671 717
672 718
672 719
673 720
673 721
673 722
674 723
674 724
675 725
675 726
675 727
676 728
676 729
676 730
678 731
679 732
679 733
680 734
680 735
681 736
683 737
683 738
738 772
772 792
772 793
772 794
792 814
792 815
793 816
793 817
794 818
814 842
814 843
814 844
815 845
816 846
816 847
817 848
817 849
817 850
818 851
843 872
843 873
844 874
844 875
844 876
845 877
845 878
845 879
846 880
847 881
847 882
847 883
848 884
849 885
850 886
850 887
851 888
851 889
851 890
872 971
875 972
875 973
876 974
876 975
876 976
877 977
877 978
879 979
879 980
881 981
881 982
881 983
882 984
882 985
884 986
884 987
884 988
886 989
886 990
888 991
888 992
888 993
890 994
890 995
890 996
891 971
892 971
893 971
894 972
895 973
896 973
897 973
898 974
899 975
900 976
901 976
902 976
903 977
904 977
905 977
906 981
907 981
908 981
909 982
910 982
911 982
912 983
913 984
914 984
915 984
916 985
917 985
918 985
919 986
920 986
921 986
922 987
923 987
924 988
925 989
926 989
927 989
928 991
929 992
930 992
931 992
932 993
933 993
934 993
935 994
936 994
937 995
938 995
939 996
940 996
941 996
852 941
819 852
795 819
773 795
739 773
740 773
741 773
684 741
630 684
567 630
568 630
521 567
487 521
488 521
451 487
452 487
453 487
454 488
455 488
416 451
417 451
418 451
419 452
420 452
421 452
422 453
423 453
424 454
425 454
385 416
386 416
387 418
388 420
389 420
390 421
391 421
392 423
393 423
394 424
395 424
396 424
397 425
345 385
346 385
347 385
348 386
349 386
350 387
351 388
352 389
353 389
354 391
355 391
356 391
357 393
358 395
359 395
360 396
361 396
362 397
305 345
306 346
307 347
308 347
309 347
310 349
311 350
312 350
313 351
314 351
315 351
316 352
317 354
318 354
319 354
320 355
321 355
322 355
323 357
324 358
325 360
326 360
327 360
328 362
245 305
246 305
247 305
248 306
249 306
250 306
251 307
252 307
253 309
254 310
255 310
256 311
257 311
258 311
259 312
260 312
261 313
262 313
263 313
264 314
265 314
266 314
267 316
268 318
269 319
270 319
271 319
272 321
273 321
274 323
275 323
276 324
277 325
278 326
279 326
169 245
170 245
171 246
172 246
173 247
174 247
175 248
176 248
177 249
178 250
179 250
180 253
181 254
182 254
183 256
184 256
185 256
186 257
187 258
188 258
189 258
190 259
191 261
192 261
193 261
194 262
195 263
196 263
197 264
198 264
199 264
200 265
201 265
202 265
203 266
204 267
205 267
206 267
207 268
208 269
209 270
210 271
211 271
212 272
213 272
214 273
215 273
216 273
217 274
218 274
219 275
220 275
221 275
222 276
223 278
155 223
140 155
126 140
127 140
68 126
69 126
70 127
71 127
72 127
24 68
25 70
26 70
27 71
28 71
29 71
30 72
31 72
2 24
3 25
4 25
5 25
6 26
7 27
8 27
9 28
10 28
11 30
12 30
13 30
14 31
15 31
16 31
4 32
4 33
5 34
5 35
5 36
6 37
6 38
6 39
7 40
7 41
8 42
8 43
8 44
9 45
10 46
10 47
10 48
11 49
12 50
12 51
12 52
13 53
16 54
32 73
32 74
33 75
33 76
36 77
36 78
37 79
37 80
38 81
38 82
38 83
39 84
40 85
40 86
40 87
41 88
41 89
42 90
42 91
43 92
43 93
45 94
45 95
45 96
46 97
47 98
47 99
47 100
48 101
48 102
48 103
49 104
49 105
50 106
50 107
51 108
51 109
52 110
54 111
111 128
128 141
141 156
156 224
156 225
156 226
226 280
280 329
329 363
329 364
329 365
363 398
364 399
364 400
364 401
365 402
365 403
399 426
399 427
400 428
400 429
400 430
401 431
402 432
426 456
426 457
426 458
427 459
429 460
429 461
429 462
430 463
430 464
431 465
432 466
432 467
456 489
456 490
456 491
457 492
463 493
463 494
465 495
465 496
465 497
466 498
490 522
490 523
491 524
491 525
491 526
492 527
493 528
494 529
495 530
495 531
497 532
498 533
498 534
498 535
522 569
523 570
524 571
524 572
525 573
525 574
526 575
527 576
527 577
528 578
529 579
529 580
532 581
532 582
532 583
570 631
571 632
571 633
572 634
574 635
574 636
574 637
575 638
577 639
579 640
579 641
580 642
580 643
580 644
581 645
581 646
583 647
583 648
583 649
649 685
685 742
685 743
743 774
774 796
774 797
774 798
796 820
796 821
797 822
797 823
797 824
798 825
798 826
798 827
821 853
821 854
822 855
824 856
826 857
826 858
826 859
827 860
853 942
855 943
855 944
855 945
856 946
856 947
856 948
858 949
858 950
858 951
859 952
859 953
859 954
954 997
955 997
956 997
861 956
828 861
799 828
800 828
801 828
775 799
776 799
777 799
778 800
744 775
745 775
746 776
747 776
748 777
749 778
750 778
686 750
650 686
651 686
652 686
584 652
536 584
499 536
468 499
433 468
404 433
405 433
366 404
367 404
368 404
369 405
370 405
330 366
331 367
332 370
281 331
282 331
283 331
284 332
285 332
227 285
157 227
142 157
129 142
130 142
112 129
113 129
55 113
17 55
18 55
19 55
17 56
17 57
17 58
18 59
18 60
19 61
19 62
62 114
114 131
131 143
131 144
143 158
143 159
143 160
144 161
144 162
158 228
158 229
158 230
159 231
159 232
159 233
160 234
161 235
162 236
162 237
162 238
238 286
286 333
333 371
371 406
406 434
406 435
406 436
435 469
435 470
435 471
436 472
470 500
471 501
471 502
472 503
472 504
500 537
500 538
500 539
502 540
503 541
503 542
504 543
504 544
504 545
538 585
538 586
538 587
540 588
540 589
540 590
541 591
541 592
542 593
543 594
543 595
543 596
545 597
545 598
545 599
599 653
653 687
687 751
687 752
687 753
753 779
779 802
779 803
779 804
803 829
804 830
804 831
804 832
831 862
832 863
863 957
957 998
958 998
864 958
833 864
805 833
806 833
780 805
781 806
782 806
754 780
755 781
756 781
757 782
758 782
759 782
688 759
654 688
655 688
656 688
600 656
546 600
505 546
506 546
507 546
473 506
474 506
475 506
476 507
477 507
437 475
438 475
439 475
440 476
407 438
408 438
409 440
372 407
373 407
374 408
375 408
376 408
377 409
378 409
379 409
334 374
335 377
336 377
337 377
338 379
339 379
287 334
288 334
289 335
290 335
291 335
292 336
293 336
294 338
295 338
296 338
297 339
298 339
239 298
163 239
145 163
146 163
132 145
133 146
134 146
115 132
116 133
117 133
118 134
119 134
63 119
20 63
20 64
64 120
120 135
135 147
147 164
164 240
240 299
299 340
340 380
380 410
380 411
411 441
441 478
478 508
508 547
547 601
547 602
547 603
603 657
657 689
689 760
760 783
783 807
807 834
807 835
807 836
834 865
834 866
834 867
836 868
865 959
866 960
866 961
868 962
868 963
963 999
964 999
965 999
966 999
869 966
837 869
838 869
808 837
809 838
810 838
811 838
784 808
785 808
786 808
787 809
788 811
789 811
761 784
762 784
763 784
764 786
765 787
766 787
767 787
768 788
769 788
770 789
690 770
658 690
604 658
548 604
509 548
510 548
479 509
442 479
443 479
444 479
412 443
413 443
381 413
341 381
342 381
300 342
301 342
302 342
241 302
165 241
148 165
149 165
150 165
136 148
137 148
121 136
122 136
123 137
65 123
21 65
21 66
66 124
124 138
138 151
138 152
138 153
151 166
152 167
166 242
167 243
243 303
303 343
343 382
382 414
414 445
414 446
414 447
445 480
446 481
446 482
446 483
480 511
480 512
483 513
511 549
511 550
512 551
513 552
550 605
550 606
551 607
552 608
608 659
659 691
691 771
771 790
790 812
812 839
839 870
870 967
967 1000
968 1000
969 1000
970 1000
871 970
840 871
841 871
813 840
791 813
440 454
349 402
208 261
661 742
650 688
307 365
57 80
458 490
486 529
794 815
5 66
436 452
690 727
240 244
860 927
483 488
604 609
177 285
157 217
596 651
335 376
556 623
117 136
849 884
430 453
830 861
847 959
354 406
242 272
156 168
362 392
792 829
419 473
805 824
680 721
246 340
164 193
62 80
721 773
845 903
302 314
146 156
13 39
793 814
970 974
436 476
848 912
186 289
9 37
857 923
723 783
786 813
857 930
789 813
11 44
150 154
665 727
158 180
430 458
871 922
850 950
315 362
518 603
279 322
36 104
129 149
316 361
786 792
844 891
550 576
429 470
345 413
842 970
446 452
116 135
866 887
800 834
162 219
416 480
688 700
818 861
849 910
275 330
224 289
845 940
647 675
38 79
198 294
161 242
530 583
464 492
77 138
846 924
626 665
503 544
618 663
158 178
494 516
301 325
162 220
668 738
668 710
660 769
627 664
796 841
135 144
683 734
853 923
224 301
480 501
166 229
190 272
681 741
167 178
544 583
42 105
856 951
753 789
680 755
683 724
870 884
152 156
668 747
578 610
138 146
66 116
325 347
686 705
166 178
662 747
858 916
369 413
151 156
160 195
515 573
863 928
18 66
837 861
682 710
474 485
158 234
863 961
871 965
65 72
866 967
49 85
182 265
645 687
679 754
563 643
598 644
419 460
16 49
855 931
544 556
224 294
209 268
478 491
219 283
528 608
421 473
55 124
848 874
527 581
1 59
677 717
799 835
411 439
855 872
498 520
186 300
547 585
603 620
210 299
5 33
66 122
608 650
540 579
205 273
848 890
421 458
442 468
44 102
294 312
157 243
26 92
669 760
784 795
65 114
5 32
350 393
1 53
365 397
493 518
13 41
858 939
380 402
241 246
660 768
155 202
168 255
28 76
64 93
857 873
424 466
154 231
146 160
56 87
216 303
176 268
621 660
25 72
846 916
558 659
522 597
160 236
834 859
285 325
855 947
201 283
823 845
314 371
316 359
509 524
401 420
56 118
14 50
528 581
337 347
150 156
11 37
503 548
828 859
253 322
9 33
48 68
540 558
688 715
241 261
842 913
542 589
869 909
845 937
187 253
871 876
780 810
235 274
668 713
205 278
584 646
405 436
856 920
239 302
56 106
848 898
803 836
432 465
12 32
903 996
200 252
156 180
806 827
502 521
8 34
536 575
173 270
425 471
676 694
869 878
468 503
858 970
238 278
661 746
40 88
166 209
453 486
386 418
682 770
837 846
796 823
421 450
846 872
864 939
850 907
39 74
443 460
849 935
180 261
842 928
31 111
846 896
292 310
594 643
303 313
530 575
630 673
176 288
131 141
130 146
10 64
428 482
469 498
154 201
423 467
262 343
806 829
674 732
343 371
680 714
732 772
772 804
668 720
294 336
445 453
819 870
860 907
327 354
387 433
664 744
158 182
355 401
648 676
633 685
163 243
380 409
589 624
42 100
158 216
27 76
11 51
752 776
856 888
19 29
746 789
587 638
391 435
13 57
483 502
169 261
160 208
798 818
852 954
857 910
860 932
837 854
664 705
689 725
229 296
856 937
315 352
939 985
684 718
847 879
613 684
333 361
691 733
667 751
647 666
587 650
866 926
829 870
543 569
484 550
493 519
563 646
131 150
24 81
856 968
294 318
820 865
50 91
685 698
673 742
865 877
173 273
524 598
48 118
706 787
142 167
534 568
326 354
853 892
544 597
729 778
599 642
33 72
796 832
431 478
411 433
946 980
795 832
24 113
317 347
691 739
568 643
6 30
935 972
488 514
860 897
142 164
823 862
161 236
779 807
167 204
529 576
6 29
425 468
260 309
856 958
869 913
10 45
433 457
845 905
546 579
578 631
497 548
684 700
848 943
44 122
803 823
846 940
732 789
523 579
355 403
325 348
867 912
664 710
842 917
615 673
691 757
663 725
841 864
498 537
510 552
685 756
474 508
666 705
673 709
165 243
309 344
356 399
866 937
190 274
50 117
26 87
160 241
689 759
166 211
797 837
868 886
551 562
961 988
315 363
874 972
346 386
525 562
21 54
201 262
170 259
870 898
827 847
167 229
853 899
37 88
679 725
8 49
821 851
574 609
668 707
554 656
39 112
865 968
895 999
161 196
773 813
410 435
536 574
270 329
441 464
166 184
185 259
18 24
836 867
492 518
422 473
399 445
680 720
32 86
685 749
165 204
755 787
204 278
669 727
829 851
314 381
557 629
583 619
420 457
859 938
507 552
802 839
471 492
65 104
255 312
861 933
687 768
161 206
371 391
447 465
154 183
854 946
772 810
156 232
260 328
612 663
158 232
572 645
80 135
512 519
366 392
604 638
670 722
191 292
759 783
389 431
491 534
582 624
513 528
829 853
133 141
857 886
283 306
198 280
503 524
791 806
609 684
142 166
511 517
849 966
800 826
210 257
637 675
463 511
863 876
864 910
574 641
146 162
35 99
591 647
489 515
862 908
441 482
156 209
214 284
82 134
535 568
711 782
894 986
3 31
634 664
794 832
55 67
494 548
368 389
433 479
496 529
444 450
755 772
168 303
192 270
12 33
778 793
157 221
432 472
54 120
648 664
852 872
337 378
864 907
690 693
875 999
631 689
468 489
849 872
463 492
674 741
249 309
893 983
679 701
685 769
541 568
22 100
29 119
914 988
846 897
501 544
403 439
868 911
160 175
183 273
430 468
734 790
167 194
848 969
228 257
165 212
683 770
299 316
258 331
686 770
666 735
37 110
350 383
855 904
686 755
843 949
143 166
312 345
416 449
211 253
378 402
38 99
160 215
40 74
541 599
422 483
447 475
807 826
312 368
674 740
792 837
565 622
64 109
676 707
865 887
266 321
443 467
962 995
130 140
808 839
26 121
647 679
871 888
651 691
5 62
824 865
330 371
569 615
440 483
393 420
385 437
779 810
230 247
165 194
691 762
140 157
296 305
498 516
175 251
167 183
60 124
660 726
187 252
6 49
157 168
687 723
163 223
359 389
547 586
422 479
5 60
310 375
13 65
62 78
665 707
418 464
166 189
857 908
850 912
50 82
392 429
216 254
347 398
574 620
660 729
846 907
296 322
51 100
697 785
12 60
615 686
818 850
538 568
97 129
645 680
148 159
12 24
250 307
787 808
382 404
801 836
774 805
348 396
785 805
5 44
17 51
685 744
326 373
615 679
675 756
931 973
420 477
394 437
647 673
858 893
866 940
36 76
401 419
510 518
819 863
325 346
835 855
836 871
529 606
17 64
3 52
392 445
163 230
654 680
133 142
386 433
607 618
850 969
835 870
786 801
20 49
402 435
48 107
62 123
178 275
429 459
430 451
570 659
300 330
588 652
408 439
311 355
35 70
506 523
433 478
591 623
527 583
164 232
796 824
856 932
57 111
824 842
330 376
17 52
255 317
463 496
852 946
719 787
676 722
373 406
669 769
239 267
900 985
841 852
166 214
777 792
756 785
614 668
63 86
190 254
869 951
690 706
119 128
155 216
221 245
147 159
842 906
377 410
855 935
188 252
450 497
2 55
544 568
549 582
848 934
430 479
14 61
100 129
590 650
510 525
927 990
853 935
687 701
17 45
110 132
52 98
926 971
850 945
628 660
675 716
830 849
355 385
419 448
569 644
824 869
424 457
632 690
7 62
552 575
882 976
308 377
847 898
17 63
658 668
263 326
682 701
375 394
656 671
160 230
487 516
416 483
629 666
156 238
514 569
536 589
154 221
301 322
548 571
851 938
296 315
856 912
539 600
131 145
263 316
233 289
4 43
785 802
85 125
387 428
515 588
537 606
132 152
562 616
22 69
140 162
953 999
870 924
539 556
74 138
863 909
121 132
18 45
852 944
413 435
524 579
798 833
41 94
422 481
460 510
320 345
855 950
50 115
289 305
154 204
458 509
425 479
922 992
162 202
174 250
923 976
177 255
749 789
296 333
214 299
815 847
528 571
163 220
156 181
838 867
518 556
287 311
330 369
859 895
270 314
373 405
13 34
662 713
411 420
679 738
145 157
804 827
339 357
851 942
378 384
198 268
529 583
684 703
164 205
136 147
674 742
681 703
160 191
582 623
368 399
17 25
157 185
668 700
165 185
858 878
343 375
162 175
288 315
243 267
830 857
354 405
520 590
672 732
325 356
165 183
847 923
856 966
399 425
335 345
428 449
221 263
688 758
163 237
801 816
856 941
157 172
850 966
450 503
133 143
789 809
400 422
217 285
255 304
546 556
157 213
683 747
6 40
659 667
436 453
661 725
623 661
195 247
299 341
811 819
854 906
441 469
845 883
867 953
779 808
299 307
324 375
436 482
901 971
20 66
157 169
865 955
929 988
167 171
216 282
165 230
864 930
855 875
420 473
412 433
556 627
445 465
628 663
325 367
580 650
338 367
162 208
329 362
562 632
432 474
329 349
665 706
673 771
577 612
828 852
557 641
584 631
924 982
196 281
540 562
844 904
929 993
615 668
861 966
537 605
149 154
357 397
661 728
442 457
58 123
795 829
502 516
857 909
532 601
897 999
495 548
368 414
850 914
860 931
534 582
552 582
286 314
453 484
663 728
676 732
164 236
682 768
690 725
562 628
726 787
158 192
433 463
164 217
172 276
621 666
126 145
818 862
294 339
808 815
508 539
851 896
347 413
808 836
577 647
499 543
772 795
11 56
47 90
408 419
678 726
64 110
242 260
61 80
824 848
33 82
150 162
443 475
512 535
848 941
852 945
369 407
679 749
391 419
504 531
455 500
161 177
839 865
255 322
157 241
864 893
161 191
164 200
373 412
869 928
29 124
614 669
662 728
387 427
597 637
281 310
777 796
635 665
374 414
419 461
281 329
598 650
502 538
163 168
935 992
868 882
199 254
410 420
188 277
781 803
870 943
854 896
182 251
537 577
839 843
354 410
830 853
564 659
807 815
392 431
786 798
626 663
349 392
810 831
166 224
450 511
865 896
686 700
373 411
167 190
446 453
305 380
495 514
154 182
365 399
602 657
835 866
15 25
9 57
479 491
561 632
566 610
433 473
876 978
154 193
633 686
801 819
839 854
579 652
820 853
167 241
589 627
663 760
664 714
61 124
176 290
425 448
193 270
668 746
604 636
285 341
159 224
378 383
691 750
159 197
534 570
871 872
541 557
744 789
46 84
162 186
326 368
678 717
834 858
672 700
249 318
190 245
672 721
15 63
319 348
474 493
161 241
568 648
689 745
6 59
889 975
803 815
638 670
145 156
157 174
22 83
95 137
158 223
202 271
595 617
564 621
472 494
94 131
855 929
851 884
683 751
424 482
668 712
467 509
371 405
411 429
157 230
664 732
175 286
573 614
175 269
657 663
388 442
677 733
866 928
373 397
154 195
400 425
344 396
137 149
782 804
326 349
525 600
783 811
17 33
628 670
692 783
158 177
306 352
751 773
21 52
782 810
814 858
680 703
581 634
582 615
963 973
477 487
291 313
674 703
898 982
777 805
920 977
784 792
176 276
507 550
239 249
547 564
857 961
321 370
152 163
240 272
399 446
331 361
676 771
44 93
820 854
160 187
419 476
323 363
688 764
794 831
483 503
6 31
341 372
850 923
671 703
787 812
464 507
298 330
532 607
349 395
823 859
2 63
60 72
461 503
553 641
295 337
314 362
54 72
385 429
764 778
110 134
860 919
39 120
250 322
1 56
21 29
669 694
457 504
857 949
378 405
486 540
452 490
586 612
396 444
690 771
541 573
305 363
366 388
444 473
641 678
661 756
591 636
862 901
182 259
488 517
860 910
792 823
164 172
299 343
532 562
486 526
239 248
539 595
666 695
152 162
649 667
340 371
299 335
155 224
841 862
194 253
436 464
33 112
802 826
623 680
232 268
242 287
315 346
634 689
602 610
514 582
77 135
331 378
447 450
151 154
243 283
164 226
676 750
739 779
865 951
676 704
704 772
555 641
540 600
382 401
939 999
156 241
461 505
284 340
685 718
297 308
537 596
537 570
863 964
8 66
600 613
552 600
245 311
482 504
302 335
864 927
4 23
287 306
846 952
826 846
266 326
869 900
166 226
686 723
875 982
866 948
159 237
683 728
447 451
926 994
25 85
346 408
533 574
514 562
59 101
458 484
22 111
164 202
506 552
162 218
56 89
550 607
162 205
198 263
862 887
182 270
31 109
154 238
535 582
819 850
156 221
778 809
868 906
422 463
451 489
183 268
537 607
26 97
387 424
663 767
815 856
598 622
272 317
154 226
441 479
231 293
686 736
775 813
384 447
272 313
88 136
208 268
810 829
125 144
61 68
154 184
367 412
527 559
155 230
173 297
798 817
782 800
671 722
410 436
605 618
457 502
442 478
242 283
583 659
843 936
269 309
156 178
682 737
682 745
43 67
311 360
165 223
330 344
858 903
697 787
439 463
581 636
50 119
161 221
361 405
580 658
52 71
65 93
411 435
869 933
443 476
424 478
540 555
510 538
5 65
161 198
667 749
385 435
584 636
842 886
403 425
536 562
29 109
161 199
869 949
856 921
863 951
472 489
675 720
69 137
284 315
866 922
684 726
128 151
865 961
126 144
710 789
165 196
851 943
213 246
58 83
464 511
21 27
561 648
332 371
864 895
86 125
239 257
443 482
463 513
937 999
392 421
607 616
678 770
323 382
853 878
34 112
674 739
62 104
67 132
865 939
805 819
662 763
163 225
674 716
56 112
869 903
701 780
619 667
165 186
135 151
442 449
823 860
864 960
435 448
551 584
862 895
64 81
660 737
859 882
166 216
404 432
332 362
551 600
510 527
871 942
855 916
18 54
421 474
654 684
650 679
410 415
228 277
667 719
424 475
166 205
800 818
820 851
6 66
866 933
388 418
7 37
155 203
401 430
277 314
22 118
872 979
171 259
817 861
549 577
777 803
141 167
513 521
190 260
164 239
280 308
89 136
839 855
442 459
215 276
590 623
440 482
167 226
329 380
617 681
805 826
314 357
323 347
155 241
862 875
513 514
438 466
153 159
23 78
859 889
813 814
563 634
277 313
683 721
871 878
833 863
660 700
442 470
563 611
671 707
655 661
506 539
420 454
853 965
222 273
54 74
165 182
867 888
135 153
185 273
165 203
539 585
892 978
955 979
239 244
21 46
345 384
141 157
548 558
383 447
691 727
192 287
180 264
584 656
501 539
154 171
596 652
176 269
271 320
161 214
157 193
393 419
818 853
385 418
177 277
331 354
489 523
571 639
24 73
10 35
849 959
901 973
839 842
39 116
482 494
158 198
860 905
411 427
613 661
686 751
333 358
364 411
850 897
555 651
528 568
801 837
809 833
885 986
65 106
38 104
858 913
604 652
822 843
180 265
386 436
669 752
859 945
535 588
140 166
164 215
772 801
290 316
593 659
403 429
657 678
284 341
281 338
625 670
673 695
852 905
654 676
536 578
247 307
690 695
571 637
476 492
751 787
261 314
27 69
4 30
849 880
257 343
343 369
8 55
671 732
837 867
723 784
440 456
59 70
681 753
391 415
871 959
660 767
164 201
838 843
610 687
460 486
503 531
611 675
688 720
427 455
193 285
416 472
842 881
815 870
324 379
415 473
312 371
648 668
846 888
142 161
3 30
775 805
162 191
667 694
499 530
30 111
545 569
769 772
584 640
691 744
861 942
531 565
667 767
301 336
871 890
660 711
160 235
679 700
263 330
497 528
848 961
498 539
268 314
515 572
208 257
645 661
61 103
254 315
516 608
389 433
672 766
374 388
603 615
138 149
35 122
965 994
497 514
735 780
19 27
329 370
299 323
861 926
161 202
783 801
515 558
478 506
269 313
844 880
835 849
129 147
33 99
36 122
488 541
132 139
261 342
858 931
57 68
862 946
580 631
685 739
413 441
619 682
849 934
156 185
855 923
300 306
133 153
578 614
448 504
12 28
379 391
324 365
860 946
622 667
809 836
152 166
501 518
771 786
809 822
446 467
667 709
832 865
127 144
337 374
41 80
531 598
298 337
673 731
518 560
469 501
462 488
847 957
472 488
843 879
502 515
180 251
312 355
555 609
903 972
528 589
217 257
285 320
533 606
845 968
30 68
57 112
2 26
223 292
402 425
661 771
162 229
156 176
848 872
825 868
538 597
497 546
686 742
871 929
137 145
32 122
867 963
331 380
463 486
30 91
253 330
459 493
154 202
180 272
809 829
371 413
7 42
893 980
157 202
564 646
156 199
360 405
41 72
156 213
689 721
327 375
57 124
448 495
144 154
591 609
499 533
940 991
167 240
510 547
669 716
602 643
437 450
212 298
217 299
305 357
355 411
872 993
811 833
262 311
611 666
496 537
359 383
815 867
15 48
832 842
870 935
302 315
680 737
8 22
850 938
737 790
390 433
275 338
526 562
561 647
8 26
599 639
468 507
842 875
855 960
852 956
838 853
948 972
842 945
861 882
47 74
914 973
156 218
56 110
594 618
671 731
52 101
219 254
665 732
691 702
635 686
341 371
197 298
170 261
154 180
592 624
81 129
397 433
489 517
324 349
732 787
836 863
436 463
339 350
305 344
243 297
538 554
676 696
855 905
482 490
60 102
606 653
821 869
860 895
214 264
783 806
167 179
606 617
530 558
660 714
947 980
567 633
812 823
21 55
326 365
63 105
18 33
287 314
679 726
855 968
507 532
346 413
856 880
45 89
68 125
421 469
617 662
250 314
424 448
354 398
597 635
511 519
597 618
663 739
935 997
270 308
56 97
29 68
257 336
439 473
143 154
163 174
210 245
676 749
496 531
680 769
32 81
908 992
780 807
518 576
851 923
671 770
868 940
777 809
335 363
383 419
529 601
411 415
594 617
673 755
47 93
860 956
162 178
671 746
170 298
558 649
5 58
519 572
689 743
502 539
666 749
819 846
154 218
15 58
172 270
61 78
440 461
682 767
851 948
590 619
841 860
868 953
108 128
10 27
73 134
556 637
534 569
413 426
866 917
289 320
495 524
726 786
330 382
148 160
823 868
802 841
131 148
837 853
605 614
365 383
514 607
138 141
414 441
291 330
796 817
173 299
211 284
528 574
62 89
601 653
22 94
783 792
518 574
905 989
844 921
18 49
12 54
78 130
669 722
677 730
40 124
367 393
513 518
941 998
137 140
678 719
445 462
162 233
206 246
647 665
413 434
30 93
18 41
744 785
576 639
308 370
585 647
334 359
437 448
630 664
628 679
156 217
720 790
396 421
160 198
681 754
857 938
575 615
413 416
54 106
801 834
117 125
862 905
430 481
103 132
846 935
471 493
631 691
752 775
840 861
14 57
154 197
165 177
408 417
160 176
169 259
126 147
165 225
447 477
287 331
603 649
775 806
157 201
659 660
666 712
643 682
553 659
126 149
357 392
542 558
865 901
464 485
379 397
795 814
3 44
816 869
805 818
676 741
318 350
624 689
166 243
469 506
466 510
442 450
782 796
201 273
869 957
784 802
165 179
798 821
86 134
685 768
48 119
165 174
774 794
854 950
852 879
438 473
567 651
65 121
866 901
684 719
825 859
662 770
853 954
497 524
870 913
211 302
496 532
530 584
130 149
145 162
746 773
174 254
512 537
868 900
35 81
139 165
45 123
702 781
851 922
731 788
159 228
165 188
499 539
824 860
19 44
452 503
254 340
21 26
863 960
331 371
799 816
429 481
669 753
855 914
157 226
868 956
510 517
778 803
157 236
416 464
591 617
20 56
794 820
571 655
18 58
685 767
12 45
821 863
487 544
120 125
871 881
857 911
856 875
683 761
231 250
454 502
594 641
356 411
843 942
847 877
620 669
52 108
159 193
405 443
52 123
851 939
436 450
775 804
55 106
519 587
124 133
175 302
377 396
485 516
887 980
580 648
55 89
26 114
307 376
144 167
485 514
850 894
850 951
676 723
787 796
843 887
423 481
390 447
6 33
795 824
862 931
2 61
858 959
37 87
688 766
656 662
157 206
206 298
860 928
367 413
863 967
434 471
68 133
391 420
47 82
10 40
683 704
801 821
28 102
926 978
158 211
55 115
490 524
871 949
247 327
25 82
606 649
437 479
419 481
850 948
685 758
266 304
24 91
549 570
689 727
83 135
319 380
185 290
348 392
434 459
540 607
144 159
872 990
2 31
137 150
856 897
449 493
110 136
664 734
439 467
723 791
17 49
162 240
831 853
165 214
786 806
154 209
50 69
888 984
446 459
355 398
738 778
667 692
477 496
844 882
522 560
871 918
565 620
240 282
528 583
844 883
666 750
601 611
282 311
65 108
548 559
13 35
663 758
389 415
808 841
962 994
584 626
2 48
474 504
859 884
234 284
625 673
494 517
159 171
358 412
157 238
433 451
166 232
165 232
158 208
269 334
524 564
6 50
500 516
176 273
826 851
405 423
166 235
434 482
484 531
825 845
676 727
127 139
592 638
524 575
279 343
128 152
526 587
531 553
246 308
787 794
165 236
816 848
333 347
782 803
668 740
840 866
681 700
104 135
344 387
134 140
453 496
831 850
57 102
864 951
849 906
215 255
388 436
682 771
556 628
388 422
451 510
437 466
678 769
64 90
70 129
351 395
417 469
860 875
592 642
866 964
810 822
397 439
220 286
30 71
809 815
503 522
8 57
223 253
8 25
159 196
687 732
10 41
813 834
678 718
685 731
814 866
687 747
150 155
848 955
469 497
519 602
808 827
781 810
380 395
781 792
402 426
614 685
676 717
674 693
778 804
868 916
584 643
520 560
846 947
310 379
360 406
818 858
129 141
398 427
857 941
861 889
602 648
690 712
641 667
838 847
457 496
568 654
577 658
36 111
869 955
156 206
862 906
639 673
8 28
164 192
843 960
31 76
511 528
223 261
869 881
327 350
173 300
157 225
503 533
314 356
514 561
483 511
284 321
604 628
166 200
484 548
549 560
571 626
634 662
852 881
156 239
543 566
763 776
15 65
326 353
140 167
892 973
860 920
810 827
182 278
913 980
498 538
185 282
849 901
839 846
596 637
105 137
670 702
851 879
585 632
567 618
37 85
398 421
854 893
15 54
65 95
659 669
796 840
855 937
496 535
183 261
342 347
373 396
473 484
788 793
453 500
485 534
254 336
889 982
139 164
155 213
864 879
691 749
301 311
203 255
794 823
37 116
435 467
487 528
527 580
107 135
327 344
65 97
449 494
838 848
161 227
207 289
125 151
480 484
687 730
869 931
869 960
658 685
577 638
317 357
518 589
166 196
412 418
403 416
871 968
814 870
210 247
681 742
410 416
533 553
271 335
15 29
130 144
485 550
312 358
857 919
159 173
234 300
219 288
629 679
623 691
679 718
225 263
618 668
142 160
662 764
363 407
326 346
672 723
819 853
315 375
424 453
870 965
502 545
679 742
64 123
783 800
41 100
676 718
673 701
840 844
355 414
839 866
691 707
830 851
344 405
874 980
159 170
523 573
323 348
755 773
54 85
23 114
828 862
8 58
860 962
886 986
675 714
863 970
665 765
157 180
165 180
22 72
661 766
807 821
159 214
264 338
1 47
642 677
861 901
948 997
39 98
862 917
300 304
292 328
28 80
690 709
502 524
370 414
42 73
158 209
603 639
44 79
558 655
167 177
165 208
198 277
356 403
529 557
488 552
162 192
858 891
862 944
450 490
668 723
176 254
325 359
810 841
928 974
502 535
780 809
421 449
535 561
13 48
415 474
447 478
686 709
858 937
798 838
845 880
301 309
689 693
160 219
38 100
136 153
58 92
931 1000
266 339
160 210
167 232
81 136
165 228
504 526
396 423
422 455
734 773
208 288
842 951
866 899
665 747
669 720
146 167
15 39
199 282
601 627
167 172
36 68
202 260
428 452
139 162
952 980
686 762
412 419
365 391
664 764
410 443
338 378
619 691
492 533
154 205
667 697
662 745
667 708
686 731
661 713
196 272
117 135
501 546
200 271
623 672
861 940
484 529
850 898
133 150
599 628
458 501
252 326
854 919
442 456
559 643
63 120
844 939
861 877
224 293
171 263
393 417
662 729
251 308
130 148
256 336
802 822
101 135
676 740
865 948
308 346
614 686
155 171
465 487
149 157
297 333
642 661
156 242
395 426
774 799
11 42
654 666
682 760
452 494
186 286
662 766
654 673
619 666
143 163
536 592
18 37
911 989
553 650
868 961
864 932
423 448
559 650
362 390
774 813
424 476
209 244
849 958
290 328
398 441
50 75
832 859
848 929
206 299
475 502
514 560
426 455
523 574
364 395
678 700
579 612
409 447
408 435
828 851
843 915
164 180
163 218
678 729
444 478
873 987
492 544
665 721
209 292
214 244
869 944
291 307
773 811
794 833
20 60
357 403
311 376
541 604
522 564
865 924
376 401
504 524
862 911
135 143
687 759
591 611
200 258
150 159
655 669
678 709
30 80
508 516
389 437
554 631
318 375
288 332
184 292
599 624
484 522
767 782
932 991
550 573
597 647
687 765
166 219
21 43
772 809
558 616
843 874
40 122
773 804
690 736
338 351
580 617
682 714
866 935
824 867
338 368
857 913
655 683
855 940
414 442
789 812
887 994
249 323
854 903
273 329
552 583
116 136
681 696
224 283
551 608
460 487
851 960
678 714
362 391
812 832
666 715
54 104
856 902
383 420
10 50
676 693
159 168
549 608
859 915
161 218
399 443
390 426
538 604
490 540
158 176
39 99
541 569
540 554
891 980
351 386
261 308
785 813
165 209
830 871
671 730
7 63
800 824
245 328
139 163
261 334
662 767
11 33
859 958
530 559
843 922
158 169
312 344
666 767
124 131
134 144
486 534
159 204
396 419
680 742
4 51
606 615
867 916
391 428
164 230
393 444
685 705
831 860
250 332
544 563
663 746
864 936
486 527
153 154
542 568
850 920
952 981
565 613
321 356
303 325
602 626
625 676
369 402
322 350
19 56
482 489
240 263
363 402
156 198
663 771
157 234
552 571
280 331
835 864
276 341
435 449
44 84
593 612
306 371
343 380
304 354
166 187
162 212
163 189
773 798
757 790
221 288
787 799
667 770
513 523
133 151
289 310
572 620
789 802
23 121
520 593
244 341
257 314
855 877
949 978
533 603
206 259
275 319
786 805
648 660
970 989
617 666
168 262
588 618
303 317
770 787
867 917
863 948
129 145
180 250
361 414
537 568
591 615
681 746
622 675
329 352
170 250
283 322
5 37
8 54
825 863
5 28
247 311
446 466
234 272
515 565
430 449
930 996
233 279
134 148
211 298
690 756
416 454
362 395
857 902
612 671
136 144
325 365
202 295
155 192
862 896
569 614
844 944
526 596
71 126
3 51
21 25
851 883
375 406
93 138
282 324
341 355
63 108
854 948
811 837
638 677
785 795
486 525
570 640
14 33
115 126
16 25
564 612
778 797
800 836
775 803
880 1000
917 978
155 242
617 679
529 581
674 730
439 478
52 72
828 867
166 206
587 645
621 668
329 359
670 703
176 250
313 344
573 628
439 474
36 120
437 460
333 360
534 601
437 465
918 975
479 498
