1000 3000 100
5 11 6 10 20 20 5 3 6 6 7 10 18 4 4 5 10 12 11 24 10 6 8 7 8 8 13 11 17 3 13 10 7 6 20 11 7 9 25 9 7 5 5 10 13 20 16 11 8 10 10 15 21 9 10 7 10 13 3 5 6 9 22 6 6 5 15 10 11 10 25 7 5 8 13 24 6 8 12 11 14 3 4 8 11 12 18 5 5 6 4 14 7 6 4 4 6 8 11 18 
1 6
1 7
6 17
6 18
6 19
17 23
17 24
17 25
18 26
19 27
19 28
24 33
25 34
26 35
26 36
26 37
27 38
27 39
28 40
28 41
28 42
33 53
34 54
35 55
36 56
37 57
37 58
38 59
39 60
39 61
39 62
40 63
40 64
41 65
41 66
66 73
73 78
78 81
81 87
87 93
93 100
100 110
100 111
100 112
111 128
111 129
128 132
132 136
132 137
136 141
136 142
137 143
137 144
137 145
142 151
143 152
143 153
143 154
144 155
144 156
151 163
151 164
152 165
153 166
153 167
153 168
155 169
156 170
156 171
163 174
163 175
164 176
164 177
164 178
165 179
168 180
170 181
170 182
171 183
171 184
184 198
198 208
208 214
214 222
222 229
222 230
222 231
229 237
229 238
230 239
230 240
230 241
237 245
238 246
238 247
238 248
239 249
240 250
240 251
240 252
241 253
247 258
248 259
249 260
250 261
251 262
251 263
251 264
253 265
253 266
258 269
258 270
259 271
259 272
260 273
260 274
260 275
261 276
261 277
261 278
263 279
264 280
265 281
266 282
266 283
283 286
286 289
289 302
289 303
303 312
312 319
319 325
325 345
345 356
345 357
345 358
356 363
356 364
357 365
357 366
357 367
358 368
358 369
363 372
363 373
364 374
365 375
365 376
365 377
367 378
367 379
367 380
368 381
369 382
369 383
369 384
384 397
397 406
406 413
413 418
413 419
413 420
418 423
418 424
419 425
420 426
420 427
420 428
423 433
423 434
425 435
426 436
426 437
427 438
427 439
428 440
428 441
428 442
433 446
433 447
433 448
434 449
434 450
435 451
435 452
435 453
436 454
436 455
437 456
437 457
437 458
438 459
438 460
440 461
440 462
440 463
463 466
466 482
482 493
482 494
482 495
493 501
494 502
494 503
494 504
495 505
502 511
504 512
504 513
504 514
505 515
505 516
512 521
512 522
512 523
513 524
513 525
514 526
515 527
515 528
515 529
516 530
522 536
523 537
524 538
526 539
526 540
526 541
527 542
527 543
529 544
530 545
530 546
546 557
557 566
557 567
566 576
567 577
567 578
567 579
577 583
578 584
578 585
579 586
579 587
579 588
583 593
583 594
584 595
584 596
586 597
586 598
586 599
587 600
587 601
587 602
588 603
603 606
606 609
606 610
609 614
609 615
609 616
610 617
614 620
614 621
616 622
616 623
617 624
617 625
617 626
620 629
620 630
620 631
621 632
621 633
621 634
622 635
622 636
623 637
623 638
623 639
624 640
625 641
626 642
626 643
643 651
651 657
657 663
657 664
663 668
664 669
664 670
664 671
668 683
668 684
668 685
671 686
683 693
683 694
683 695
684 696
684 697
684 698
686 699
693 704
693 705
694 706
695 707
695 708
696 709
697 710
698 711
704 714
704 715
704 716
705 717
705 718
705 719
707 720
707 721
708 722
709 723
709 724
710 725
710 726
710 727
711 728
711 729
729 739
739 746
739 747
746 751
746 752
746 753
747 754
751 759
751 760
751 761
753 762
753 763
754 764
754 765
754 766
759 772
759 773
759 774
760 775
760 776
761 777
761 778
761 779
762 780
763 781
763 782
763 783
764 784
766 785
785 796
796 802
796 803
796 804
802 810
802 811
802 812
803 813
804 814
804 815
812 822
812 823
813 824
813 825
814 826
814 827
814 828
815 829
815 830
823 833
823 834
824 835
824 836
824 837
825 838
825 839
825 840
829 841
829 842
829 843
830 844
844 847
847 850
850 854
850 855
850 856
854 862
854 863
855 864
855 865
856 866
856 867
856 868
862 873
862 874
863 875
864 876
865 877
866 878
866 879
866 880
867 881
867 882
873 885
873 886
874 887
876 888
876 889
877 890
877 891
878 892
878 893
878 894
880 895
880 896
881 897
897 903
903 908
903 909
903 910
909 913
909 914
913 919
914 920
919 923
919 924
920 925
925 937
937 944
937 945
944 950
944 951
950 954
950 955
954 958
954 959
955 960
955 961
959 964
959 965
959 966
960 967
961 968
961 969
961 970
965 972
965 973
965 974
966 975
966 976
967 977
968 978
968 979
969 980
970 981
972 983
972 984
972 985
973 986
973 987
975 988
975 989
975 990
976 991
977 992
978 993
979 994
979 995
980 996
980 997
980 998
981 999
981 1000
982 1000
971 982
962 971
956 962
952 956
946 952
947 952
948 952
938 946
939 946
940 947
941 947
942 947
926 938
927 938
928 938
929 940
930 940
931 941
932 941
933 942
934 942
935 942
921 935
915 921
911 915
904 911
905 911
906 911
898 904
899 905
900 905
901 906
883 901
869 883
857 869
858 869
851 858
852 858
848 851
845 848
831 845
816 831
817 831
818 831
805 816
806 816
807 816
808 817
797 805
798 807
799 807
800 808
786 797
787 797
788 797
789 798
790 798
791 798
792 799
793 799
794 800
767 794
755 767
748 755
749 755
740 748
741 748
742 749
743 749
744 749
730 740
731 740
732 740
733 742
734 743
735 743
736 743
737 744
712 737
700 712
701 712
702 712
687 700
688 700
689 700
690 702
691 702
672 687
673 688
674 688
675 688
676 690
677 690
678 691
665 678
658 665
659 665
660 665
652 658
653 659
654 659
655 659
644 652
645 652
646 653
647 653
648 654
649 655
627 649
618 627
611 618
607 611
604 607
589 604
580 589
581 589
568 580
569 580
570 580
571 581
572 581
573 581
558 570
559 570
560 570
561 571
562 571
563 571
564 573
547 559
548 559
549 560
550 561
551 561
552 561
553 564
554 564
555 564
531 555
517 531
506 517
507 517
508 517
496 506
497 508
498 508
499 508
483 496
484 496
485 496
486 497
487 497
488 498
489 498
490 499
491 499
467 483
468 483
469 484
470 484
471 485
472 485
473 486
474 487
475 487
476 488
477 488
478 488
479 489
480 490
464 480
443 464
429 443
421 429
414 421
415 421
416 421
407 414
408 414
409 415
410 415
411 416
398 409
399 409
400 409
401 410
402 410
403 411
404 411
385 398
386 399
387 400
388 400
389 400
390 401
391 401
392 402
393 404
394 404
395 404
370 395
359 370
360 370
361 370
346 359
347 359
348 359
349 360
350 360
351 360
352 361
353 361
354 361
326 346
327 346
328 347
329 348
330 349
331 349
332 349
333 350
334 350
335 351
336 351
337 352
338 352
320 338
313 320
314 320
315 320
304 313
305 313
306 313
307 314
308 314
309 315
310 315
290 305
291 305
292 306
293 307
294 307
295 307
296 308
297 309
298 309
299 309
300 310
287 300
284 287
267 284
254 267
255 267
256 267
242 256
232 242
233 242
234 242
223 232
224 233
225 233
226 234
227 234
215 224
216 227
217 227
218 227
209 215
210 216
211 216
212 216
199 210
200 210
201 210
202 211
203 211
204 212
205 212
206 212
185 200
186 200
187 201
188 201
189 201
190 202
191 203
192 205
193 205
194 206
195 206
196 206
172 196
157 172
146 157
138 146
133 138
130 133
113 130
101 113
94 101
88 94
82 88
83 88
84 88
79 84
74 79
75 79
76 79
67 74
68 74
69 75
70 75
71 75
43 71
29 43
20 29
21 29
8 20
9 21
10 21
11 21
2 8
3 8
4 8
5 9
2 12
2 13
4 14
5 15
5 16
16 22
22 30
22 31
22 32
30 44
30 45
30 46
31 47
31 48
31 49
32 50
32 51
32 52
52 72
72 77
77 80
80 85
80 86
85 89
85 90
85 91
86 92
89 95
89 96
91 97
92 98
92 99
95 102
95 103
95 104
96 105
98 106
99 107
99 108
99 109
102 114
102 115
104 116
104 117
104 118
105 119
106 120
106 121
106 122
107 123
107 124
109 125
109 126
109 127
127 131
131 134
131 135
135 139
135 140
139 147
140 148
140 149
140 150
148 158
149 159
150 160
150 161
150 162
162 173
173 197
197 207
207 213
213 219
213 220
213 221
221 228
228 235
228 236
235 243
235 244
243 257
257 268
268 285
285 288
288 301
301 311
311 316
311 317
311 318
316 321
316 322
317 323
317 324
321 339
322 340
322 341
323 342
324 343
324 344
344 355
355 362
362 371
371 396
396 405
405 412
412 417
417 422
422 430
422 431
422 432
431 444
432 445
445 465
465 481
481 492
492 500
500 509
500 510
509 518
510 519
510 520
519 532
520 533
520 534
520 535
535 556
556 565
565 574
565 575
575 582
582 590
582 591
582 592
591 605
605 608
608 612
608 613
612 619
619 628
628 650
650 656
656 661
656 662
661 666
661 667
666 679
667 680
667 681
667 682
682 692
692 703
703 713
713 738
738 745
745 750
750 756
750 757
750 758
756 768
756 769
756 770
758 771
771 795
795 801
801 809
809 819
809 820
809 821
821 832
832 846
846 849
849 853
853 859
853 860
853 861
859 870
860 871
861 872
872 884
884 902
902 907
907 912
912 916
912 917
912 918
916 922
922 936
936 943
943 949
949 953
953 957
957 963
335 349
235 242
2 6
41 71
307 317
81 92
355 358
78 86
225 234
232 239
527 537
619 625
626 638
193 204
241 246
246 260
683 703
559 575
800 805
853 857
366 386
701 706
668 692
346 360
609 619
743 750
619 622
682 689
823 843
732 744
257 265
219 227
151 169
849 851
450 467
627 641
693 707
105 123
914 922
286 293
732 743
583 601
526 537
958 971
97 102
908 917
335 352
503 513
769 774
245 264
371 375
526 538
173 188
415 418
177 207
324 341
592 597
921 932
43 62
624 636
99 100
333 351
421 427
437 460
98 102
703 704
578 592
922 930
153 164
364 387
734 745
641 655
675 684
22 23
27 35
758 770
359 365
617 620
799 805
768 781
855 868
975 1000
63 73
160 163
264 285
624 648
670 683
267 282
94 109
769 779
392 399
165 196
592 604
224 234
169 182
883 897
267 270
963 971
363 386
80 82
725 745
939 947
4 13
349 358
465 479
7 17
135 136
591 604
713 717
610 618
106 123
337 354
247 266
30 50
149 158
242 248
420 424
849 850
954 963
421 432
529 542
429 444
766 776
668 688
839 848
870 876
238 255
535 540
498 507
242 254
136 143
698 707
203 212
439 451
438 457
749 756
960 971
94 103
774 799
52 66
102 125
663 675
242 245
333 352
108 110
408 417
166 195
108 115
765 780
166 185
850 860
952 957
653 658
371 384
138 144
527 541
8 21
428 439
920 933
622 629
80 84
518 525
416 418
242 255
18 24
426 445
458 477
210 221
568 581
588 602
798 805
335 353
163 197
770 788
367 372
886 904
858 868
589 596
880 901
664 676
840 847
75 78
975 985
802 820
663 679
302 316
755 762
690 696
608 609
969 973
261 272
765 772
165 178
920 932
172 188
502 513
416 420
168 188
636 656
443 453
709 722
41 70
490 495
5 6
250 262
519 533
169 175
369 387
809 817
372 401
306 318
906 909
447 480
981 997
979 990
803 816
449 479
832 836
50 59
206 211
611 619
961 966
324 335
35 68
413 422
863 878
708 715
823 835
142 152
432 436
107 111
5 12
528 547
365 373
955 963
655 662
314 321
376 398
148 161
765 787
428 444
686 696
291 303
724 744
581 587
877 889
261 283
163 190
286 299
922 924
154 164
168 182
439 452
957 959
429 436
90 93
96 101
89 99
393 400
982 999
564 567
763 789
806 812
446 473
20 24
106 126
145 160
666 673
323 329
91 98
288 300
369 373
769 784
657 665
707 736
376 403
163 179
52 57
740 747
955 962
453 477
915 919
266 269
620 649
972 999
295 305
918 919
243 248
579 590
688 694
433 456
125 130
424 434
172 184
980 1000
665 676
243 256
417 418
580 586
910 914
139 149
286 291
429 437
27 43
371 387
969 977
22 27
621 645
564 574
859 872
923 940
200 212
650 653
272 288
873 887
747 756
530 544
365 396
292 308
826 844
425 434
857 863
523 542
578 586
138 150
489 499
760 790
921 924
310 316
144 162
675 686
607 609
40 56
705 727
963 970
386 402
252 259
579 589
908 913
8 22
313 319
758 764
893 907
777 801
737 745
951 957
324 330
577 592
26 42
30 36
151 173
286 297
210 217
281 287
102 112
744 748
758 767
710 737
656 657
471 486
737 739
241 257
392 404
460 480
720 743
892 906
41 58
674 692
428 445
521 546
856 863
359 371
529 538
201 208
627 644
357 368
847 852
170 175
464 478
591 597
32 42
981 996
956 961
495 504
661 665
825 842
533 548
29 44
369 372
197 200
744 747
18 27
134 139
437 464
225 235
663 670
500 502
513 522
465 471
173 187
424 440
671 688
312 324
367 396
364 391
427 445
766 786
352 357
469 488
909 917
681 692
491 500
336 349
342 346
240 254
431 435
424 444
242 246
323 327
564 569
141 154
907 909
4 15
149 155
952 955
943 944
359 369
518 526
90 96
675 685
664 681
606 613
590 593
25 35
222 236
507 519
42 58
37 70
741 746
884 897
319 332
237 250
436 452
771 790
288 294
444 457
79 86
498 501
426 435
3 6
29 46
620 647
228 229
767 773
98 103
12 20
225 229
266 285
165 185
160 165
831 839
908 914
509 516
149 154
829 838
940 945
321 342
591 596
365 382
920 930
132 140
621 642
973 985
750 751
951 954
610 619
499 507
359 368
107 116
960 965
826 842
689 701
28 50
761 788
767 786
321 329
105 114
159 164
300 306
211 215
587 597
385 399
369 377
165 197
694 705
241 251
552 557
546 563
43 57
710 738
794 799
411 413
343 345
168 174
855 863
88 95
105 115
496 503
540 561
276 288
972 995
899 903
450 480
694 712
582 586
764 793
857 862
258 280
821 825
875 897
521 536
304 312
359 363
362 365
751 769
287 296
139 141
263 274
704 736
181 207
719 740
324 333
811 823
215 227
947 953
105 125
956 958
20 28
24 41
510 515
711 733
370 385
622 639
83 87
818 824
575 580
805 811
704 717
759 781
486 493
884 898
852 857
72 73
350 361
920 934
685 702
321 325
109 120
380 404
856 864
632 653
133 140
305 315
50 66
964 973
626 629
594 607
865 882
25 47
475 486
324 328
386 405
127 130
626 650
287 301
171 194
767 788
265 273
163 194
968 980
578 583
620 650
39 67
268 277
370 393
869 876
825 846
1 15
558 574
368 392
333 349
709 726
136 148
239 245
499 505
27 52
933 940
922 931
968 975
921 936
166 196
438 463
331 353
815 825
102 111
982 990
491 497
25 50
764 786
873 894
620 636
442 465
17 29
496 507
569 582
19 29
871 881
140 147
532 544
973 996
443 451
870 882
726 739
531 550
591 600
786 801
398 406
56 76
90 95
417 421
356 367
824 846
810 831
559 569
691 695
684 693
443 452
919 927
685 697
708 725
490 498
852 856
535 554
922 928
519 522
251 260
457 481
225 231
496 504
665 673
367 384
221 222
707 731
707 734
358 370
96 100
389 399
879 886
368 374
419 428
179 202
973 999
549 558
134 137
217 223
759 785
168 196
893 905
370 372
691 700
919 925
861 870
976 997
703 705
109 124
982 996
399 411
762 782
148 157
288 298
177 204
26 48
878 901
522 542
108 113
920 926
440 451
233 244
288 292
176 202
620 642
807 819
759 780
904 909
132 138
232 243
889 907
363 380
862 877
812 830
883 898
952 954
967 972
880 885
869 877
857 867
263 272
328 355
38 72
232 244
211 220
931 943
227 230
628 643
626 633
101 111
229 240
782 798
414 419
259 285
677 688
508 513
760 783
236 241
286 300
856 871
320 326
235 240
243 249
36 62
247 259
394 398
820 823
470 485
79 81
939 949
445 456
241 245
227 235
674 685
340 354
869 873
228 230
251 267
534 540
613 614
663 671
32 41
37 53
457 467
563 575
109 111
481 482
3 11
365 386
878 896
215 222
938 944
972 997
616 625
287 291
431 443
451 476
323 341
979 998
76 78
824 838
141 156
768 780
531 540
258 279
923 939
756 759
199 212
444 458
860 864
337 349
101 114
580 590
577 590
107 114
154 167
713 734
583 600
666 675
419 429
80 83
238 245
828 844
679 688
368 391
421 431
815 826
489 494
934 937
167 195
809 816
827 846
667 669
357 363
243 252
33 55
500 505
106 124
963 964
978 986
754 767
978 991
621 641
353 362
433 464
709 716
743 746
350 359
852 861
686 693
712 720
674 689
748 758
142 162
115 130
536 562
347 358
457 477
398 411
112 129
321 336
765 785
494 507
98 109
783 798
971 979
32 49
570 582
215 228
98 100
582 584
628 638
292 303
755 765
145 157
748 756
37 56
246 264
145 162
788 798
685 698
209 221
108 121
979 1000
666 672
432 441
299 307
706 714
770 787
315 321
819 824
966 973
386 401
3 9
261 279
678 686
228 234
870 879
178 205
935 938
763 775
924 939
957 961
412 416
612 618
16 18
863 874
607 610
25 43
482 496
45 63
925 939
504 515
371 389
732 742
832 841
972 992
24 50
942 945
73 79
441 455
423 436
727 743
371 378
686 697
646 655
657 667
220 226
977 998
239 256
105 116
917 921
415 419
587 599
754 763
982 988
951 956
514 535
270 288
322 338
496 501
495 503
707 730
691 698
667 670
531 544
511 530
873 889
245 261
560 575
856 870
329 345
130 132
707 719
873 891
322 336
966 974
515 530
628 633
233 239
103 123
149 151
218 222
514 533
806 815
431 434
470 489
120 130
850 858
831 842
45 71
435 464
898 903
662 667
217 225
612 617
982 994
499 509
558 573
435 461
652 662
962 965
642 656
252 261
134 140
218 225
322 333
757 766
624 632
978 992
900 903
919 936
873 893
483 494
976 992
561 575
680 689
969 978
805 819
715 745
164 181
922 923
444 446
882 898
917 922
129 133
922 925
215 226
253 258
482 500
919 926
78 82
97 104
94 107
706 717
315 323
742 750
818 829
267 273
624 650
27 50
766 784
100 125
430 435
911 918
689 694
451 473
370 391
164 179
31 36
165 175
147 154
757 761
186 206
108 126
905 908
466 488
754 771
78 84
743 748
265 282
19 30
23 51
421 423
106 111
504 511
311 314
438 458
956 963
816 822
589 594
699 707
148 156
804 818
686 695
564 572
519 525
747 758
319 335
498 509
37 69
26 41
347 361
620 638
34 53
433 453
979 991
740 750
362 369
357 369
33 62
765 789
266 270
766 778
697 711
751 766
319 329
614 622
286 295
263 270
822 835
512 525
319 339
405 408
956 959
37 55
813 830
845 849
337 351
321 334
450 473
109 119
425 440
190 203
249 266
576 584
921 930
172 185
872 874
615 622
138 149
883 888
806 810
624 649
980 988
209 220
31 38
976 984
3 7
463 469
932 939
434 453
371 392
286 290
454 480
333 355
851 859
369 394
618 621
478 486
950 956
183 203
167 187
163 189
255 266
507 512
760 772
592 600
459 470
493 504
664 680
24 37
530 542
420 425
760 787
958 970
807 815
28 52
516 532
139 150
367 388
624 630
712 733
362 368
33 59
688 697
676 688
892 905
47 70
2 9
414 420
757 767
509 511
28 37
151 170
355 359
293 302
318 321
85 87
428 443
511 531
978 997
446 480
109 115
307 313
620 641
79 82
764 792
7 19
89 93
801 804
237 248
367 382
196 203
682 688
312 321
563 567
521 549
259 277
606 612
343 352
436 460
969 979
830 846
302 314
54 74
231 242
517 524
871 879
757 763
111 131
157 164
254 264
444 461
42 68
469 483
713 716
587 605
585 601
490 500
30 51
625 638
761 795
286 301
554 563
705 722
740 749
149 162
771 794
363 390
331 354
761 792
708 730
653 662
621 646
29 37
505 511
765 775
214 226
621 650
143 156
171 193
48 67
108 122
378 404
934 940
524 536
461 467
532 540
867 880
689 699
706 728
979 996
244 247
280 286
597 607
164 180
329 355
712 735
231 239
443 455
40 71
876 892
566 581
331 346
422 429
374 400
166 187
757 762
519 524
886 906
136 145
774 800
308 313
940 948
882 901
448 470
903 912
865 881
425 445
702 709
712 719
200 213
35 58
31 51
365 379
823 844
697 706
764 783
776 800
683 699
668 691
923 941
212 221
753 764
308 315
320 327
798 803
185 204
210 219
879 890
420 423
109 113
153 170
166 182
767 780
495 502
857 870
81 88
27 51
831 843
304 318
399 412
289 308
879 889
871 878
857 866
862 876
355 361
137 147
452 468
623 641
147 155
267 277
911 916
616 626
505 518
579 585
454 477
236 240
473 482
323 340
943 948
370 389
501 520
371 381
499 503
293 311
25 45
960 964
172 197
746 756
531 554
763 774
116 129
99 106
156 167
101 117
2 15
879 894
478 491
670 684
369 393
824 844
964 975
516 524
974 991
409 414
712 732
971 978
767 776
757 765
142 154
441 453
598 606
262 275
622 632
356 365
503 514
876 886
682 683
323 337
919 934
574 579
406 415
576 586
877 885
771 778
870 884
171 180
700 711
877 901
977 990
192 204
752 761
421 428
612 615
695 704
206 210
592 599
432 443
518 533
418 428
964 980
526 536
870 883
535 545
800 802
667 673
100 116
23 33
83 92
578 591
138 143
183 201
697 705
458 467
265 271
803 810
136 149
240 245
810 826
445 452
220 227
910 916
424 436
757 759
573 582
93 105
318 324
677 683
751 763
258 272
260 278
272 286
375 399
288 293
138 148
674 684
290 302
584 593
350 358
706 722
616 627
437 447
810 827
771 786
688 702
919 930
173 178
667 676
941 944
945 950
495 510
500 508
710 721
14 19
810 823
321 330
171 178
554 559
141 161
974 995
513 527
537 557
365 392
706 734
531 539
21 31
576 591
286 296
882 892
762 787
711 727
677 685
173 190
980 989
167 177
973 997
480 486
89 94
353 359
129 135
177 203
573 576
156 166
170 176
408 415
514 527
166 193
873 898
726 743
811 822
513 534
588 595
799 808
933 941
980 984
438 464
749 757
710 715
236 237
445 446
261 273
534 555
345 360
28 34
103 122
36 69
691 701
320 337
970 980
578 588
709 734
258 271
624 647
964 976
294 308
761 785
472 484
572 579
48 70
548 565
172 189
147 161
193 206
306 316
38 63
881 895
322 339
385 400
35 70
237 253
368 393
852 855
673 691
366 389
422 428
881 887
520 524
881 891
347 357
110 128
161 163
943 946
246 258
189 198
48 58
33 54
142 155
188 198
480 492
50 62
518 535
189 205
621 631
323 343
867 883
932 938
565 567
705 731
510 518
37 72
34 68
762 772
524 553
866 873
101 127
616 628
826 837
557 569
368 383
637 655
295 308
865 883
927 942
822 842
206 213
533 545
828 836
427 441
240 255
902 903
351 362
936 942
26 44
103 121
133 137
429 441
912 913
708 735
166 189
321 331
294 306
304 314
292 307
963 966
622 640
687 703
8 19
266 277
732 741
706 725
834 847
784 799
663 669
554 557
102 121
29 40
708 724
49 62
707 716
666 676
761 774
618 620
792 798
753 761
157 166
52 56
971 972
170 187
976 986
429 435
322 328
852 860
356 371
41 64
580 592
858 865
484 500
556 560
206 208
7 22
21 24
293 304
539 564
91 94
933 943
163 181
164 175
693 708
3 12
86 91
468 484
503 511
755 770
552 560
522 551
715 744
29 45
446 467
145 159
721 745
97 103
663 681
296 310
237 254
534 550
708 716
420 429
527 539
755 766
622 641
533 542
25 51
712 718
570 581
47 72
628 636
722 739
428 433
171 188
641 651
463 472
548 561
527 548
325 347
716 744
254 266
424 442
857 872
562 568
921 931
620 639
167 194
79 85
313 322
161 173
513 532
297 308
667 678
447 481
626 648
92 94
461 475
767 789
437 451
462 476
50 70
937 948
976 996
320 334
211 218
425 443
618 625
167 185
972 989
497 507
254 268
769 785
746 757
4 16
195 204
97 101
721 739
104 124
544 557
149 157
299 305
354 360
907 911
492 499
922 929
585 593
969 976
40 61
519 530
247 262
437 459
437 454
517 532
764 788
617 628
458 481
502 512
764 785
257 266
666 682
627 632
666 674
764 795
329 350
145 154
559 572
45 64
831 838
263 277
459 477
102 127
363 391
830 836
306 315
244 251
201 213
443 446
622 646
881 900
580 587
512 528
97 105
581 586
628 637
173 194
964 974
363 385
264 271
102 113
883 886
432 434
47 69
246 259
594 608
415 422
164 193
272 287
770 780
975 995
321 341
947 950
614 624
8 18
25 46
799 809
3 15
921 929
191 198
866 881
259 275
650 654
824 833
526 554
561 570
876 898
160 171
481 490
832 834
353 357
208 216
474 490
767 790
454 479
121 131
268 269
294 311
205 209
857 865
30 34
35 64
922 934
444 447
27 41
702 708
580 585
375 405
858 870
360 369
24 35
974 984
257 258
506 513
24 43
904 912
707 735
828 846
679 689
851 861
256 264
588 594
780 799
879 892
708 723
709 721
473 491
867 875
619 623
383 397
818 825
364 395
172 176
371 379
756 767
516 534
42 59
919 928
95 109
664 679
921 928
32 39
323 330
492 496
481 487
759 795
180 198
711 716
761 791
455 481
147 157
173 196
319 334
961 967
247 268
19 24
539 562
863 880
623 631
515 534
665 670
167 176
597 608
286 292
165 177
418 425
739 750
416 422
262 272
562 567
622 631
377 402
170 179
982 987
419 430
377 400
859 863
436 465
102 117
856 862
103 119
183 206
767 778
637 651
722 740
769 775
128 134
724 740
842 848
816 830
423 440
109 112
979 999
311 313
627 634
666 678
214 227
816 825
908 916
364 383
968 976
733 739
171 175
264 279
531 547
302 315
506 520
19 32
4 7
384 403
828 837
805 812
529 548
860 867
322 342
862 882
38 67
258 283
248 267
821 826
808 818
89 97
5 7
729 745
116 128
822 846
121 129
896 906
186 202
47 59
444 455
614 623
660 663
462 469
507 514
4 6
32 45
919 932
564 568
154 171
109 118
797 803
557 574
950 957
503 516
821 824
24 46
337 347
520 530
530 553
559 573
698 713
748 752
139 145
25 39
925 940
224 230
324 338
210 214
320 341
942 949
646 654
30 33
526 546
418 427
170 191
87 97
33 65
588 598
557 571
223 233
779 797
822 840
850 861
652 657
560 572
397 407
809 815
558 572
706 726
869 878
173 195
977 996
652 661
579 583
954 961
750 754
858 866
463 480
463 478
481 483
707 717
428 434
865 873
701 709
165 191
371 393
763 787
164 183
614 626
227 232
171 181
20 27
430 441
33 56
616 624
763 778
823 837
141 162
597 606
366 391
201 211
746 758
78 83
713 728
880 894
94 104
698 705
977 994
581 591
705 721
875 890
420 430
577 586
761 781
315 324
423 439
920 931
349 357
755 764
134 136
109 117
704 725
17 26
902 905
236 239
855 870
405 411
431 440
798 809
362 367
13 20
530 547
171 176
715 740
750 755
132 139
720 739
173 189
120 129
828 843
801 808
32 40
79 83
96 109
25 42
955 959
770 794
697 713
