1000 2000 100
2 5 8 10 37 11 9 8 8 13 13 3 15 8 7 4 7 13 12 25 9 8 10 7 15 4 4 7 12 16 8 7 6 8 16 3 6 10 13 10 24 7 8 9 11 11 18 3 3 4 4 5 13 9 14 18 12 9 6 6 4 14 11 9 8 7 6 5 8 12 12 19 12 10 8 10 9 11 15 15 9 8 9 6 11 10 9 9 14 7 6 9 14 12 21 12 9 12 12 5 
1 3
1 4
1 5
3 8
3 9
4 10
5 11
5 12
5 13
8 16
9 17
9 18
9 19
10 20
10 21
12 22
13 23
16 26
16 27
17 28
17 29
17 30
18 31
18 32
19 33
19 34
19 35
20 36
20 37
20 38
21 39
21 40
23 41
23 42
42 63
63 74
63 75
63 76
74 83
76 84
76 85
76 86
83 91
83 92
84 93
85 94
86 95
91 99
91 100
91 101
93 102
94 103
94 104
99 112
99 113
99 114
100 115
100 116
101 117
102 118
102 119
103 120
103 121
103 122
122 125
125 128
128 143
128 144
143 151
144 152
151 158
158 162
158 163
158 164
162 169
162 170
163 171
164 172
164 173
169 182
169 183
169 184
170 185
170 186
172 187
172 188
172 189
173 190
173 191
182 194
182 195
182 196
185 197
185 198
188 199
188 200
188 201
189 202
189 203
189 204
190 205
190 206
191 207
191 208
191 209
209 219
219 228
228 236
228 237
236 246
246 253
253 268
268 272
272 276
276 283
276 284
283 295
284 296
295 311
311 319
311 320
311 321
320 326
321 327
321 328
321 329
326 332
327 333
328 334
328 335
328 336
329 337
332 340
332 341
332 342
333 343
334 344
334 345
334 346
335 347
335 348
335 349
337 350
350 356
356 359
356 360
356 361
359 365
359 366
359 367
360 368
360 369
366 375
366 376
366 377
368 378
375 388
375 389
375 390
376 391
376 392
377 393
378 394
378 395
388 398
388 399
388 400
389 401
390 402
390 403
390 404
391 405
391 406
391 407
395 408
408 422
422 429
422 430
422 431
429 437
430 438
430 439
430 440
438 446
438 447
438 448
439 449
446 457
446 458
446 459
447 460
447 461
447 462
448 463
448 464
449 465
457 468
457 469
458 470
458 471
458 472
459 473
460 474
461 475
461 476
461 477
462 478
463 479
463 480
465 481
465 482
465 483
483 486
486 489
489 492
492 496
496 500
500 505
500 506
500 507
505 518
505 519
506 520
506 521
506 522
507 523
507 524
518 527
518 528
518 529
520 530
522 531
522 532
523 533
524 534
524 535
524 536
527 541
527 542
528 543
528 544
529 545
530 546
530 547
531 548
531 549
533 550
534 551
534 552
534 553
535 554
535 555
535 556
556 559
559 571
559 572
571 580
580 586
586 592
592 596
592 597
596 610
596 611
597 612
612 621
612 622
621 630
621 631
630 638
631 639
631 640
640 645
645 651
651 656
651 657
651 658
656 664
656 665
656 666
657 667
657 668
664 676
664 677
664 678
665 679
666 680
666 681
666 682
667 683
668 684
668 685
676 688
677 689
677 690
679 691
679 692
679 693
680 694
680 695
680 696
681 697
682 698
682 699
682 700
684 701
684 702
684 703
685 704
704 707
707 719
707 720
719 729
719 730
719 731
731 737
731 738
731 739
737 747
739 748
739 749
747 756
747 757
748 758
748 759
748 760
749 761
749 762
756 767
757 768
759 769
760 770
760 771
760 772
761 773
761 774
761 775
762 776
762 777
762 778
778 782
782 797
797 806
806 814
806 815
814 823
823 829
829 840
829 841
841 850
850 859
859 868
868 882
868 883
882 889
883 890
889 895
889 896
890 897
890 898
890 899
896 904
896 905
897 906
897 907
898 908
899 909
899 910
904 918
904 919
906 920
906 921
907 922
908 923
909 924
909 925
909 926
919 930
919 931
919 932
920 933
920 934
922 935
922 936
922 937
923 938
924 939
926 940
926 941
941 951
951 963
951 964
963 972
963 973
964 974
964 975
964 976
973 984
973 985
974 986
974 987
975 988
975 989
984 996
985 997
985 998
988 999
990 997
991 997
992 998
993 998
977 991
978 993
979 993
980 993
965 977
966 978
967 980
968 980
952 965
953 965
954 966
955 966
956 966
957 967
958 967
942 952
943 954
944 954
945 956
946 957
947 958
948 958
927 948
911 927
900 911
891 900
884 891
885 891
886 891
869 885
870 886
860 870
851 860
852 860
842 851
830 842
824 830
816 824
817 824
818 824
807 816
808 816
798 807
799 807
800 808
801 808
783 798
784 799
785 799
786 799
787 800
788 800
789 800
790 801
791 801
792 801
779 792
763 779
750 763
751 763
752 763
740 751
741 751
742 751
743 752
744 752
745 752
732 741
733 742
734 744
735 745
721 732
722 732
723 732
724 733
725 733
726 733
727 734
708 721
709 721
710 722
711 722
712 722
713 723
714 724
715 725
716 725
717 725
705 717
686 705
669 686
659 669
660 669
652 660
646 652
647 652
648 652
641 646
642 647
643 648
632 641
633 641
634 642
623 632
624 632
625 632
626 633
627 634
628 634
613 623
614 623
615 624
616 624
617 626
618 627
619 627
598 613
599 614
600 614
601 616
602 616
603 618
604 618
605 619
606 619
593 606
587 593
588 593
589 593
581 588
582 588
583 588
584 589
573 581
574 582
575 582
576 582
577 584
578 584
560 573
561 573
562 574
563 574
564 574
565 576
566 576
567 578
568 578
569 578
557 569
537 557
525 537
508 525
509 525
501 509
497 501
493 497
494 497
490 494
487 490
484 487
466 484
450 466
441 450
442 450
432 441
433 442
434 442
435 442
423 432
424 433
425 433
426 434
427 435
409 423
410 424
411 424
412 424
413 425
414 425
415 425
416 426
417 426
418 427
396 418
379 396
370 379
362 370
357 362
351 357
352 357
338 352
330 338
322 330
323 330
324 330
312 322
313 323
314 323
315 323
316 324
317 324
297 312
298 312
299 313
300 314
301 314
302 314
303 315
304 315
305 315
306 316
307 316
308 317
309 317
285 309
277 285
273 277
269 273
270 273
254 269
255 269
256 270
257 270
247 254
248 255
238 247
239 247
240 248
241 248
242 248
229 238
230 238
231 238
232 241
233 241
220 229
221 229
222 230
223 231
224 231
225 232
226 232
210 220
211 220
212 220
213 221
214 222
215 226
216 226
217 226
192 217
174 192
165 174
159 165
160 165
153 159
154 160
155 160
156 160
145 153
146 155
147 155
148 155
149 156
129 145
130 145
131 146
132 146
133 146
134 147
135 147
136 147
137 148
138 148
139 148
140 149
141 149
126 141
123 126
105 123
96 105
87 96
88 96
89 96
77 87
78 87
79 88
80 88
81 89
64 77
65 77
66 77
67 78
68 79
69 79
70 80
71 80
72 80
43 64
44 64
45 64
46 65
47 65
48 67
49 67
50 68
51 69
52 69
53 70
54 70
55 70
56 71
57 72
58 72
59 72
24 59
14 24
6 14
2 6
2 7
7 15
15 25
25 60
25 61
25 62
62 73
73 82
82 90
90 97
90 98
97 106
97 107
97 108
98 109
98 110
98 111
111 124
124 127
127 142
142 150
150 157
157 161
161 166
161 167
161 168
166 175
166 176
167 177
167 178
168 179
168 180
168 181
181 193
193 218
218 227
227 234
227 235
235 243
235 244
235 245
244 249
244 250
245 251
245 252
249 258
249 259
249 260
250 261
250 262
250 263
251 264
251 265
252 266
252 267
267 271
271 274
271 275
274 278
274 279
274 280
275 281
275 282
278 286
278 287
280 288
280 289
281 290
281 291
281 292
282 293
282 294
294 310
310 318
318 325
325 331
331 339
339 353
339 354
339 355
355 358
358 363
358 364
363 371
364 372
364 373
364 374
371 380
372 381
373 382
373 383
373 384
374 385
374 386
374 387
387 397
397 419
397 420
397 421
421 428
428 436
436 443
436 444
436 445
443 451
444 452
444 453
444 454
445 455
445 456
456 467
467 485
485 488
488 491
491 495
495 498
495 499
498 502
498 503
499 504
502 510
502 511
503 512
503 513
503 514
504 515
504 516
504 517
517 526
526 538
526 539
526 540
540 558
558 570
570 579
579 585
585 590
585 591
590 594
591 595
594 607
594 608
594 609
609 620
620 629
629 635
629 636
629 637
636 644
644 649
644 650
650 653
650 654
650 655
653 661
655 662
655 663
661 670
662 671
662 672
663 673
663 674
663 675
675 687
687 706
706 718
718 728
728 736
736 746
746 753
746 754
746 755
754 764
754 765
755 766
766 780
780 793
793 802
802 809
809 819
809 820
819 825
820 826
820 827
825 831
825 832
826 833
826 834
826 835
827 836
827 837
835 843
837 844
837 845
837 846
843 853
844 854
844 855
853 861
853 862
854 863
854 864
854 865
855 866
862 871
862 872
863 873
864 874
864 875
865 876
865 877
865 878
878 887
887 892
887 893
892 901
893 902
901 912
901 913
901 914
902 915
902 916
916 928
928 949
949 959
959 969
959 970
970 981
970 982
982 994
994 1000
995 1000
983 995
971 983
960 971
961 971
962 971
950 962
929 950
917 929
903 917
894 903
888 894
879 888
880 888
881 888
867 881
856 867
857 867
858 867
847 857
848 858
849 858
838 848
839 848
828 839
821 828
822 828
810 821
811 822
812 822
813 822
803 811
804 811
805 812
794 803
795 804
796 804
781 796
941 954
758 773
766 773
383 390
953 970
167 179
884 894
18 49
498 504
718 721
498 500
393 406
644 647
903 907
603 611
395 405
585 587
389 420
659 667
500 515
881 882
626 632
615 626
172 185
258 268
643 647
147 153
689 708
369 376
618 629
336 348
585 588
236 248
955 969
165 178
364 371
725 731
654 662
75 83
592 606
284 305
273 279
235 237
142 147
24 61
681 691
722 730
465 469
888 890
272 282
365 378
851 865
667 680
894 897
337 347
798 811
95 101
921 949
902 907
290 308
828 835
486 491
540 541
19 27
952 969
731 743
15 17
816 825
1 6
581 591
465 478
495 496
925 930
734 740
961 970
320 328
276 289
960 968
371 375
964 973
902 912
25 38
545 569
378 391
937 957
737 755
725 734
411 426
336 347
24 56
558 567
924 947
100 123
957 964
635 639
148 153
128 145
98 107
729 746
178 190
923 939
526 531
19 43
19 38
163 174
662 666
218 222
867 868
779 790
758 769
612 624
823 831
251 257
920 940
669 681
225 230
93 106
533 547
335 346
107 121
878 883
631 638
993 997
277 291
370 381
890 900
504 512
813 818
276 294
515 525
300 315
980 994
811 820
391 421
359 373
367 383
424 435
594 599
85 93
548 561
919 939
926 942
276 286
183 196
365 382
392 399
885 889
873 884
716 723
720 729
308 313
94 109
932 955
677 691
552 569
127 129
467 484
839 846
389 405
169 191
356 363
452 465
764 772
443 448
233 240
604 611
463 473
248 254
572 580
460 484
126 136
505 522
572 581
246 257
22 58
901 916
735 740
763 778
648 654
572 583
759 778
810 815
760 769
681 690
164 175
519 538
684 688
628 635
801 811
241 247
358 362
84 98
474 487
579 581
277 292
295 314
867 869
681 700
315 324
607 616
595 601
55 67
286 309
395 415
980 990
331 336
824 835
91 104
924 943
368 381
417 424
219 235
231 240
880 885
126 133
709 725
193 202
9 16
126 128
942 958
843 856
930 961
639 645
385 390
458 468
700 717
761 780
281 289
246 256
540 557
9 20
715 728
186 201
763 768
728 730
819 827
241 252
816 828
278 285
486 490
982 992
618 624
433 444
247 258
285 297
682 696
262 271
165 181
635 641
962 966
831 848
576 581
378 397
498 501
563 575
502 512
678 699
461 485
595 605
334 355
361 372
927 935
800 807
898 904
66 75
525 539
839 847
170 190
292 304
676 689
271 273
35 71
861 878
780 794
773 792
671 686
713 726
762 771
896 914
249 256
502 513
845 852
750 758
595 609
775 791
127 134
127 136
854 867
8 20
230 243
222 228
955 964
963 977
395 411
445 452
873 886
285 304
909 921
951 968
173 193
132 143
757 774
694 709
595 600
357 361
845 850
944 955
921 950
194 227
860 872
502 507
464 475
834 849
22 54
777 795
395 403
277 290
501 508
189 216
290 300
510 520
683 688
60 63
503 508
525 540
686 706
190 216
907 926
140 147
722 735
855 861
89 92
660 667
460 480
97 111
164 177
96 106
978 988
391 404
967 981
159 167
190 194
153 158
320 330
737 749
866 878
8 18
669 687
376 389
186 194
875 888
946 954
983 992
976 987
431 444
890 895
972 993
827 830
772 784
13 16
397 398
582 590
842 853
536 541
45 68
505 525
433 443
779 787
691 716
580 588
576 583
595 604
91 107
542 560
711 724
16 53
334 347
836 849
81 88
259 270
741 749
584 588
689 711
931 955
190 198
278 294
169 189
559 577
820 828
437 456
960 969
190 210
592 608
171 190
760 776
504 507
14 20
675 676
9 21
646 655
160 166
678 688
387 389
17 31
17 54
594 596
742 755
872 886
14 23
915 925
628 632
928 930
860 881
429 444
330 332
758 781
733 738
443 455
491 493
711 725
225 234
939 961
894 900
69 75
23 52
461 483
290 295
128 148
249 254
457 479
500 510
533 545
815 824
126 129
393 402
500 508
855 863
684 693
127 141
771 794
147 151
951 966
399 425
125 135
653 659
323 326
275 279
519 534
570 578
593 599
799 811
451 463
67 74
921 937
457 480
73 81
438 451
811 818
840 853
903 905
623 637
426 435
248 257
23 44
18 62
18 42
499 501
21 43
249 255
220 228
904 926
386 391
172 184
512 524
282 288
969 981
558 564
975 990
845 854
276 293
593 596
760 774
250 254
23 45
873 883
179 192
555 561
245 246
233 242
724 735
191 194
504 513
24 62
21 59
14 25
441 449
501 516
16 57
503 509
19 56
431 445
973 988
749 760
903 909
394 413
376 397
291 310
368 377
214 221
673 684
891 901
141 143
188 208
974 991
518 534
546 565
539 554
983 993
672 685
892 900
809 816
459 471
211 224
434 445
380 395
87 91
939 959
567 572
692 715
334 343
634 643
493 498
615 629
834 845
528 553
654 661
738 748
543 565
753 759
703 718
225 231
593 601
93 110
916 920
223 232
503 511
312 325
808 815
466 478
462 471
168 176
424 431
241 249
462 481
747 765
864 869
743 755
717 724
890 901
233 238
806 816
636 640
233 236
552 566
918 941
833 849
587 592
815 823
519 539
887 894
187 213
812 820
267 270
106 115
338 344
168 172
332 348
367 387
566 579
891 897
290 307
708 719
391 413
219 231
971 978
658 675
678 696
316 319
920 944
55 73
531 544
833 845
544 564
182 214
743 748
291 296
683 705
640 647
746 747
682 701
57 64
251 253
760 767
441 448
108 113
395 413
176 191
500 512
639 649
462 482
251 266
754 761
77 86
162 179
515 522
518 530
467 481
666 687
290 301
179 184
473 486
727 731
125 133
234 242
500 509
235 239
330 336
534 545
371 386
778 789
689 710
392 407
190 212
377 392
64 82
185 206
207 227
81 86
966 982
767 787
369 379
789 799
27 65
918 948
397 404
749 765
688 708
580 589
400 425
638 645
183 213
490 492
833 846
627 636
37 72
387 396
596 615
956 969
600 612
949 957
281 286
240 249
595 608
288 303
43 72
545 559
885 890
851 859
24 39
226 229
489 494
631 641
812 821
743 750
630 640
674 682
439 448
917 926
24 35
514 523
980 986
23 31
893 897
444 449
525 529
530 542
912 922
676 702
601 615
903 913
926 939
924 940
282 285
770 784
431 438
918 944
396 407
107 120
184 212
21 61
384 391
644 648
958 971
100 113
125 136
908 918
826 830
859 873
919 940
18 43
920 939
191 201
960 967
780 792
590 592
763 774
21 38
33 65
22 49
357 364
601 620
965 974
363 374
758 778
879 882
857 860
7 9
814 826
680 698
443 449
902 904
188 205
99 124
97 101
861 875
337 354
713 720
821 825
552 562
458 474
186 217
532 553
536 555
592 607
549 567
93 99
764 776
542 564
193 217
751 761
338 346
172 193
513 522
744 755
56 67
921 933
385 391
683 696
338 349
292 303
968 978
369 387
813 816
892 899
918 935
856 861
740 755
264 271
766 776
592 605
338 354
804 807
388 406
183 214
654 660
406 422
752 762
945 962
73 75
247 256
565 571
979 987
251 259
379 390
803 813
780 783
832 840
93 108
518 539
706 711
365 383
671 681
397 410
307 314
860 879
165 177
193 216
442 451
325 327
380 389
573 583
675 686
976 995
24 50
232 239
853 866
161 162
647 653
688 713
970 972
913 928
279 294
198 225
394 415
714 727
561 574
562 573
900 908
193 211
69 78
174 185
990 996
661 674
21 29
452 460
704 714
877 886
753 758
18 59
768 791
214 223
104 123
283 306
968 981
956 963
222 235
277 289
98 104
392 421
557 568
592 604
633 643
899 917
855 859
282 292
422 436
166 181
17 27
629 633
548 559
913 929
165 180
393 411
450 465
541 564
326 334
333 345
678 692
111 113
302 313
335 351
21 51
439 451
677 704
735 739
144 151
58 70
972 986
631 644
290 296
308 312
962 969
963 978
160 164
866 881
501 506
90 94
440 455
463 483
329 333
183 218
397 405
958 968
669 677
193 212
883 892
500 511
553 561
248 266
251 261
714 723
798 812
333 354
159 164
2 4
575 585
658 669
300 316
875 887
395 400
226 230
283 301
221 228
679 694
7 12
450 462
167 180
888 889
533 543
828 830
73 76
390 413
360 371
766 779
292 300
994 999
866 870
750 760
423 436
529 554
909 929
272 280
787 805
928 938
730 741
855 867
971 976
503 516
900 905
183 208
242 247
989 998
663 668
158 167
607 619
427 433
906 927
931 951
859 875
908 920
964 980
316 322
865 874
950 954
756 781
686 692
862 874
358 360
537 550
493 499
164 171
22 26
692 717
878 884
293 300
846 850
24 29
747 766
768 792
135 150
418 428
838 846
172 190
848 851
426 432
652 662
740 754
668 683
616 627
967 976
758 771
294 304
235 241
965 972
739 753
571 584
6 8
900 914
662 669
784 802
686 700
106 120
17 40
965 981
440 453
696 717
908 929
295 318
428 432
494 499
568 571
231 236
20 62
125 130
299 317
630 639
864 877
114 126
448 458
677 700
195 226
