1000 3000 50
11 21 21 21 21 21 21 21 21 21 21 21 21 21 21 21 21 21 21 21 20 20 20 20 20 20 20 20 20 20 20 20 20 20 20 20 20 20 20 20 20 20 20 20 20 20 20 20 20 10 
1 12
12 33
33 54
54 75
75 96
96 117
117 138
138 159
159 180
180 201
201 222
222 243
243 264
264 285
285 306
306 327
327 348
348 369
369 390
390 411
411 431
431 451
451 471
471 491
491 511
511 531
531 551
551 571
571 591
591 611
611 631
631 651
651 671
671 691
691 711
711 731
731 751
751 771
771 791
791 811
811 831
831 851
851 871
871 891
891 911
911 931
931 951
951 971
971 991
972 991
952 972
932 952
912 932
892 912
872 892
852 872
832 852
812 832
792 812
772 792
752 772
732 752
712 732
692 712
672 692
652 672
632 652
612 632
592 612
572 592
552 572
532 552
512 532
492 512
472 492
452 472
432 452
412 432
391 412
370 391
349 370
328 349
307 328
286 307
265 286
244 265
223 244
202 223
181 202
160 181
139 160
118 139
97 118
76 97
55 76
34 55
13 34
2 13
2 14
14 35
35 56
56 77
77 98
98 119
119 140
140 161
161 182
182 203
203 224
224 245
245 266
266 287
287 308
308 329
329 350
350 371
371 392
392 413
413 433
433 453
453 473
473 493
493 513
513 533
533 553
553 573
573 593
593 613
613 633
633 653
653 673
673 693
693 713
713 733
733 753
753 773
773 793
793 813
813 833
833 853
853 873
873 893
893 913
913 933
933 953
953 973
973 992
974 992
954 974
934 954
914 934
894 914
874 894
854 874
834 854
814 834
794 814
774 794
754 774
734 754
714 734
694 714
674 694
654 674
634 654
614 634
594 614
574 594
554 574
534 554
514 534
494 514
474 494
454 474
434 454
414 434
393 414
372 393
351 372
330 351
309 330
288 309
267 288
246 267
225 246
204 225
183 204
162 183
141 162
120 141
99 120
78 99
57 78
36 57
15 36
3 15
3 16
16 37
37 58
58 79
79 100
100 121
121 142
142 163
163 184
184 205
205 226
226 247
247 268
268 289
289 310
310 331
331 352
352 373
373 394
394 415
415 435
435 455
455 475
475 495
495 515
515 535
535 555
555 575
575 595
595 615
615 635
635 655
655 675
675 695
695 715
715 735
735 755
755 775
775 795
795 815
815 835
835 855
855 875
875 895
895 915
915 935
935 955
955 975
975 993
976 993
956 976
936 956
916 936
896 916
876 896
856 876
836 856
816 836
796 816
776 796
756 776
736 756
716 736
696 716
676 696
656 676
636 656
616 636
596 616
576 596
556 576
536 556
516 536
496 516
476 496
456 476
436 456
416 436
395 416
374 395
353 374
332 353
311 332
290 311
269 290
248 269
227 248
206 227
185 206
164 185
143 164
122 143
101 122
80 101
59 80
38 59
17 38
4 17
4 18
18 39
39 60
60 81
81 102
102 123
123 144
144 165
165 186
186 207
207 228
228 249
249 270
270 291
291 312
312 333
333 354
354 375
375 396
396 417
417 437
437 457
457 477
477 497
497 517
517 537
537 557
557 577
577 597
597 617
617 637
637 657
657 677
677 697
697 717
717 737
737 757
757 777
777 797
797 817
817 837
837 857
857 877
877 897
897 917
917 937
937 957
957 977
977 994
978 994
958 978
938 958
918 938
898 918
878 898
858 878
838 858
818 838
798 818
778 798
758 778
738 758
718 738
698 718
678 698
658 678
638 658
618 638
598 618
578 598
558 578
538 558
518 538
498 518
478 498
458 478
438 458
418 438
397 418
376 397
355 376
334 355
313 334
292 313
271 292
250 271
229 250
208 229
187 208
166 187
145 166
124 145
103 124
82 103
61 82
40 61
19 40
5 19
5 20
20 41
41 62
62 83
83 104
104 125
125 146
146 167
167 188
188 209
209 230
230 251
251 272
272 293
293 314
314 335
335 356
356 377
377 398
398 419
419 439
439 459
459 479
479 499
499 519
519 539
539 559
559 579
579 599
599 619
619 639
639 659
659 679
679 699
699 719
719 739
739 759
759 779
779 799
799 819
819 839
839 859
859 879
879 899
899 919
919 939
939 959
959 979
979 995
980 995
960 980
940 960
920 940
900 920
880 900
860 880
840 860
820 840
800 820
780 800
760 780
740 760
720 740
700 720
680 700
660 680
640 660
620 640
600 620
580 600
560 580
540 560
520 540
500 520
480 500
460 480
440 460
420 440
399 420
378 399
357 378
336 357
315 336
294 315
273 294
252 273
231 252
210 231
189 210
168 189
147 168
126 147
105 126
84 105
63 84
42 63
21 42
6 21
6 22
22 43
43 64
64 85
85 106
106 127
127 148
148 169
169 190
190 211
211 232
232 253
253 274
274 295
295 316
316 337
337 358
358 379
379 400
400 421
421 441
441 461
461 481
481 501
501 521
521 541
541 561
561 581
581 601
601 621
621 641
641 661
661 681
681 701
701 721
721 741
741 761
761 781
781 801
801 821
821 841
841 861
861 881
881 901
901 921
921 941
941 961
961 981
981 996
982 996
962 982
942 962
922 942
902 922
882 902
862 882
842 862
822 842
802 822
782 802
762 782
742 762
722 742
702 722
682 702
662 682
642 662
622 642
602 622
582 602
562 582
542 562
522 542
502 522
482 502
462 482
442 462
422 442
401 422
380 401
359 380
338 359
317 338
296 317
275 296
254 275
233 254
212 233
191 212
170 191
149 170
128 149
107 128
86 107
65 86
44 65
23 44
7 23
7 24
24 45
45 66
66 87
87 108
108 129
129 150
150 171
171 192
192 213
213 234
234 255
255 276
276 297
297 318
318 339
339 360
360 381
381 402
402 423
423 443
443 463
463 483
483 503
503 523
523 543
543 563
563 583
583 603
603 623
623 643
643 663
663 683
683 703
703 723
723 743
743 763
763 783
783 803
803 823
823 843
843 863
863 883
883 903
903 923
923 943
943 963
963 983
983 997
984 997
964 984
944 964
924 944
904 924
884 904
864 884
844 864
824 844
804 824
784 804
764 784
744 764
724 744
704 724
684 704
664 684
644 664
624 644
604 624
584 604
564 584
544 564
524 544
504 524
484 504
464 484
444 464
424 444
403 424
382 403
361 382
340 361
319 340
298 319
277 298
256 277
235 256
214 235
193 214
172 193
151 172
130 151
109 130
88 109
67 88
46 67
25 46
8 25
8 26
26 47
47 68
68 89
89 110
110 131
131 152
152 173
173 194
194 215
215 236
236 257
257 278
278 299
299 320
320 341
341 362
362 383
383 404
404 425
425 445
445 465
465 485
485 505
505 525
525 545
545 565
565 585
585 605
605 625
625 645
645 665
665 685
685 705
705 725
725 745
745 765
765 785
785 805
805 825
825 845
845 865
865 885
885 905
905 925
925 945
945 965
965 985
985 998
986 998
966 986
946 966
926 946
906 926
886 906
866 886
846 866
826 846
806 826
786 806
766 786
746 766
726 746
706 726
686 706
666 686
646 666
626 646
606 626
586 606
566 586
546 566
526 546
506 526
486 506
466 486
446 466
426 446
405 426
384 405
363 384
342 363
321 342
300 321
279 300
258 279
237 258
216 237
195 216
174 195
153 174
132 153
111 132
90 111
69 90
48 69
27 48
9 27
9 28
28 49
49 70
70 91
91 112
112 133
133 154
154 175
175 196
196 217
217 238
238 259
259 280
280 301
301 322
322 343
343 364
364 385
385 406
406 427
427 447
447 467
467 487
487 507
507 527
527 547
547 567
567 587
587 607
607 627
627 647
647 667
667 687
687 707
707 727
727 747
747 767
767 787
787 807
807 827
827 847
847 867
867 887
887 907
907 927
927 947
947 967
967 987
987 999
988 999
968 988
948 968
928 948
908 928
888 908
868 888
848 868
828 848
808 828
788 808
768 788
748 768
728 748
708 728
688 708
668 688
648 668
628 648
608 628
588 608
568 588
548 568
528 548
508 528
488 508
468 488
448 468
428 448
407 428
386 407
365 386
344 365
323 344
302 323
281 302
260 281
239 260
218 239
197 218
176 197
155 176
134 155
113 134
92 113
71 92
50 71
29 50
10 29
10 30
30 51
51 72
72 93
93 114
114 135
135 156
156 177
177 198
198 219
219 240
240 261
261 282
282 303
303 324
324 345
345 366
366 387
387 408
408 429
429 449
449 469
469 489
489 509
509 529
529 549
549 569
569 589
589 609
609 629
629 649
649 669
669 689
689 709
709 729
729 749
749 769
769 789
789 809
809 829
829 849
849 869
869 889
889 909
909 929
929 949
949 969
969 989
989 1000
990 1000
970 990
950 970
930 950
910 930
890 910
870 890
850 870
830 850
810 830
790 810
770 790
750 770
730 750
710 730
690 710
670 690
650 670
630 650
610 630
590 610
570 590
550 570
530 550
510 530
490 510
470 490
450 470
430 450
409 430
388 409
367 388
346 367
325 346
304 325
283 304
262 283
241 262
220 241
199 220
178 199
157 178
136 157
115 136
94 115
73 94
52 73
31 52
11 31
11 32
32 53
53 74
74 95
95 116
116 137
137 158
158 179
179 200
200 221
221 242
242 263
263 284
284 305
305 326
326 347
347 368
368 389
389 410
830 842
945 966
6 12
203 238
259 282
951 988
912 947
888 906
279 297
154 160
562 575
488 496
249 269
494 526
709 716
57 76
431 470
876 910
733 761
546 561
255 277
461 490
2 25
701 730
359 388
534 556
709 730
415 442
73 82
724 742
788 806
623 632
576 601
935 964
184 206
305 312
506 528
259 284
746 756
747 765
739 762
781 796
566 575
123 147
835 868
205 242
134 152
262 268
899 918
195 203
989 992
576 595
380 405
713 734
57 92
416 449
870 876
217 232
382 402
621 631
611 638
90 101
828 831
111 131
589 594
49 57
836 868
232 249
808 830
175 190
229 256
905 928
379 409
68 86
31 39
796 819
116 117
829 837
275 285
820 833
736 761
770 778
168 188
173 189
721 731
748 752
140 177
9 24
8 18
512 533
702 728
804 818
402 424
212 237
282 297
128 150
887 906
393 412
645 659
200 219
274 287
125 147
243 277
461 472
759 773
8 31
507 523
882 904
939 956
233 252
388 390
548 562
846 852
106 131
694 725
942 961
407 423
240 246
655 684
737 756
98 123
482 496
420 449
950 959
528 540
352 382
409 428
357 374
560 571
537 562
472 495
876 905
202 241
381 401
760 778
204 231
665 676
36 64
258 265
564 577
935 953
801 817
714 740
914 949
352 375
171 188
554 585
470 475
644 656
356 370
5 16
873 907
614 649
229 258
659 688
782 798
447 466
3 32
362 389
200 212
797 814
898 912
637 655
286 322
416 434
224 253
446 456
29 49
331 355
428 435
719 734
616 646
136 138
734 769
743 764
689 695
61 88
538 553
525 546
397 420
508 517
326 327
599 629
612 638
401 411
765 773
745 758
33 64
490 500
109 136
541 570
227 261
911 937
139 165
702 716
704 720
322 329
931 958
490 492
208 232
371 405
260 268
388 410
379 405
636 670
196 204
556 577
184 217
80 100
11 12
156 161
763 771
864 880
732 765
959 989
910 922
548 552
225 256
710 721
358 382
265 303
709 719
672 704
226 252
370 399
680 701
694 724
210 229
568 571
649 666
374 404
147 175
631 669
304 314
425 437
234 250
842 852
490 494
868 871
485 507
473 503
931 953
377 410
607 630
287 324
425 444
157 176
911 941
726 749
156 165
625 633
716 742
987 993
471 499
536 553
828 837
338 363
857 885
850 859
714 732
405 412
209 225
926 940
477 494
792 811
43 69
857 888
426 431
387 403
186 210
810 815
956 981
535 558
811 844
129 138
447 468
166 197
576 608
328 359
247 278
881 908
890 905
940 953
709 718
204 233
574 602
311 340
287 311
530 531
763 777
106 126
738 764
771 799
261 266
27 45
199 210
748 770
561 585
774 799
27 34
838 870
255 280
131 141
81 111
512 534
357 370
162 189
281 296
965 986
730 734
957 975
758 779
253 281
691 725
457 474
228 259
227 256
624 640
197 201
13 44
899 930
87 116
12 43
675 709
623 646
109 128
171 198
443 459
341 367
700 715
570 589
415 437
33 61
172 182
513 534
58 83
439 469
663 675
966 975
31 46
225 260
827 843
976 996
138 167
841 859
202 232
242 261
128 155
64 81
691 716
498 511
652 677
248 282
742 760
960 975
335 361
490 499
155 171
741 759
573 607
658 673
213 232
962 977
143 179
167 199
371 409
364 389
214 226
269 299
801 830
719 749
424 431
301 306
102 134
371 410
821 845
711 746
30 42
899 925
873 891
849 862
878 902
567 582
98 122
908 923
501 527
819 849
562 587
723 747
326 329
161 189
331 360
278 302
550 561
864 872
322 344
496 526
421 436
613 640
201 237
831 855
122 152
179 187
859 876
430 431
245 273
881 900
174 184
208 233
250 276
81 103
493 523
925 933
578 606
766 777
187 201
341 365
651 684
29 51
660 673
1 17
131 142
349 373
870 884
397 426
399 414
434 462
362 387
555 589
157 172
735 769
893 921
731 753
950 963
206 242
607 620
361 372
469 490
825 849
70 89
10 26
958 985
568 574
509 514
722 749
54 76
202 228
205 236
241 255
791 812
189 214
695 719
768 777
879 893
544 567
789 792
957 980
893 919
899 913
724 734
946 952
448 455
926 948
34 60
654 688
728 750
948 956
270 285
40 72
907 929
540 551
634 659
324 341
125 143
955 988
721 748
861 889
34 63
747 759
394 422
776 798
237 253
832 853
234 259
514 531
551 590
749 754
206 230
142 177
449 466
696 712
157 166
766 779
318 331
809 812
915 939
441 469
879 896
842 854
178 190
316 344
172 185
223 254
475 500
780 797
702 730
729 743
684 700
877 893
638 668
831 860
497 522
680 696
776 807
950 961
706 730
807 815
248 278
686 708
921 937
719 732
575 605
756 786
865 876
397 424
932 954
84 113
209 222
246 270
765 776
763 775
436 463
521 531
317 344
173 191
750 754
739 767
709 713
567 572
114 125
63 83
775 797
950 968
656 688
394 423
112 129
167 198
267 294
653 679
675 704
536 562
665 681
924 942
51 62
7 18
376 410
392 418
649 659
546 555
643 653
786 793
432 459
818 833
258 283
793 825
959 972
357 371
581 602
64 92
801 822
778 793
432 458
776 806
105 134
327 368
4 27
937 960
204 222
81 112
300 310
638 662
283 298
242 248
783 791
427 438
451 477
727 732
165 195
757 778
50 58
414 441
172 184
730 731
694 719
330 356
752 780
265 290
145 172
605 627
232 247
225 257
617 650
903 920
699 729
316 339
766 788
963 987
445 470
149 162
491 530
684 694
547 570
855 888
770 784
352 388
782 797
490 502
698 723
603 614
762 771
197 212
245 275
646 667
97 123
873 910
131 154
422 447
930 938
2 21
596 611
536 567
359 383
286 324
32 35
315 329
761 774
393 422
419 447
804 820
59 88
796 817
843 854
227 262
468 483
845 861
353 373
540 557
403 427
74 93
414 431
74 87
574 591
766 780
412 437
57 82
428 436
595 616
588 605
167 197
106 119
50 66
404 416
642 670
541 567
1 23
862 881
449 454
10 27
827 845
60 95
648 652
153 159
551 582
947 968
135 144
76 102
212 225
97 127
173 186
625 637
807 823
23 41
620 643
363 373
914 931
386 410
115 119
782 809
211 223
897 915
176 184
685 704
799 814
935 970
283 286
674 702
614 642
42 67
820 831
721 744
982 994
421 439
966 973
562 574
26 49
548 566
185 210
340 360
981 991
781 806
671 698
208 237
922 933
519 542
867 879
472 496
40 74
237 252
252 270
480 508
258 273
446 464
280 297
747 758
172 195
841 865
801 812
844 860
744 767
476 501
583 593
657 675
54 90
82 106
803 811
239 246
89 114
174 185
121 157
774 798
692 719
124 153
59 93
936 966
139 179
879 894
282 293
299 313
413 441
989 995
397 419
284 293
158 167
856 880
494 529
836 867
426 441
8 29
300 326
241 244
155 164
852 871
171 186
131 139
849 861
697 714
359 371
146 177
440 462
248 268
721 738
96 118
889 905
468 472
63 95
190 215
442 467
633 664
189 219
232 260
120 158
614 639
756 780
296 322
954 971
177 184
292 320
927 938
696 724
968 979
503 517
142 161
220 224
325 338
807 822
788 802
4 16
60 91
19 49
106 124
764 781
862 879
22 45
154 162
585 602
791 820
893 926
450 469
656 686
888 910
193 211
860 871
23 37
382 406
248 277
624 639
895 919
471 496
700 725
649 664
756 784
427 449
214 231
749 751
174 189
305 306
761 772
788 798
621 635
468 473
11 22
864 877
622 646
82 99
92 104
368 388
591 630
682 708
33 57
839 870
89 96
212 232
883 909
654 672
630 642
791 816
297 317
706 719
612 644
10 28
92 97
35 61
60 79
437 462
158 172
383 397
73 79
436 466
650 669
872 899
241 258
690 701
53 73
18 38
777 793
18 35
193 205
487 508
858 880
452 480
363 378
513 549
835 859
654 684
436 457
677 695
741 757
16 46
17 53
77 102
937 967
529 537
427 442
297 325
133 155
95 111
223 256
532 564
783 807
417 443
54 81
742 764
218 233
439 464
927 931
410 425
714 742
690 698
720 743
842 857
18 50
269 287
812 842
646 669
846 861
432 467
389 394
259 281
402 421
159 191
141 165
19 36
114 132
672 695
553 585
322 328
369 394
554 583
60 83
401 427
179 192
559 575
555 590
118 155
835 861
199 207
95 114
632 670
91 101
374 397
987 996
291 317
193 218
588 609
966 976
559 585
909 917
592 617
482 494
167 180
114 131
499 515
691 729
265 294
479 492
264 292
982 993
737 752
256 266
382 408
415 446
26 41
414 442
451 486
907 912
797 818
158 163
97 124
281 287
233 250
928 934
802 817
616 639
235 260
461 476
517 536
485 509
222 256
295 321
263 265
709 715
818 840
759 772
503 514
734 762
911 934
333 368
637 652
563 590
797 826
957 986
622 644
636 668
528 545
298 316
708 714
815 836
946 957
411 440
76 105
954 990
179 198
98 121
150 163
750 760
694 722
198 207
11 17
230 260
866 888
231 260
706 715
511 535
135 140
335 367
882 910
42 74
478 508
695 713
949 951
494 517
334 365
515 539
405 425
808 815
681 700
176 200
525 535
356 374
146 160
504 528
859 872
651 676
271 286
954 989
590 605
471 498
529 534
959 983
91 111
559 581
78 103
560 587
284 297
221 238
656 684
409 413
662 679
560 590
814 846
435 454
290 315
837 869
319 339
24 36
224 255
839 860
644 670
949 954
823 846
327 362
965 978
385 395
328 357
668 679
567 579
744 757
56 79
335 357
889 910
608 620
132 157
378 409
527 542
809 816
239 245
427 432
826 839
539 558
335 351
433 452
428 441
244 284
102 132
636 669
273 286
448 459
939 969
854 879
800 826
72 77
822 849
88 106
911 946
339 352
413 448
516 533
637 663
276 286
397 413
793 817
527 549
486 499
698 724
438 463
775 807
492 530
706 718
710 711
451 488
508 514
238 263
841 869
109 123
94 104
816 844
139 172
454 472
295 311
547 552
797 812
940 968
90 114
709 728
350 386
455 486
449 468
688 699
947 963
214 241
21 49
832 862
835 867
525 538
875 901
659 674
857 871
215 226
510 525
566 588
76 99
639 664
381 410
453 478
917 936
285 312
758 772
729 741
130 144
286 318
429 435
443 464
372 404
424 449
848 869
173 196
398 411
512 536
893 918
783 802
19 42
824 841
454 487
72 79
34 65
192 217
742 751
524 533
750 765
815 838
770 789
513 538
228 244
117 149
503 515
400 425
387 398
164 182
100 130
99 136
917 940
475 491
297 313
17 52
555 584
108 131
353 383
815 844
580 608
410 414
519 546
362 373
231 245
927 935
160 190
435 466
210 230
544 556
151 161
921 934
249 281
457 479
571 598
417 440
446 462
330 348
563 576
496 520
21 33
908 924
539 552
191 204
137 151
2 32
310 337
679 704
824 831
499 529
183 213
42 56
932 955
77 96
103 119
764 788
368 375
171 184
812 848
68 87
327 351
368 384
178 189
452 477
230 246
941 958
810 816
159 184
517 550
17 43
618 634
917 941
749 760
472 498
816 847
800 816
730 738
549 567
936 969
222 260
357 372
202 235
415 436
649 662
708 718
921 948
600 621
164 186
328 353
444 462
273 295
183 217
556 585
333 364
677 694
11 28
210 226
325 327
607 612
27 46
598 613
298 324
777 791
646 664
345 364
603 619
920 944
86 112
775 806
495 516
141 163
345 361
566 578
860 890
466 480
11 18
166 198
71 95
274 296
437 467
352 374
708 715
827 848
125 153
577 606
650 664
151 176
484 506
958 984
277 295
701 711
852 878
868 873
393 430
588 600
187 209
919 941
2 26
830 838
692 720
186 205
533 555
361 381
739 768
765 780
776 809
328 361
541 568
177 183
652 685
19 51
307 341
464 478
475 492
161 194
139 170
162 188
225 244
701 717
633 658
1 32
195 221
826 848
264 301
308 337
961 988
878 900
795 817
711 748
599 626
144 161
149 167
611 643
801 828
286 326
884 908
82 105
522 546
974 995
367 379
618 644
720 748
244 275
323 337
848 856
72 82
937 956
845 855
192 206
193 212
313 329
898 930
398 426
456 471
286 309
958 972
886 909
638 654
70 77
687 698
316 342
285 315
78 106
961 980
592 615
632 653
242 244
740 762
841 858
114 127
123 148
833 863
880 904
282 289
550 560
103 118
737 760
858 886
40 71
533 551
799 827
193 219
569 578
905 914
729 738
134 149
883 901
716 733
203 228
844 870
384 401
195 218
26 44
688 700
386 394
231 244
620 645
36 56
48 67
971 993
728 736
126 158
161 180
286 306
148 168
679 703
809 813
381 392
84 100
634 652
734 765
675 693
119 153
117 146
621 642
326 341
708 711
193 217
907 913
832 870
718 748
106 137
336 367
958 982
885 909
238 250
715 738
910 925
419 433
185 221
469 476
875 909
457 490
947 955
739 764
134 139
150 162
20 37
268 305
406 429
329 359
10 21
911 932
181 214
911 949
858 874
155 163
206 240
673 707
861 880
91 113
254 281
340 367
616 643
901 918
961 986
596 625
755 788
660 672
612 648
573 599
951 984
195 219
233 247
20 39
114 130
655 680
409 415
359 378
579 604
585 599
659 682
598 620
744 760
973 994
802 812
181 204
370 392
444 456
389 395
169 185
885 896
418 439
421 445
104 134
879 895
559 584
959 975
860 874
400 419
813 838
101 137
431 452
378 396
479 501
387 399
497 526
904 917
55 93
733 768
569 574
649 656
223 249
870 887
659 686
820 836
640 664
1 21
927 932
806 814
958 989
572 600
799 830
556 574
567 580
536 555
492 521
725 735
162 185
641 658
865 881
12 53
881 905
543 566
231 243
965 988
829 833
737 762
826 850
923 932
568 586
707 719
179 191
548 553
397 412
943 964
302 308
490 501
916 947
692 718
580 598
256 281
896 923
97 119
79 97
381 397
203 225
773 806
263 273
197 221
472 494
858 890
785 808
368 387
770 786
943 957
443 453
569 573
398 424
106 136
376 407
180 221
663 677
697 725
519 541
459 484
207 236
989 997
117 150
858 883
305 309
627 649
413 434
597 629
163 182
471 508
905 919
806 822
815 840
590 606
445 468
10 31
446 469
468 474
616 638
536 560
404 415
476 509
957 971
431 458
284 299
6 27
366 381
150 176
453 475
613 642
596 615
152 168
817 850
963 975
249 280
535 567
548 559
926 941
658 677
51 60
779 791
330 363
396 420
497 512
228 252
206 232
897 923
32 48
14 46
351 386
518 546
828 835
684 692
515 532
32 50
562 584
956 972
464 475
278 300
419 441
468 478
983 1000
906 916
796 821
307 346
189 202
862 875
328 351
534 567
343 350
649 663
250 264
764 771
514 548
166 190
170 196
509 522
418 445
553 580
953 976
616 642
289 308
855 889
869 872
489 500
651 673
825 834
942 969
817 839
400 426
394 425
105 125
367 373
376 404
442 464
378 405
412 441
7 17
316 341
777 795
52 56
107 130
383 401
186 214
9 31
823 839
511 539
185 213
121 148
893 911
46 63
342 349
81 98
546 551
332 349
688 703
281 290
83 110
594 618
663 687
40 63
425 450
776 797
606 628
787 793
406 416
1 30
737 759
54 86
296 309
749 755
833 865
758 782
652 674
817 848
878 903
833 851
116 136
159 199
917 935
826 834
808 817
308 334
433 459
80 105
730 732
914 936
843 867
24 48
608 612
393 426
466 485
294 326
6 17
516 547
201 223
61 85
242 243
585 606
44 72
522 532
646 665
640 651
292 309
768 773
73 83
121 151
345 362
102 128
620 642
854 881
909 930
956 988
630 634
122 154
262 265
643 670
108 123
248 284
694 730
293 319
927 945
810 813
324 344
482 491
157 170
52 64
133 157
449 457
23 50
317 341
526 536
367 384
107 136
136 149
400 412
940 967
675 703
56 89
598 614
658 675
167 191
92 107
440 466
969 980
594 628
345 356
778 791
793 824
179 181
316 331
40 59
301 312
816 848
312 339
413 449
488 504
761 776
146 172
478 507
978 999
626 640
238 262
348 374
345 349
665 686
340 366
176 187
930 948
218 240
241 256
726 750
116 123
685 694
806 811
217 237
266 296
654 677
22 34
819 837
920 934
755 780
920 942
529 540
598 622
909 912
99 129
639 669
239 255
790 807
789 793
359 381
546 554
133 143
848 864
497 523
24 47
749 757
960 988
713 742
240 245
356 372
76 116
209 234
184 211
234 248
2 20
184 221
909 927
321 345
112 134
699 711
933 969
885 910
772 809
6 24
26 48
960 981
288 310
223 246
823 845
767 784
180 217
5 21
292 324
256 273
688 701
435 461
367 383
9 18
704 726
643 664
481 496
640 666
443 466
78 96
393 420
296 311
727 743
121 156
674 698
318 346
559 587
508 526
322 346
37 69
860 885
713 737
475 508
766 775
787 798
177 195
875 906
569 585
814 843
142 169
889 895
400 429
943 956
165 193
266 285
224 252
219 239
79 102
760 771
488 509
878 891
777 803
374 392
343 351
332 354
32 45
245 280
786 797
441 460
502 526
489 502
192 216
26 43
310 330
249 284
576 599
191 215
263 283
532 570
331 362
599 617
490 493
686 693
1 16
970 988
371 396
107 118
676 701
671 701
535 570
231 254
691 721
185 220
804 822
101 123
495 529
843 860
137 142
924 932
520 534
83 98
760 790
633 669
767 777
268 300
326 342
764 777
786 798
330 354
575 601
419 449
188 213
932 959
493 516
485 510
56 75
703 727
138 178
627 637
850 864
543 567
140 169
341 349
32 37
688 707
352 377
376 392
78 107
279 292
873 909
259 276
369 410
580 592
982 997
258 271
740 753
295 325
745 766
913 941
293 325
277 296
7 21
979 997
971 996
699 724
398 428
248 266
250 273
885 893
918 933
275 299
201 240
543 568
112 125
261 264
653 671
250 274
319 333
943 955
243 274
574 609
46 74
892 913
282 285
495 520
238 247
60 77
561 575
570 587
254 268
224 259
