1000 5000 25
21 41 41 41 41 41 41 41 41 42 42 42 42 42 42 42 42 42 42 42 42 42 42 42 21 
1 22
22 63
63 104
104 145
145 186
186 227
227 268
268 309
309 350
350 392
392 434
434 476
476 518
518 560
560 602
602 644
644 686
686 728
728 770
770 812
812 854
854 896
896 938
938 980
939 980
897 939
855 897
813 855
771 813
729 771
687 729
645 687
603 645
561 603
519 561
477 519
435 477
393 435
351 393
310 351
269 310
228 269
187 228
146 187
105 146
64 105
23 64
2 23
2 24
24 65
65 106
106 147
147 188
188 229
229 270
270 311
311 352
352 394
394 436
436 478
478 520
520 562
562 604
604 646
646 688
688 730
730 772
772 814
814 856
856 898
898 940
940 981
941 981
899 941
857 899
815 857
773 815
731 773
689 731
647 689
605 647
563 605
521 563
479 521
437 479
395 437
353 395
312 353
271 312
230 271
189 230
148 189
107 148
66 107
25 66
3 25
3 26
26 67
67 108
108 149
149 190
190 231
231 272
272 313
313 354
354 396
396 438
438 480
480 522
522 564
564 606
606 648
648 690
690 732
732 774
774 816
816 858
858 900
900 942
942 982
943 982
901 943
859 901
817 859
775 817
733 775
691 733
649 691
607 649
565 607
523 565
481 523
439 481
397 439
355 397
314 355
273 314
232 273
191 232
150 191
109 150
68 109
27 68
4 27
4 28
28 69
69 110
110 151
151 192
192 233
233 274
274 315
315 356
356 398
398 440
440 482
482 524
524 566
566 608
608 650
650 692
692 734
734 776
776 818
818 860
860 902
902 944
944 983
945 983
903 945
861 903
819 861
777 819
735 777
693 735
651 693
609 651
567 609
525 567
483 525
441 483
399 441
357 399
316 357
275 316
234 275
193 234
152 193
111 152
70 111
29 70
5 29
5 30
30 71
71 112
112 153
153 194
194 235
235 276
276 317
317 358
358 400
400 442
442 484
484 526
526 568
568 610
610 652
652 694
694 736
736 778
778 820
820 862
862 904
904 946
946 984
947 984
905 947
863 905
821 863
779 821
737 779
695 737
653 695
611 653
569 611
527 569
485 527
443 485
401 443
359 401
318 359
277 318
236 277
195 236
154 195
113 154
72 113
31 72
6 31
6 32
32 73
73 114
114 155
155 196
196 237
237 278
278 319
319 360
360 402
402 444
444 486
486 528
528 570
570 612
612 654
654 696
696 738
738 780
780 822
822 864
864 906
906 948
948 985
949 985
907 949
865 907
823 865
781 823
739 781
697 739
655 697
613 655
571 613
529 571
487 529
445 487
403 445
361 403
320 361
279 320
238 279
197 238
156 197
115 156
74 115
33 74
7 33
7 34
34 75
75 116
116 157
157 198
198 239
239 280
280 321
321 362
362 404
404 446
446 488
488 530
530 572
572 614
614 656
656 698
698 740
740 782
782 824
824 866
866 908
908 950
950 986
951 986
909 951
867 909
825 867
783 825
741 783
699 741
657 699
615 657
573 615
531 573
489 531
447 489
405 447
363 405
322 363
281 322
240 281
199 240
158 199
117 158
76 117
35 76
8 35
8 36
36 77
77 118
118 159
159 200
200 241
241 282
282 323
323 364
364 406
406 448
448 490
490 532
532 574
574 616
616 658
658 700
700 742
742 784
784 826
826 868
868 910
910 952
952 987
953 987
911 953
869 911
827 869
785 827
743 785
701 743
659 701
617 659
575 617
533 575
491 533
449 491
407 449
365 407
324 365
283 324
242 283
201 242
160 201
119 160
78 119
37 78
9 37
9 38
38 79
79 120
120 161
161 202
202 243
243 284
284 325
325 366
366 408
408 450
450 492
492 534
534 576
576 618
618 660
660 702
702 744
744 786
786 828
828 870
870 912
912 954
954 988
955 988
913 955
871 913
829 871
787 829
745 787
703 745
661 703
619 661
577 619
535 577
493 535
451 493
409 451
367 409
326 367
285 326
244 285
203 244
162 203
121 162
80 121
39 80
10 39
10 40
40 81
81 122
122 163
163 204
204 245
245 286
286 327
327 368
368 410
410 452
452 494
494 536
536 578
578 620
620 662
662 704
704 746
746 788
788 830
830 872
872 914
914 956
956 989
957 989
915 957
873 915
831 873
789 831
747 789
705 747
663 705
621 663
579 621
537 579
495 537
453 495
411 453
369 411
328 369
287 328
246 287
205 246
164 205
123 164
82 123
41 82
11 41
11 42
42 83
83 124
124 165
165 206
206 247
247 288
288 329
329 370
370 412
412 454
454 496
496 538
538 580
580 622
622 664
664 706
706 748
748 790
790 832
832 874
874 916
916 958
958 990
959 990
917 959
875 917
833 875
791 833
749 791
707 749
665 707
623 665
581 623
539 581
497 539
455 497
413 455
371 413
330 371
289 330
248 289
207 248
166 207
125 166
84 125
43 84
12 43
12 44
44 85
85 126
126 167
167 208
208 249
249 290
290 331
331 372
372 414
414 456
456 498
498 540
540 582
582 624
624 666
666 708
708 750
750 792
792 834
834 876
876 918
918 960
960 991
961 991
919 961
877 919
835 877
793 835
751 793
709 751
667 709
625 667
583 625
541 583
499 541
457 499
415 457
373 415
332 373
291 332
250 291
209 250
168 209
127 168
86 127
45 86
13 45
13 46
46 87
87 128
128 169
169 210
210 251
251 292
292 333
333 374
374 416
416 458
458 500
500 542
542 584
584 626
626 668
668 710
710 752
752 794
794 836
836 878
878 920
920 962
962 992
963 992
921 963
879 921
837 879
795 837
753 795
711 753
669 711
627 669
585 627
543 585
501 543
459 501
417 459
375 417
334 375
293 334
252 293
211 252
170 211
129 170
88 129
47 88
14 47
14 48
48 89
89 130
130 171
171 212
212 253
253 294
294 335
335 376
376 418
418 460
460 502
502 544
544 586
586 628
628 670
670 712
712 754
754 796
796 838
838 880
880 922
922 964
964 993
965 993
923 965
881 923
839 881
797 839
755 797
713 755
671 713
629 671
587 629
545 587
503 545
461 503
419 461
377 419
336 377
295 336
254 295
213 254
172 213
131 172
90 131
49 90
15 49
15 50
50 91
91 132
132 173
173 214
214 255
255 296
296 337
337 378
378 420
420 462
462 504
504 546
546 588
588 630
630 672
672 714
714 756
756 798
798 840
840 882
882 924
924 966
966 994
967 994
925 967
883 925
841 883
799 841
757 799
715 757
673 715
631 673
589 631
547 589
505 547
463 505
421 463
379 421
338 379
297 338
256 297
215 256
174 215
133 174
92 133
51 92
16 51
16 52
52 93
93 134
134 175
175 216
216 257
257 298
298 339
339 380
380 422
422 464
464 506
506 548
548 590
590 632
632 674
674 716
716 758
758 800
800 842
842 884
884 926
926 968
968 995
969 995
927 969
885 927
843 885
801 843
759 801
717 759
675 717
633 675
591 633
549 591
507 549
465 507
423 465
381 423
340 381
299 340
258 299
217 258
176 217
135 176
94 135
53 94
17 53
17 54
54 95
95 136
136 177
177 218
218 259
259 300
300 341
341 382
382 424
424 466
466 508
508 550
550 592
592 634
634 676
676 718
718 760
760 802
802 844
844 886
886 928
928 970
970 996
971 996
929 971
887 929
845 887
803 845
761 803
719 761
677 719
635 677
593 635
551 593
509 551
467 509
425 467
383 425
342 383
301 342
260 301
219 260
178 219
137 178
96 137
55 96
18 55
18 56
56 97
97 138
138 179
179 220
220 261
261 302
302 343
343 384
384 426
426 468
468 510
510 552
552 594
594 636
636 678
678 720
720 762
762 804
804 846
846 888
888 930
930 972
972 997
973 997
931 973
889 931
847 889
805 847
763 805
721 763
679 721
637 679
595 637
553 595
511 553
469 511
427 469
385 427
344 385
303 344
262 303
221 262
180 221
139 180
98 139
57 98
19 57
19 58
58 99
99 140
140 181
181 222
222 263
263 304
304 345
345 386
386 428
428 470
470 512
512 554
554 596
596 638
638 680
680 722
722 764
764 806
806 848
848 890
890 932
932 974
974 998
975 998
933 975
891 933
849 891
807 849
765 807
723 765
681 723
639 681
597 639
555 597
513 555
471 513
429 471
387 429
346 387
305 346
264 305
223 264
182 223
141 182
100 141
59 100
20 59
20 60
60 101
101 142
142 183
183 224
224 265
265 306
306 347
347 388
388 430
430 472
472 514
514 556
556 598
598 640
640 682
682 724
724 766
766 808
808 850
850 892
892 934
934 976
976 999
977 999
935 977
893 935
851 893
809 851
767 809
725 767
683 725
641 683
599 641
557 599
515 557
473 515
431 473
389 431
348 389
307 348
266 307
225 266
184 225
143 184
102 143
61 102
21 61
21 62
62 103
103 144
144 185
185 226
226 267
267 308
308 349
349 390
390 432
432 474
474 516
516 558
558 600
600 642
642 684
684 726
726 768
768 810
810 852
852 894
894 936
936 978
978 1000
979 1000
937 979
895 937
853 895
811 853
769 811
727 769
685 727
643 685
601 643
559 601
517 559
475 517
433 475
391 433
700 756
767 792
668 716
19 22
814 887
710 762
295 314
521 594
787 842
890 921
222 230
617 653
237 279
327 381
746 780
289 313
49 102
943 999
8 43
393 455
13 50
797 824
92 143
517 546
31 103
841 865
600 641
336 373
121 161
951 991
490 522
915 969
752 772
340 371
580 628
139 156
853 866
233 303
597 643
655 696
65 134
898 960
562 612
637 653
80 124
956 997
669 727
850 882
684 694
420 448
470 480
87 110
583 611
96 135
616 650
521 596
557 597
332 387
407 444
828 874
657 711
684 687
332 361
896 953
16 34
240 269
806 840
918 944
17 30
971 997
696 740
793 851
765 790
35 91
840 888
11 62
268 333
291 321
255 287
888 925
370 427
649 709
231 301
517 536
488 526
145 201
4 54
826 857
54 90
422 475
355 433
181 193
493 530
166 219
818 862
617 657
433 467
350 393
899 953
812 866
454 517
750 779
710 732
148 206
351 397
165 188
483 523
202 233
481 529
294 314
743 810
410 459
701 754
737 800
264 278
901 968
40 82
768 770
585 625
281 311
780 840
4 52
325 372
640 669
297 316
764 797
670 696
436 488
715 739
338 387
246 286
625 663
128 172
40 98
812 882
443 487
586 625
797 821
365 422
243 291
707 742
4 41
812 864
500 538
407 437
521 573
32 76
891 914
635 682
963 986
677 702
199 256
62 75
825 863
873 906
631 647
158 194
472 510
57 67
666 715
757 770
771 825
835 878
54 87
472 482
170 188
464 485
666 719
655 693
877 916
657 725
703 760
931 947
565 632
593 633
260 268
237 306
916 965
694 764
886 920
637 654
18 43
886 924
481 554
342 372
795 833
654 702
358 402
537 581
59 86
224 243
400 435
555 579
552 600
252 307
712 765
136 159
519 572
739 780
239 277
909 956
80 135
723 732
318 364
879 899
819 874
79 135
661 694
713 734
313 391
86 135
453 515
209 234
551 573
858 929
310 358
20 22
389 396
362 393
585 620
710 766
561 624
905 940
60 91
78 125
142 172
624 681
149 203
803 839
45 82
331 369
144 166
825 881
67 119
795 813
626 675
595 641
647 704
565 631
968 996
50 101
936 954
836 867
130 160
781 819
151 187
456 501
21 28
317 391
360 431
583 639
263 295
369 428
301 331
194 265
557 572
594 607
965 991
624 661
755 775
17 35
12 53
338 380
48 81
557 562
722 731
748 811
243 275
463 494
782 819
283 310
486 550
898 972
173 213
698 742
932 962
173 226
473 489
441 508
91 134
446 517
489 534
294 343
72 105
741 807
612 658
858 933
150 221
761 801
717 768
655 710
379 406
678 725
437 484
701 729
920 976
488 545
446 486
228 275
927 954
781 841
85 129
910 973
643 674
826 888
695 759
738 796
201 241
21 53
477 518
582 609
659 693
319 376
2 50
512 550
247 307
566 624
954 981
218 229
261 296
520 569
839 855
541 596
613 650
166 211
62 69
219 246
935 979
842 872
850 894
377 410
795 814
744 791
48 93
120 145
610 665
236 290
500 551
449 501
853 871
312 370
169 201
304 333
226 259
233 298
604 684
204 228
842 875
963 998
802 819
358 426
591 640
437 502
582 641
854 901
883 908
744 801
893 905
171 197
857 936
109 179
267 268
267 279
91 141
392 454
322 370
706 732
429 446
744 782
917 958
727 729
192 238
503 547
219 227
228 274
205 266
767 785
372 404
651 694
752 788
506 551
532 575
455 505
419 449
233 293
443 494
554 565
118 169
436 510
726 757
854 910
637 666
636 667
751 811
392 475
224 227
168 199
266 301
420 472
119 178
111 179
727 732
3 42
121 181
171 209
427 455
257 270
632 667
25 99
325 381
584 613
161 218
525 573
882 912
817 882
21 37
30 67
633 669
317 351
147 198
383 421
865 931
711 732
383 398
116 146
190 261
557 591
15 33
83 130
652 703
6 35
371 417
14 31
448 493
739 788
262 271
467 478
261 278
510 525
784 831
832 864
180 197
11 59
283 333
317 388
635 666
26 98
449 498
747 770
39 94
436 502
579 602
973 995
543 596
854 899
761 788
648 696
406 458
393 475
197 235
184 189
423 467
413 443
790 851
458 478
106 154
972 985
660 716
655 720
722 748
30 69
630 669
757 787
596 612
834 868
63 142
148 204
771 826
934 978
425 445
412 445
859 926
268 321
586 617
623 663
836 889
106 164
637 655
9 33
694 762
710 763
506 556
235 288
101 121
269 332
649 700
23 67
112 177
808 845
869 916
115 150
782 845
887 897
295 348
598 608
733 786
778 852
560 628
878 910
831 892
672 698
618 646
814 877
724 728
387 404
448 507
620 653
550 595
794 853
565 606
289 333
468 480
627 676
21 44
831 856
235 304
546 566
558 561
197 237
14 23
124 149
150 225
888 932
84 121
669 708
595 618
729 784
199 253
627 684
366 399
92 132
215 230
130 151
444 484
397 457
53 71
535 586
162 210
897 955
771 841
780 837
358 418
472 496
76 115
221 260
696 743
354 407
308 334
461 501
533 594
232 276
811 824
894 925
618 664
322 380
591 637
136 145
256 306
502 536
400 470
438 497
104 180
776 831
371 411
886 911
280 333
344 384
872 909
82 116
629 647
68 143
617 664
842 877
725 741
850 867
108 147
846 877
87 109
347 363
226 257
800 816
549 596
802 834
679 715
243 273
555 575
905 969
464 512
413 475
561 634
183 221
422 452
395 434
791 812
818 886
743 778
239 298
801 835
500 543
263 301
807 839
274 314
898 962
487 557
926 959
714 760
355 407
655 707
410 455
489 526
935 947
465 477
527 588
927 958
462 499
920 953
592 618
448 481
355 427
2 49
502 534
215 251
35 99
308 338
489 519
282 342
900 956
626 655
704 752
825 871
107 179
318 376
637 684
456 499
580 618
889 925
4 59
409 466
777 849
79 136
337 389
715 737
346 372
760 774
93 136
688 747
491 557
902 970
901 942
279 337
835 870
177 186
649 726
146 219
930 976
716 756
375 405
141 181
102 107
528 568
323 384
785 832
920 957
544 601
233 282
223 265
346 360
182 218
135 153
888 924
451 491
159 187
334 369
77 130
258 302
260 290
416 451
329 361
276 347
740 803
170 215
343 386
528 562
298 313
577 626
532 571
437 515
158 219
427 458
18 58
140 161
161 208
704 735
887 928
749 804
628 671
64 109
670 726
174 207
970 992
742 804
494 530
393 446
258 275
624 664
574 614
426 447
118 171
382 408
164 211
675 706
890 904
341 391
288 313
344 388
315 353
10 32
493 526
174 209
450 482
826 892
453 479
895 919
737 793
401 462
267 269
209 254
894 923
260 282
758 787
53 69
965 983
721 760
409 465
13 60
697 756
166 225
880 923
451 508
619 675
306 327
654 707
306 329
634 684
149 210
255 286
20 54
189 228
121 148
79 122
403 463
275 348
5 45
935 938
295 324
930 947
676 697
381 422
500 539
702 729
319 366
486 548
661 718
617 685
724 760
282 312
680 696
618 665
547 601
450 498
545 560
889 933
821 888
69 105
4 37
599 635
944 992
735 796
762 785
191 267
893 912
241 283
310 368
881 914
777 829
874 912
643 660
567 620
688 732
181 223
367 426
667 707
653 722
512 559
390 395
62 74
464 487
183 187
593 614
185 189
141 167
664 692
802 816
862 933
383 415
649 694
786 826
123 148
368 422
827 857
968 1000
969 994
379 425
698 755
779 849
198 263
815 895
343 367
801 830
476 534
870 929
676 719
70 114
509 523
281 335
366 393
471 517
922 959
561 629
125 158
90 111
95 107
280 324
340 362
911 966
683 708
680 713
686 744
382 412
384 395
483 548
69 126
486 527
847 864
202 239
787 812
856 896
581 628
432 467
680 706
20 29
15 24
340 357
19 36
28 70
927 961
700 736
913 947
51 82
724 739
17 52
14 41
408 435
16 42
601 602
460 478
685 700
923 943
9 36
581 633
8 29
514 534
48 103
611 679
1 30
872 935
168 186
876 935
823 874
524 598
659 688
731 793
548 570
63 127
165 203
655 718
73 107
155 202
280 317
376 415
225 255
114 183
427 449
285 317
211 258
32 101
104 163
108 177
111 166
664 726
136 157
228 273
136 149
958 980
531 568
186 262
565 620
493 537
643 666
141 156
192 240
144 182
61 81
745 797
785 825
380 401
178 199
438 504
880 936
415 446
564 636
614 657
340 373
156 226
429 470
433 466
27 91
481 545
237 302
447 496
360 425
146 198
39 76
440 488
938 988
538 589
939 991
885 910
313 370
836 881
404 448
669 715
627 672
102 129
180 194
16 35
75 142
765 789
209 261
820 864
573 640
676 703
906 977
544 598
761 806
542 587
248 269
49 73
815 864
231 279
572 607
254 282
264 300
91 144
902 939
466 480
539 570
818 856
640 653
698 747
937 974
459 515
17 34
948 994
397 449
72 127
280 345
625 648
574 637
212 256
96 118
465 489
797 819
323 350
788 840
512 519
730 779
151 224
109 164
199 242
173 196
502 520
573 606
405 471
245 296
162 217
364 408
342 373
244 299
152 188
622 658
454 484
37 79
640 648
124 160
219 233
62 76
321 367
202 263
658 697
788 823
225 264
33 91
11 54
433 437
321 359
675 704
812 861
907 960
197 233
419 475
587 614
276 333
714 730
283 348
954 995
10 41
661 713
555 595
273 338
930 959
683 692
478 528
157 200
426 453
184 206
781 850
832 891
449 505
373 400
446 484
847 872
925 961
620 656
163 198
220 263
935 972
219 263
324 359
710 737
602 661
311 354
70 144
971 999
205 262
416 439
4 23
667 699
282 309
8 58
548 577
533 589
117 154
978 989
766 811
690 737
442 487
224 230
235 303
241 270
846 864
462 479
687 766
185 215
616 659
862 903
456 502
408 466
382 413
72 120
143 178
895 921
832 887
743 797
894 900
232 285
899 968
702 735
247 284
155 205
436 514
804 837
39 71
369 431
940 992
618 662
455 515
320 354
28 99
155 192
910 968
149 188
665 715
286 323
513 529
249 287
258 285
548 601
440 493
172 199
274 317
232 287
960 999
773 831
491 558
10 62
536 583
542 570
535 564
768 773
16 40
736 785
484 525
582 643
377 424
31 101
464 479
713 745
680 724
71 122
961 995
200 231
405 472
594 622
629 676
361 433
407 466
872 931
764 805
889 912
734 783
500 555
105 178
30 103
282 324
749 774
504 557
250 268
250 302
153 225
817 868
487 519
165 221
837 861
618 685
833 873
454 514
468 488
516 534
208 255
306 341
851 857
574 602
309 361
926 940
366 394
83 118
911 974
670 721
103 136
784 818
552 566
241 303
961 989
820 871
104 146
560 635
362 426
688 743
870 923
730 776
167 187
595 610
340 379
351 427
2 29
323 391
578 617
308 319
475 478
34 84
489 530
813 879
900 947
287 336
584 631
378 400
309 387
451 514
910 971
799 812
522 588
252 279
879 896
301 328
56 103
14 27
16 30
16 27
682 687
355 414
602 648
757 810
586 616
897 951
589 628
276 323
818 883
869 906
818 865
152 216
140 160
897 947
609 650
516 532
428 471
415 461
458 509
269 322
376 405
783 827
231 284
360 417
612 646
631 668
8 60
133 156
958 986
630 662
189 245
92 138
390 393
105 166
397 454
512 548
432 445
203 233
242 298
527 598
452 478
295 332
49 94
94 128
7 25
806 813
445 501
103 135
515 527
114 182
17 44
655 712
242 270
40 66
472 479
418 472
284 322
171 208
614 669
418 445
857 920
152 190
100 114
158 186
797 847
773 830
979 986
937 973
193 239
527 566
450 511
629 665
542 591
40 93
377 426
16 32
697 741
708 768
325 391
632 675
694 763
918 940
15 62
941 980
400 448
368 433
433 461
336 350
909 962
383 413
654 688
406 472
833 857
133 146
885 900
247 273
225 248
706 729
9 34
565 614
393 445
355 415
735 791
878 929
224 256
587 635
720 734
602 666
590 610
782 814
449 504
615 649
225 227
573 639
346 351
703 755
104 153
66 129
53 82
770 839
561 637
387 421
636 676
272 336
482 540
171 186
288 310
843 857
12 34
889 911
34 86
364 425
7 61
459 487
344 359
916 973
597 625
323 382
506 549
363 428
271 340
531 586
233 270
951 990
490 519
485 532
69 109
386 413
801 844
676 716
962 984
939 988
192 258
663 719
165 200
31 98
536 562
715 738
450 480
561 641
955 996
547 576
223 253
795 825
730 809
566 612
413 472
168 188
306 343
387 432
184 198
791 849
374 395
267 281
541 579
944 987
831 894
722 769
921 973
787 824
465 515
381 427
877 917
647 686
702 762
541 578
55 76
394 459
669 701
356 396
613 660
183 211
719 758
498 559
863 930
177 206
353 423
384 425
558 585
315 368
789 833
665 713
717 763
2 45
892 917
457 486
127 161
246 278
26 72
860 898
129 156
34 87
714 732
909 976
112 176
745 792
929 938
414 441
30 65
521 598
807 818
214 231
6 28
874 910
705 749
166 188
217 229
219 249
55 80
380 421
164 200
914 963
911 950
528 594
545 581
382 431
716 754
865 913
252 306
909 950
525 588
233 278
678 699
588 638
848 855
271 343
804 849
776 827
261 274
148 202
808 824
806 826
171 210
196 249
389 397
646 698
867 935
238 291
476 538
696 764
202 241
794 842
276 338
927 967
880 901
910 953
170 192
333 381
257 307
622 680
596 619
467 508
737 802
660 722
924 941
711 731
432 442
923 978
572 634
273 343
919 944
151 191
117 161
195 250
626 681
509 519
867 929
9 27
877 935
8 37
663 707
492 519
532 598
115 160
772 826
425 464
130 153
604 649
388 423
289 346
551 588
801 826
967 993
13 35
11 61
564 642
473 508
667 716
806 851
384 408
465 488
576 610
523 582
47 100
781 853
137 162
911 946
7 58
33 70
782 846
308 341
700 746
72 135
511 532
97 129
548 586
806 849
613 652
282 321
146 202
902 957
957 984
271 328
584 629
410 451
255 275
779 831
168 206
517 532
845 872
245 282
367 394
197 234
691 738
834 858
643 655
496 529
691 769
82 115
160 191
386 402
708 736
761 787
263 280
424 470
498 547
226 258
520 583
906 958
463 512
108 151
969 993
3 44
111 157
354 419
40 101
617 660
514 533
24 86
391 416
10 50
91 112
214 258
226 245
526 567
839 875
848 873
8 31
108 161
247 271
238 281
251 308
788 826
420 470
845 865
98 129
458 490
658 718
667 695
477 539
285 318
140 159
67 115
954 987
164 208
151 209
875 936
366 422
408 465
201 238
464 476
173 191
821 893
126 147
455 507
156 203
98 124
19 35
767 775
737 782
714 731
584 628
661 690
555 581
525 594
823 868
823 869
184 222
328 376
91 107
404 449
265 275
912 969
101 123
703 769
421 474
901 977
840 889
475 513
254 280
526 600
950 982
712 733
223 254
528 600
8 57
686 769
641 676
1 52
873 927
330 377
902 967
205 267
476 544
749 794
227 294
433 441
16 60
658 693
562 626
459 483
239 290
473 499
756 790
592 637
32 86
933 946
170 204
254 286
615 668
488 556
13 48
183 216
594 615
176 186
390 425
596 637
790 841
574 634
725 753
362 428
108 164
814 863
186 236
236 296
758 793
519 569
5 55
58 83
812 893
655 688
219 257
112 155
755 803
157 219
485 535
296 331
348 363
335 362
314 351
4 53
377 411
928 941
30 82
817 874
313 376
538 592
436 504
10 42
596 609
150 218
944 995
43 93
644 697
247 285
326 386
809 838
467 476
311 372
271 315
324 375
576 621
577 621
171 219
117 185
828 867
18 31
498 525
765 774
119 170
481 546
377 393
290 344
735 790
907 971
516 541
501 547
722 747
201 237
669 690
471 500
124 166
858 915
841 872
73 133
861 910
232 294
647 727
286 314
418 440
845 874
459 492
685 724
11 40
129 176
543 589
527 576
744 790
894 904
79 144
588 631
92 135
645 707
180 198
696 757
825 854
172 195
286 337
330 366
260 291
137 173
13 31
962 983
712 745
973 984
765 810
15 40
532 577
494 526
339 355
859 920
669 706
96 105
510 520
257 288
203 231
575 605
897 938
227 272
845 855
924 938
401 436
586 605
382 430
38 88
16 39
210 239
481 553
146 207
550 587
64 104
312 368
647 687
777 850
302 340
525 571
517 535
228 305
515 539
373 412
126 154
365 421
887 919
366 426
951 996
316 364
215 252
718 744
91 139
538 599
132 165
49 78
114 167
974 992
543 568
305 333
90 133
486 539
34 103
522 580
88 120
582 638
269 318
82 119
586 609
166 187
561 632
209 233
525 580
454 476
343 382
504 549
823 890
425 449
979 981
54 92
852 892
617 645
453 492
254 296
350 427
683 715
214 251
788 820
747 793
183 208
918 976
727 762
817 860
901 970
975 983
696 754
880 916
411 437
450 515
467 488
586 643
585 641
9 49
466 506
210 232
31 99
963 980
776 845
132 169
516 538
513 558
808 825
613 680
718 757
57 94
42 63
529 600
249 306
179 210
696 731
496 548
577 636
711 763
895 902
425 443
793 850
110 155
881 925
838 894
67 141
586 603
788 851
556 576
15 43
419 472
399 468
664 711
540 563
95 137
245 268
228 297
17 27
647 697
174 196
178 225
877 901
540 592
486 559
732 773
890 908
384 429
305 342
263 294
849 873
592 610
540 588
681 711
275 334
941 991
206 266
749 787
54 97
564 628
30 99
295 345
900 973
185 225
3 51
554 590
336 375
370 409
663 713
423 462
554 569
283 323
122 156
392 443
760 791
199 247
67 130
888 920
370 426
342 361
266 273
217 240
697 753
913 945
101 135
17 33
795 838
404 459
614 672
161 199
693 762
972 991
557 564
547 567
897 979
925 962
774 832
339 366
67 136
711 769
498 552
533 597
450 512
494 519
672 724
96 133
512 525
519 591
349 388
287 345
556 571
230 304
681 693
74 136
420 459
145 202
144 163
133 168
612 671
94 133
553 575
188 244
891 903
376 402
120 166
634 665
621 673
264 280
749 801
706 755
720 739
643 675
221 258
179 186
374 411
321 361
435 507
454 489
153 197
180 195
457 510
430 455
201 229
681 688
729 802
474 494
927 946
292 311
299 335
386 393
280 336
22 67
229 296
451 494
254 302
174 217
710 758
383 432
275 318
877 915
214 243
707 729
343 353
686 737
377 396
805 835
252 304
417 446
375 393
209 264
138 146
94 130
838 858
513 525
114 158
922 950
538 584
730 803
87 117
524 562
450 495
337 381
440 499
190 259
97 118
469 496
357 420
587 643
370 430
433 451
437 477
949 994
256 308
735 789
648 715
446 489
873 901
682 695
467 481
161 194
695 762
919 951
131 148
645 694
122 166
119 166
8 39
202 264
305 320
564 637
82 107
638 676
948 989
675 690
464 508
750 787
12 46
928 971
260 272
53 101
140 158
52 95
746 807
931 961
779 844
500 549
507 537
123 175
934 941
281 318
765 799
32 78
374 408
247 298
131 177
278 311
234 296
275 328
893 901
580 617
946 1000
500 544
637 661
567 637
359 412
458 498
933 969
651 725
659 707
833 856
491 544
153 201
323 355
310 384
178 226
842 885
274 331
174 226
60 86
901 965
768 811
346 370
516 544
406 456
812 881
39 98
59 68
398 438
63 114
442 500
198 262
474 511
242 303
157 189
126 168
167 201
776 838
685 706
777 830
85 120
423 442
445 509
828 864
595 616
136 176
760 779
104 178
655 694
793 845
754 811
50 80
727 751
403 474
308 314
665 726
311 373
895 936
121 176
794 835
179 208
476 535
480 531
537 586
380 393
792 828
799 823
480 524
454 491
102 127
387 420
110 166
715 760
959 981
245 274
128 177
603 666
801 813
648 706
653 721
100 137
656 706
695 728
786 841
42 89
375 418
560 605
791 825
451 498
622 665
321 388
249 300
614 673
701 746
922 975
742 806
167 222
521 581
563 627
907 955
542 571
415 451
738 808
115 185
167 198
172 191
972 987
948 981
185 188
690 767
47 93
391 425
14 22
914 959
676 705
106 152
822 869
49 85
815 869
162 186
658 703
78 113
957 995
398 465
216 254
839 891
602 647
812 894
380 419
57 79
604 645
499 531
533 573
768 786
237 299
21 29
314 381
704 764
600 634
323 373
956 995
336 355
297 323
565 627
197 250
137 177
698 760
725 766
6 34
908 962
414 450
937 942
50 87
549 567
441 487
458 491
328 379
713 769
803 842
396 440
439 496
882 915
220 240
814 866
917 940
270 338
49 91
872 913
491 524
391 428
748 807
909 974
776 844
351 395
929 970
779 822
530 594
741 775
825 882
415 449
686 760
49 72
850 888
60 63
670 718
266 286
696 768
94 105
310 386
648 726
51 78
28 64
681 719
703 749
410 465
790 813
112 152
782 823
13 34
676 712
113 158
591 625
135 171
36 97
824 874
936 962
827 856
435 511
903 953
908 976
137 167
41 88
370 433
798 820
819 865
107 174
493 533
101 138
642 672
691 737
719 766
217 252
790 837
3 61
59 76
193 229
710 728
464 496
373 395
457 505
490 521
624 660
334 387
102 114
848 862
857 932
394 463
265 277
913 944
517 528
118 164
295 347
92 122
774 833
83 134
881 921
729 800
885 917
421 454
81 126
3 38
856 936
678 714
810 812
17 48
798 816
434 512
569 620
445 485
382 405
899 954
129 177
70 123
372 422
405 473
18 32
612 680
528 578
722 732
805 830
128 146
693 763
572 633
148 214
840 871
68 141
78 123
477 548
129 171
326 357
12 39
884 920
96 142
389 430
582 640
376 419
144 177
377 423
878 916
149 205
370 408
417 465
421 448
121 160
750 782
585 616
698 734
442 482
314 364
799 828
53 100
722 738
196 255
629 675
236 308
240 284
764 774
146 226
668 718
268 322
407 463
405 451
380 424
876 931
757 782
161 205
19 50
845 893
589 615
374 423
586 619
77 142
707 734
472 513
664 693
775 832
345 355
888 901
225 241
367 418
587 617
551 585
53 66
449 487
101 109
902 946
687 769
555 566
556 567
214 254
98 111
722 768
234 306
798 815
671 722
626 669
666 722
882 896
209 239
152 200
908 968
305 327
400 463
417 452
471 501
193 250
291 325
813 880
781 837
436 491
510 542
537 567
73 144
401 448
449 482
309 381
731 780
699 744
703 728
101 136
575 622
40 86
587 631
68 113
868 907
346 352
866 937
824 892
403 456
509 541
673 720
14 50
167 226
108 158
95 120
926 954
587 613
780 849
373 417
218 252
701 767
954 980
13 27
64 137
318 386
318 381
170 201
270 313
712 760
867 930
58 72
593 631
495 548
583 614
464 482
337 353
425 447
493 555
193 240
102 104
105 176
26 74
161 198
211 260
50 100
275 321
19 48
462 498
67 123
151 212
926 973
667 713
979 997
535 579
453 480
371 396
729 790
104 150
649 716
463 498
702 753
351 396
737 796
89 108
82 130
877 920
823 881
23 86
202 259
201 235
966 996
852 867
354 410
474 505
956 990
574 621
356 404
711 740
533 564
424 445
616 675
928 973
711 759
914 953
267 276
538 574
894 928
366 415
233 300
443 497
285 334
876 897
5 28
947 986
921 949
160 213
724 737
902 966
427 468
862 897
560 642
625 673
892 915
378 409
435 501
282 346
444 513
510 526
26 84
762 781
844 862
265 268
684 710
103 124
834 872
474 484
37 75
41 87
550 590
370 397
361 409
545 580
596 623
323 358
320 381
704 740
849 874
112 183
16 25
853 882
570 635
555 598
596 626
158 224
375 433
350 396
703 741
594 624
86 105
782 839
602 657
295 334
769 800
155 188
745 771
916 941
469 480
290 345
263 274
910 965
616 681
664 710
707 769
560 640
227 283
789 813
305 336
686 731
173 210
623 666
432 462
289 318
693 734
311 364
88 105
528 574
754 772
81 114
790 818
20 26
179 222
55 100
692 741
471 482
442 492
290 337
375 424
73 121
6 26
502 530
689 749
258 278
811 823
528 573
332 367
549 595
326 359
873 914
543 595
627 675
153 193
169 216
26 82
628 659
671 701
13 32
777 836
523 560
924 955
450 488
927 976
327 357
240 286
639 651
165 199
344 374
392 461
915 977
406 439
364 430
278 335
85 137
818 885
415 464
569 603
886 901
912 978
524 579
324 372
645 688
524 563
461 481
387 411
410 445
721 759
457 511
876 937
76 129
588 610
398 442
909 979
280 344
504 526
66 125
69 121
86 143
96 126
79 133
779 834
157 220
577 624
199 246
86 144
452 481
759 795
369 410
466 489
517 520
678 726
438 506
445 494
704 754
689 729
806 853
304 320
723 746
570 615
119 156
447 483
607 684
338 360
584 624
777 852
731 791
177 215
73 117
108 169
462 516
1 62
772 834
634 654
99 143
480 557
938 990
201 260
416 464
213 255
923 947
506 522
871 901
629 664
836 892
631 657
619 682
758 777
140 180
611 644
695 765
863 897
604 659
212 237
691 739
163 226
900 939
583 605
291 338
50 97
858 937
229 284
425 455
676 692
492 540
936 938
681 721
851 879
439 488
438 489
614 661
472 503
61 98
360 401
354 393
405 461
56 77
937 963
879 936
221 265
687 749
794 837
158 198
633 668
783 832
157 205
183 225
384 414
186 255
831 866
304 322
324 357
279 336
411 471
678 724
181 226
237 286
245 295
58 66
100 143
711 749
736 787
882 907
473 510
825 887
772 836
34 94
19 27
679 702
36 90
553 593
428 438
450 503
20 35
398 449
912 938
529 578
836 859
234 285
899 973
473 481
930 943
188 257
172 218
598 612
352 419
514 541
322 356
622 652
696 729
514 550
247 283
898 979
423 436
737 803
63 126
487 526
634 662
223 252
964 988
852 886
791 815
168 187
331 381
175 208
828 885
552 596
778 814
179 190
467 494
73 137
779 813
8 45
665 705
386 418
306 326
64 144
374 399
451 480
118 181
314 368
298 335
781 845
16 36
538 575
80 142
730 798
382 429
411 452
808 827
576 640
630 678
658 691
200 248
68 120
638 655
175 200
313 373
50 71
111 175
305 343
145 222
929 948
973 993
663 718
729 777
338 384
931 970
71 108
536 569
707 753
698 764
188 233
674 697
610 658
495 524
702 745
575 618
303 316
102 118
164 204
930 968
367 401
256 286
665 702
19 53
241 298
148 217
811 836
419 454
712 750
685 725
177 191
210 248
871 914
184 224
192 267
663 695
532 569
930 948
924 973
101 134
176 205
45 89
2 28
35 66
155 219
397 469
883 932
158 188
753 802
578 613
567 630
397 459
741 808
436 482
176 203
911 945
833 882
812 856
366 405
769 786
94 123
875 901
225 228
723 741
706 750
584 636
795 842
167 205
367 399
822 891
146 221
599 621
963 989
42 64
178 189
496 545
566 639
93 117
438 508
553 560
526 599
13 49
289 309
312 377
672 694
741 794
727 730
488 525
970 988
303 345
241 302
491 536
391 427
351 418
4 50
378 433
851 862
175 192
397 446
652 721
169 198
175 223
1 32
543 575
150 200
217 232
3 43
572 619
643 657
78 134
772 849
819 882
241 286
875 896
919 949
194 232
730 787
128 149
167 223
547 593
397 435
858 903
83 127
337 365
398 441
578 629
20 62
314 352
904 951
818 857
294 320
387 415
603 654
241 306
242 304
734 774
736 806
730 808
384 398
160 209
362 408
68 116
731 777
262 272
499 519
476 557
118 182
42 70
949 996
618 671
823 862
690 747
508 558
973 987
237 287
86 118
884 930
533 562
318 365
580 624
429 457
346 375
356 425
463 500
727 755
491 559
590 609
34 73
144 179
600 608
684 690
120 154
262 292
6 44
714 747
860 929
456 489
2 32
211 246
545 567
133 169
327 384
254 268
770 842
572 635
683 709
501 551
323 374
520 584
715 769
687 731
64 115
769 787
257 275
801 818
611 661
392 436
209 259
567 619
229 294
94 143
344 372
752 800
873 903
91 135
715 745
842 865
264 284
365 406
867 926
503 532
534 572
38 100
100 105
417 455
533 592
545 563
683 711
288 340
202 250
170 194
568 611
81 107
19 37
484 522
413 451
452 495
375 413
936 958
590 620
793 830
932 948
873 935
169 197
620 666
393 471
358 404
791 836
13 30
331 390
775 848
745 786
855 909
815 861
771 835
789 812
52 63
917 955
385 396
35 80
364 398
377 404
415 441
100 135
606 662
158 190
332 368
178 224
2 54
395 474
974 991
856 897
336 383
370 414
427 461
770 815
756 779
611 652
521 567
774 814
175 224
694 754
5 49
319 364
429 475
55 97
603 661
574 612
664 696
605 659
236 274
727 758
824 870
510 544
879 931
939 987
121 155
625 674
259 268
852 891
566 620
129 169
568 642
646 720
459 485
340 383
342 380
517 545
114 162
202 267
236 305
469 506
701 753
238 280
183 195
18 29
788 843
664 727
403 465
601 631
435 517
169 204
91 143
7 44
654 710
236 292
937 959
818 874
560 623
359 397
699 749
796 824
785 841
310 379
739 773
272 310
269 343
947 995
928 950
631 649
12 59
862 906
487 518
723 743
280 335
914 973
133 151
415 436
70 127
337 357
407 468
318 351
690 742
400 458
152 192
65 130
370 428
265 278
648 700
643 645
928 945
79 121
326 388
748 798
483 541
390 400
107 158
394 446
308 333
14 32
479 520
587 607
2 52
281 315
507 523
681 701
369 401
807 846
971 986
770 840
748 773
579 640
773 835
422 435
337 356
133 164
890 903
153 219
731 805
822 893
723 729
721 728
336 359
763 774
9 53
485 541
17 40
600 628
688 735
736 788
182 215
77 136
410 440
530 599
12 52
241 290
505 524
60 84
71 114
380 406
143 151
479 536
470 505
629 648
873 917
192 245
636 646
115 180
921 962
151 202
738 800
889 906
301 323
955 989
247 282
577 611
3 33
533 583
783 818
924 940
392 446
223 239
865 905
20 39
409 470
973 990
756 792
755 811
738 770
218 239
80 108
721 736
316 391
329 383
365 396
371 414
950 1000
257 274
427 475
831 871
796 818
197 267
87 116
843 874
16 33
530 600
429 453
265 302
777 834
156 212
270 343
34 69
10 28
406 470
904 953
886 905
814 864
904 967
666 686
720 765
193 246
808 840
634 664
114 166
738 775
864 915
463 495
61 101
820 858
250 297
818 859
868 903
360 422
124 178
778 843
360 430
936 966
536 584
58 93
800 853
845 866
710 751
317 389
333 369
689 769
172 206
167 202
539 591
412 460
419 448
714 734
205 238
478 553
376 392
553 601
828 884
598 614
329 368
681 712
416 467
201 265
897 953
12 57
847 891
707 766
895 917
647 705
829 894
888 899
670 719
83 105
648 703
4 51
84 106
253 307
20 44
104 172
827 861
614 648
258 294
41 100
518 596
199 232
625 657
795 815
849 876
72 131
329 391
408 454
489 541
569 643
857 896
16 44
740 808
958 988
934 947
596 602
204 232
158 218
870 916
875 904
778 830
22 92
912 953
26 103
432 470
715 744
307 312
554 571
648 687
585 628
108 185
41 85
545 596
602 651
713 752
948 999
7 60
695 739
239 302
867 899
707 767
847 888
810 832
885 903
8 51
927 955
753 781
581 616
581 620
736 800
659 694
637 658
401 461
839 877
13 23
88 141
308 309
197 252
177 214
615 646
138 164
81 143
394 472
561 615
714 738
262 289
243 281
717 760
264 273
220 266
778 823
331 377
359 415
773 817
733 811
237 268
292 339
949 987
412 471
110 161
789 840
970 989
219 239
520 586
928 951
631 675
731 806
679 696
486 552
711 728
509 555
274 322
551 592
688 729
17 26
795 847
690 758
736 803
80 137
251 307
794 838
540 597
437 489
2 26
645 712
394 470
768 807
62 86
950 984
628 682
821 869
23 102
95 129
580 616
63 118
13 51
690 753
284 341
103 132
649 718
341 356
204 234
152 217
394 450
765 771
131 147
289 314
215 248
548 592
914 977
348 391
194 231
855 921
971 985
509 528
329 359
531 591
7 29
323 352
744 796
734 796
289 312
491 551
360 410
100 132
434 505
742 800
915 978
320 366
488 531
870 919
369 396
442 506
198 252
211 236
702 738
217 261
614 650
270 319
436 495
906 978
272 324
638 658
636 652
91 124
833 892
18 34
755 804
373 403
744 771
752 770
793 820
32 81
189 237
593 602
537 578
300 338
822 858
271 311
425 458
715 755
281 329
469 510
572 628
155 209
282 314
499 527
310 357
882 925
86 110
914 961
892 910
105 150
815 876
151 206
100 119
211 261
262 284
146 216
478 552
497 519
446 500
343 365
426 435
663 693
400 444
212 234
644 724
651 701
261 280
484 520
465 498
57 68
503 535
124 181
399 470
845 858
924 976
479 550
497 558
327 390
559 599
215 254
282 310
81 117
552 571
697 743
438 509
901 978
197 253
439 512
248 285
866 927
376 430
200 258
535 591
571 635
328 381
686 757
178 198
682 697
209 241
44 95
117 165
327 352
648 699
674 691
14 59
384 401
594 627
754 779
257 293
52 79
240 294
601 618
614 678
350 406
783 844
56 86
415 452
437 499
270 339
885 935
633 667
6 46
804 826
823 872
439 479
301 332
536 597
446 497
843 862
313 379
148 207
321 357
37 97
410 434
775 816
526 588
359 406
260 288
685 716
927 978
9 39
752 776
840 874
908 967
514 559
836 894
169 212
522 575
924 963
838 890
508 524
154 218
566 602
728 800
234 292
62 80
929 978
135 147
445 482
727 747
302 326
522 565
30 90
915 962
248 302
872 910
140 185
643 673
902 979
156 211
249 293
298 343
942 986
338 375
712 768
206 260
11 56
119 153
292 324
506 539
99 104
452 505
600 611
246 294
505 552
36 82
450 485
922 955
466 504
665 698
964 997
345 376
322 365
387 409
382 392
744 802
1 58
189 265
563 637
976 986
822 886
920 939
527 587
475 500
202 238
463 511
603 676
484 535
66 121
845 875
116 152
537 566
262 273
613 671
543 577
718 749
264 299
384 400
58 70
575 619
861 900
377 430
416 475
473 506
661 705
216 265
609 669
843 875
923 949
301 343
124 173
488 547
632 658
132 174
452 477
768 793
908 940
263 292
875 926
1 25
715 750
306 339
16 45
589 603
326 358
758 775
653 719
646 686
768 782
713 744
376 394
790 845
549 560
725 756
718 729
739 807
333 389
626 644
694 765
11 44
812 895
952 985
565 613
67 144
573 634
407 443
281 339
639 662
789 851
266 268
936 952
703 761
554 576
274 316
796 834
175 207
753 798
31 97
773 822
725 757
505 527
198 227
922 938
349 368
12 26
172 216
869 901
272 330
24 88
182 193
837 869
574 636
495 552
532 599
58 97
6 39
718 766
71 106
129 151
869 903
273 346
313 388
652 689
410 456
196 229
651 719
218 244
795 846
787 851
267 271
721 733
465 497
663 701
370 429
46 102
4 32
589 605
330 388
694 751
698 768
534 599
90 115
398 443
627 653
318 355
767 799
208 236
23 93
769 791
700 750
471 488
931 944
87 112
601 616
927 941
200 232
587 624
217 264
419 442
611 685
604 683
248 268
160 186
273 342
547 586
628 662
798 825
59 89
562 636
17 36
88 125
599 623
386 392
790 829
481 550
751 807
394 474
252 300
766 777
436 480
187 233
80 134
41 66
166 198
479 549
473 500
436 512
17 57
916 959
510 538
61 64
736 805
482 545
686 749
346 376
842 892
172 220
328 360
544 591
646 702
126 174
246 285
781 848
776 829
361 405
250 292
11 60
335 374
382 418
668 720
757 805
90 125
504 519
692 759
742 771
387 425
690 751
116 153
856 931
706 740
10 48
598 609
383 409
794 814
148 216
214 264
574 639
94 127
337 358
169 186
328 372
836 874
196 243
706 756
806 839
758 806
404 435
194 257
525 587
137 175
328 365
886 919
476 533
626 653
797 815
552 597
721 757
126 145
433 472
7 39
820 891
