1000 2000 100
1 7 24 1 6 18 1 2 5 17 1 4 9 31 1 3 19 1 4 14 1 4 9 33 1 4 22 1 7 26 1 7 26 1 4 12 1 1 1 3 10 31 1 1 2 11 1 6 9 28 1 1 4 17 1 2 7 35 1 1 5 20 1 1 2 3 11 1 3 13 6 7 38 8 3 9 24 2 6 27 14 3 2 4 41 6 4 33 6 8 23 30 9 6 10 63 6 7 30 1 
1 2
1 3
1 4
1 5
1 6
1 7
1 8
2 9
2 10
2 11
2 12
2 13
2 14
3 15
4 16
4 17
4 18
5 19
6 20
6 21
6 22
6 23
6 24
6 25
6 26
7 27
7 28
8 29
8 30
8 31
8 32
32 33
33 34
33 35
33 36
33 37
33 38
33 39
34 40
34 41
35 42
35 43
35 44
35 45
35 46
36 47
36 48
36 49
36 50
36 51
36 52
36 53
37 54
39 55
39 56
39 57
57 58
58 59
58 60
59 61
59 62
59 63
59 64
60 65
61 66
62 67
62 68
62 69
62 70
62 71
63 72
63 73
63 74
63 75
64 76
64 77
64 78
64 79
64 80
64 81
64 82
82 83
83 84
83 85
83 86
83 87
84 88
84 89
85 90
85 91
85 92
85 93
87 94
87 95
87 96
88 97
88 98
88 99
89 100
89 101
90 102
90 103
90 104
90 105
90 106
90 107
90 108
91 109
91 110
91 111
91 112
92 113
92 114
92 115
92 116
93 117
93 118
93 119
93 120
95 121
95 122
95 123
96 124
96 125
96 126
96 127
127 128
128 129
128 130
128 131
129 132
129 133
129 134
129 135
129 136
130 137
130 138
130 139
130 140
130 141
130 142
130 143
131 144
131 145
131 146
131 147
131 148
131 149
131 150
150 151
151 152
151 153
151 154
151 155
152 156
152 157
152 158
152 159
152 160
153 161
153 162
153 163
153 164
154 165
154 166
154 167
155 168
155 169
169 170
170 171
170 172
170 173
170 174
171 175
171 176
171 177
171 178
172 179
172 180
173 181
173 182
173 183
175 184
175 185
175 186
175 187
175 188
175 189
175 190
176 191
176 192
176 193
177 194
177 195
177 196
178 197
178 198
178 199
178 200
178 201
179 202
179 203
179 204
182 205
182 206
182 207
182 208
182 209
182 210
182 211
183 212
183 213
183 214
183 215
183 216
216 217
217 218
217 219
217 220
217 221
218 222
218 223
218 224
218 225
218 226
218 227
218 228
219 229
219 230
219 231
219 232
219 233
219 234
220 235
220 236
220 237
220 238
220 239
220 240
220 241
221 242
221 243
243 244
244 245
244 246
244 247
244 248
244 249
244 250
244 251
245 252
245 253
247 254
247 255
247 256
247 257
248 258
248 259
248 260
248 261
248 262
248 263
249 264
249 265
249 266
249 267
249 268
249 269
249 270
250 271
250 272
251 273
251 274
251 275
251 276
251 277
277 278
278 279
278 280
278 281
278 282
278 283
278 284
278 285
279 286
279 287
279 288
279 289
279 290
280 291
280 292
280 293
281 294
282 295
282 296
283 297
283 298
283 299
283 300
283 301
284 302
284 303
284 304
284 305
284 306
284 307
285 308
285 309
285 310
285 311
311 312
312 313
312 314
312 315
312 316
313 317
313 318
313 319
313 320
314 321
314 322
314 323
314 324
315 325
315 326
315 327
316 328
328 329
329 330
330 331
331 332
331 333
331 334
332 335
332 336
332 337
333 338
333 339
333 340
333 341
334 342
334 343
334 344
335 345
336 346
336 347
336 348
336 349
337 350
337 351
337 352
337 353
337 354
337 355
337 356
338 357
338 358
338 359
338 360
338 361
338 362
340 363
340 364
343 365
343 366
343 367
343 368
343 369
343 370
344 371
344 372
344 373
344 374
344 375
375 376
376 377
377 378
377 379
378 380
378 381
378 382
378 383
378 384
378 385
378 386
379 387
379 388
379 389
379 390
390 391
391 392
391 393
391 394
391 395
391 396
391 397
392 398
392 399
392 400
394 401
394 402
395 403
395 404
396 405
396 406
398 407
398 408
398 409
398 410
398 411
399 412
399 413
400 414
400 415
400 416
400 417
402 418
402 419
402 420
402 421
402 422
404 423
404 424
404 425
404 426
405 427
405 428
405 429
405 430
405 431
405 432
406 433
406 434
434 435
435 436
436 437
436 438
436 439
436 440
437 441
437 442
437 443
437 444
437 445
437 446
437 447
438 448
438 449
438 450
438 451
439 452
439 453
439 454
439 455
439 456
440 457
457 458
458 459
458 460
459 461
459 462
459 463
459 464
460 465
460 466
460 467
461 468
461 469
461 470
461 471
462 472
463 473
463 474
463 475
463 476
463 477
463 478
463 479
464 480
464 481
465 482
465 483
465 484
465 485
465 486
465 487
465 488
466 489
466 490
466 491
466 492
466 493
466 494
466 495
467 496
467 497
467 498
467 499
467 500
467 501
467 502
502 503
503 504
504 505
504 506
504 507
504 508
504 509
505 510
505 511
505 512
505 513
505 514
505 515
505 516
506 517
507 518
508 519
508 520
508 521
508 522
508 523
509 524
509 525
509 526
509 527
509 528
509 529
529 530
530 531
531 532
531 533
532 534
533 535
533 536
534 537
534 538
535 539
535 540
535 541
535 542
535 543
535 544
535 545
536 546
536 547
547 548
548 549
548 550
549 552
549 553
549 554
549 555
550 556
550 557
550 558
550 559
550 560
550 561
550 562
562 565
565 571
565 572
565 573
565 574
565 575
565 576
571 578
571 579
572 580
572 581
572 582
572 583
574 584
575 585
575 586
575 587
575 588
575 589
575 590
576 591
576 592
576 593
576 594
594 616
616 624
616 625
624 627
624 628
624 629
624 630
624 631
624 632
624 633
625 634
627 636
627 637
627 638
627 639
628 640
628 641
628 642
629 643
629 644
630 645
630 646
630 647
630 648
630 649
630 650
631 651
632 652
632 653
632 654
632 655
633 656
633 657
634 658
658 660
660 662
660 663
660 664
660 665
660 666
662 668
662 669
662 670
662 671
662 672
662 673
663 674
663 675
663 676
664 677
664 678
664 679
665 680
665 681
665 682
665 683
665 684
665 685
665 686
666 687
666 688
666 689
666 690
666 691
666 692
666 693
693 695
695 709
709 712
712 714
712 715
712 716
714 718
714 719
714 720
714 721
714 722
714 723
714 724
715 725
715 726
715 727
715 728
715 729
715 730
715 731
716 732
732 759
759 765
759 766
759 767
765 769
765 770
765 771
765 772
765 773
765 774
765 775
766 776
766 777
766 778
767 779
767 780
767 781
767 782
767 783
767 784
784 802
802 808
802 809
802 810
802 811
802 812
802 813
802 814
808 816
808 817
809 818
809 819
809 820
809 821
809 822
809 823
810 824
811 825
811 826
811 827
812 828
813 829
813 830
814 831
814 832
814 833
814 834
814 835
814 836
814 837
837 839
839 869
839 870
869 878
869 879
870 880
870 881
879 884
879 885
879 886
880 887
880 888
880 889
880 890
880 891
881 892
884 894
884 895
884 896
884 897
884 898
885 899
885 900
885 901
885 902
885 903
886 904
887 905
887 906
887 907
887 908
888 909
888 910
888 911
889 912
889 913
889 914
889 915
889 916
890 917
890 918
891 919
891 920
891 921
891 922
892 923
892 924
892 925
892 926
892 927
892 928
892 929
929 957
957 963
957 964
957 965
957 966
957 967
957 968
963 970
963 971
963 972
963 973
963 974
963 975
964 976
964 977
964 978
964 979
964 980
965 981
965 982
966 983
966 984
966 985
967 986
967 987
968 988
968 989
968 990
968 991
968 992
968 993
968 994
994 1000
995 1000
996 1000
997 1000
998 1000
999 1000
969 999
958 969
959 969
960 969
961 969
962 969
930 958
931 958
932 958
933 958
934 958
935 958
936 958
937 959
938 959
939 959
940 959
941 959
942 960
943 960
944 960
945 960
946 960
947 961
948 961
949 961
950 962
951 962
952 962
953 962
954 962
955 962
956 962
893 956
882 893
883 893
871 882
872 882
873 883
874 883
875 883
876 883
877 883
840 871
841 871
842 872
843 872
844 872
845 873
846 873
847 873
848 874
849 874
850 874
851 874
852 874
853 874
854 874
855 875
856 875
857 875
858 876
859 876
860 876
861 876
862 876
863 876
864 876
865 877
866 877
867 877
868 877
838 868
815 838
803 815
804 815
805 815
806 815
807 815
785 803
786 803
787 804
788 804
789 804
790 804
791 804
792 804
793 804
794 805
795 806
796 806
797 806
798 806
799 807
800 807
801 807
768 801
760 768
761 768
762 768
763 768
764 768
733 760
734 760
735 760
736 760
737 760
738 760
739 761
740 761
741 761
742 761
743 761
744 762
745 762
746 763
747 763
748 763
749 763
750 763
751 763
752 764
753 764
754 764
755 764
756 764
757 764
758 764
717 758
713 717
710 713
711 713
696 710
697 710
698 710
699 710
700 710
701 710
702 710
703 711
704 711
705 711
706 711
707 711
708 711
694 708
667 694
661 667
659 661
635 659
626 635
617 626
618 626
619 626
620 626
621 626
622 626
623 626
595 618
596 618
597 618
598 619
599 619
600 619
601 619
602 619
603 619
604 619
605 620
606 621
607 621
608 621
609 622
610 623
611 623
612 623
613 623
614 623
615 623
577 615
566 577
567 577
568 577
569 577
570 577
563 566
564 566
551 564
403 422
333 335
153 160
812 832
841 873
335 365
245 264
536 538
885 940
832 841
332 342
340 353
509 512
506 518
93 113
714 728
463 490
819 860
131 142
536 539
693 708
893 916
956 959
774 803
35 40
532 536
661 663
965 979
95 110
761 765
882 890
281 296
181 199
340 356
967 982
717 752
129 141
172 182
692 706
337 365
715 738
221 239
576 601
5 20
332 344
684 708
4 12
730 763
878 884
830 853
176 208
186 217
666 694
963 986
398 419
693 700
5 31
154 161
405 425
767 796
466 481
573 593
131 141
847 869
551 559
404 432
766 783
249 271
714 732
889 899
765 793
86 89
813 826
3 31
717 724
667 692
344 352
459 465
509 516
716 734
816 866
665 677
378 388
280 288
888 898
129 140
245 270
395 405
964 988
889 931
440 451
963 991
753 762
887 941
886 933
632 645
573 589
508 529
437 448
36 46
403 427
963 983
884 932
338 355
463 485
5 18
152 166
628 648
889 901
403 423
280 296
551 561
576 581
717 744
87 90
957 969
181 187
339 371
667 682
626 629
662 674
245 258
767 776
221 226
662 677
870 878
683 704
466 473
334 340
816 868
715 722
341 345
893 913
838 845
285 293
822 861
665 678
635 638
891 897
575 580
536 541
969 990
964 989
632 649
440 441
889 919
283 305
631 646
336 350
813 820
574 611
665 668
626 630
406 408
131 132
36 54
401 428
887 931
577 591
891 924
767 773
96 99
3 11
173 180
64 67
398 426
571 603
601 620
891 904
246 273
766 794
684 703
465 499
767 800
969 973
968 986
549 562
765 791
95 98
666 677
715 733
962 963
576 611
628 656
576 579
399 410
892 945
960 964
635 653
279 301
969 975
884 919
403 417
575 607
892 938
567 574
535 547
285 304
886 954
818 854
932 960
806 811
379 383
437 452
822 846
577 606
87 89
661 662
279 294
663 671
554 570
464 501
466 488
678 702
832 865
841 877
440 445
315 324
885 907
826 858
459 466
766 774
768 776
573 602
2 15
890 925
91 108
398 412
617 625
887 948
336 372
804 812
65 68
334 336
467 491
513 530
765 783
130 148
340 350
607 622
249 256
889 922
715 755
249 261
181 205
572 608
810 837
550 563
111 128
871 881
964 987
566 572
717 721
631 656
220 224
569 572
819 847
767 789
776 804
762 765
466 482
714 748
34 45
179 210
888 903
339 367
885 915
887 898
392 402
406 423
885 911
84 91
64 72
635 643
313 321
3 13
969 995
340 359
766 788
571 598
834 850
405 422
406 410
396 401
968 975
667 674
439 447
6 11
829 852
714 745
808 821
892 944
460 462
965 995
464 498
534 539
536 543
533 534
884 899
550 552
462 486
667 690
577 608
806 809
665 673
315 321
765 778
84 95
812 824
965 991
85 88
155 158
634 642
577 611
893 952
38 52
671 708
836 857
807 809
6 15
828 854
7 16
809 838
285 300
884 910
281 293
8 24
815 837
250 261
768 796
129 148
8 18
346 376
577 601
154 162
103 128
548 551
884 951
567 576
463 487
891 923
592 620
815 835
177 213
714 753
95 118
177 209
220 243
767 769
167 170
568 572
717 750
171 181
285 298
766 781
64 70
398 417
766 775
470 503
92 124
963 979
218 236
689 698
486 503
5 14
567 572
575 615
179 195
379 385
812 816
889 947
716 745
343 363
821 863
663 677
809 827
91 106
882 891
570 574
809 826
665 675
89 108
634 641
155 161
79 83
220 228
969 985
660 667
551 556
401 408
717 746
963 990
610 621
665 674
815 828
338 354
715 723
666 671
551 553
94 111
858 877
876 879
878 888
179 188
817 842
859 870
567 573
852 869
341 367
35 48
888 938
963 992
886 952
153 156
667 691
694 698
64 68
91 105
406 409
885 924
219 236
551 557
250 252
400 411
281 292
440 449
677 695
893 946
152 165
38 44
689 707
248 257
462 497
508 511
873 882
833 860
714 743
316 320
316 325
768 790
665 687
890 902
280 287
399 422
177 208
181 201
883 884
887 914
174 180
889 928
183 211
765 798
439 441
463 486
684 698
967 993
884 945
437 449
61 70
251 272
551 558
378 389
460 463
575 608
251 260
339 346
823 846
576 597
715 718
734 762
664 673
40 58
61 79
664 671
886 937
826 850
339 359
661 665
280 311
662 687
406 413
767 787
91 121
403 429
878 892
220 242
716 743
90 119
464 500
316 319
282 306
809 817
93 112
321 329
179 187
35 56
854 876
837 865
176 212
968 973
96 115
313 327
34 43
88 108
892 917
219 226
221 232
767 788
631 657
462 484
35 54
180 214
662 684
570 573
667 681
130 132
219 243
890 936
460 464
766 800
464 492
885 894
88 103
857 871
892 922
38 43
636 661
633 636
175 207
884 900
401 433
766 798
467 490
534 540
575 592
245 273
890 930
821 860
179 216
715 744
821 862
808 825
624 634
505 523
438 447
691 708
399 425
968 983
816 857
245 268
653 660
250 255
505 529
344 356
344 351
2 32
666 685
173 178
577 578
803 813
572 612
463 470
245 272
284 289
177 187
92 123
219 227
394 400
337 359
765 781
182 188
220 231
221 240
337 373
281 307
694 701
378 387
666 669
173 175
60 63
883 890
334 335
579 618
892 954
765 776
341 369
715 756
155 160
37 43
958 963
814 826
94 98
398 418
875 881
90 118
826 843
88 110
6 31
808 832
827 859
937 962
344 353
723 764
281 303
181 188
341 362
88 102
714 758
969 997
300 312
551 554
175 204
247 253
825 856
34 49
88 112
334 338
717 722
65 75
332 343
131 140
810 820
379 381
677 698
282 301
129 143
657 660
403 413
342 361
717 748
332 338
532 535
663 673
438 452
715 719
887 920
575 611
315 328
586 621
665 676
284 293
245 256
393 401
962 965
449 458
765 796
890 900
834 846
342 369
884 933
247 272
281 288
958 968
623 624
631 653
576 599
893 915
2 28
461 485
893 947
92 125
153 159
177 216
463 501
616 626
666 681
717 753
817 867
462 495
669 705
966 991
701 709
339 356
534 545
341 366
713 715
392 404
844 873
766 786
178 192
313 324
892 913
874 879
384 391
284 296
884 924
964 986
371 376
39 54
509 511
575 595
969 989
577 590
961 968
885 943
768 793
893 919
3 20
506 513
248 255
585 623
892 918
623 625
129 139
281 297
631 648
811 834
838 863
886 947
315 318
815 823
835 864
95 119
633 647
670 708
398 413
61 75
35 47
890 951
178 213
713 716
679 696
849 875
2 27
965 973
961 967
62 75
823 851
466 502
632 651
702 711
663 686
627 657
280 299
8 9
178 194
891 918
342 355
218 241
440 447
625 628
952 959
462 468
630 656
823 850
402 407
316 326
573 613
892 943
247 252
581 623
714 735
556 569
462 474
571 602
820 842
92 105
401 426
397 406
627 645
38 40
84 92
892 911
336 361
576 587
402 416
402 434
716 758
341 371
889 926
399 415
632 644
717 757
400 422
172 178
768 773
279 297
715 757
482 503
62 78
8 19
462 499
341 350
766 799
459 467
891 907
886 942
439 444
790 803
768 795
552 568
507 519
663 683
767 794
534 544
691 702
285 305
337 348
338 367
884 949
594 623
577 586
869 883
246 256
768 770
399 416
843 877
633 652
175 211
765 782
183 190
282 305
710 712
343 348
854 875
576 582
87 93
154 163
506 520
893 925
178 185
439 448
969 972
508 513
805 811
885 908
717 749
569 574
888 908
969 992
280 297
632 657
340 368
315 323
552 570
962 968
397 401
332 341
215 217
870 882
467 493
689 704
178 191
750 759
803 812
219 222
961 964
284 311
519 530
61 76
812 836
283 310
61 81
715 751
173 177
686 695
338 372
342 371
454 458
462 492
536 542
892 909
556 570
250 264
704 709
316 327
892 948
507 521
626 631
888 918
155 166
354 376
249 260
562 569
24 33
176 197
406 429
885 917
336 371
817 860
401 421
394 399
338 375
767 772
177 191
690 699
467 494
536 537
403 410
574 614
130 150
180 198
401 414
94 117
833 853
893 909
681 708
627 654
396 398
6 9
823 840
275 278
599 616
3 12
633 641
280 307
534 543
342 368
467 470
804 809
823 845
873 880
606 618
6 16
182 216
573 609
885 913
884 943
74 83
965 977
338 371
280 305
60 64
571 606
884 907
183 203
811 818
575 612
717 736
554 566
284 292
828 842
967 988
174 182
35 51
183 193
63 81
129 144
341 348
968 977
709 713
94 113
506 515
314 328
826 860
717 727
467 481
889 927
397 404
250 258
36 57
716 736
692 697
690 705
283 308
667 676
284 309
2 18
401 429
467 476
838 857
153 158
890 901
598 616
828 857
992 1000
86 92
129 149
889 911
181 190
571 604
194 217
440 456
65 77
603 616
963 999
766 789
461 487
437 451
892 952
393 398
7 12
930 960
180 185
874 880
314 318
577 599
95 102
180 191
333 342
890 940
182 202
775 805
8 23
36 56
664 690
728 759
887 949
336 362
509 510
63 67
