1000 2000 50
24 20 21 17 22 34 10 11 14 15 15 23 18 29 11 21 34 8 11 16 19 30 5 30 20 23 18 21 52 21 12 13 16 12 22 45 10 8 4 32 34 19 15 14 20 26 9 19 27 30 
1 25
1 26
25 45
45 66
66 83
83 105
105 139
139 149
149 160
160 174
174 189
174 190
190 204
204 227
204 228
204 229
227 245
227 246
228 247
245 274
245 275
245 276
246 277
247 278
247 279
247 280
274 285
274 286
274 287
275 288
275 289
276 290
276 291
277 292
277 293
278 294
279 295
279 296
279 297
280 298
285 306
287 307
287 308
288 309
288 310
289 311
289 312
291 313
291 314
292 315
292 316
293 317
294 318
294 319
294 320
295 321
295 322
296 323
296 324
298 325
298 326
326 340
340 348
340 349
340 350
348 359
348 360
348 361
349 362
349 363
349 364
350 365
359 375
360 376
360 377
362 378
362 379
362 380
363 381
363 382
364 383
364 384
365 385
365 386
365 387
375 394
375 395
375 396
376 397
376 398
377 399
377 400
377 401
378 402
378 403
379 404
379 405
379 406
380 407
380 408
380 409
382 410
383 411
383 412
384 413
384 414
385 415
387 416
387 417
417 424
424 429
429 459
429 460
459 479
459 480
459 481
460 482
460 483
479 502
479 503
479 504
480 505
480 506
480 507
482 508
483 509
483 510
483 511
502 520
502 521
502 522
503 523
503 524
505 525
508 526
508 527
508 528
509 529
509 530
510 531
510 532
511 533
511 534
520 541
520 542
521 543
521 544
521 545
524 546
524 547
524 548
525 549
525 550
526 551
526 552
527 553
528 554
528 555
528 556
529 557
530 558
530 559
531 560
531 561
531 562
532 563
534 564
534 565
565 593
593 614
614 626
614 627
614 628
626 639
626 640
626 641
627 642
628 643
628 644
628 645
639 655
640 656
641 657
641 658
641 659
642 660
642 661
642 662
655 667
655 668
655 669
656 670
656 671
656 672
657 673
658 674
658 675
658 676
659 677
659 678
659 679
660 680
660 681
660 682
661 683
661 684
662 685
667 689
667 690
667 691
669 692
670 693
670 694
670 695
671 696
671 697
671 698
672 699
672 700
673 701
673 702
674 703
674 704
674 705
676 706
676 707
677 708
677 709
677 710
679 711
680 712
680 713
681 714
681 715
682 716
683 717
683 718
683 719
684 720
684 721
684 722
722 734
734 744
744 752
752 756
756 788
788 822
822 841
822 842
822 843
842 856
856 870
856 871
856 872
870 890
870 891
871 892
871 893
872 894
890 916
891 917
891 918
892 919
894 920
894 921
916 925
916 926
916 927
917 928
917 929
918 930
918 931
918 932
919 933
919 934
919 935
920 936
920 937
921 938
921 939
926 944
926 945
928 946
930 947
930 948
931 949
931 950
933 951
933 952
934 953
934 954
934 955
935 956
936 957
936 958
936 959
937 960
937 961
938 962
939 963
944 971
944 972
946 973
946 974
946 975
948 976
950 977
950 978
951 979
951 980
952 981
953 982
954 983
955 984
955 985
955 986
957 987
958 988
958 989
959 990
959 991
959 992
960 993
962 994
962 995
962 996
963 997
963 998
963 999
964 999
940 964
922 940
895 922
896 922
873 895
874 895
875 896
876 896
857 873
858 873
859 874
860 875
861 875
844 858
845 859
846 859
847 861
848 861
849 861
823 844
824 845
825 845
826 845
827 846
828 848
829 848
830 848
831 849
789 823
790 823
791 824
792 824
793 824
794 825
795 825
796 825
797 826
798 827
799 827
800 827
801 828
802 829
803 830
804 831
805 831
757 789
758 789
759 790
760 790
761 790
762 791
763 791
764 792
765 792
766 792
767 793
768 795
769 797
770 797
771 798
772 798
773 798
774 800
775 800
776 801
777 802
778 802
779 803
780 803
781 803
782 805
783 805
784 805
753 784
745 753
746 753
747 753
735 745
736 745
737 745
738 746
739 747
723 736
724 737
725 737
726 737
727 738
728 738
729 739
730 739
731 739
686 731
663 686
646 663
647 663
629 646
630 646
631 647
632 647
633 647
615 629
616 631
617 631
618 632
619 632
620 632
621 633
622 633
594 615
595 616
596 616
597 616
598 617
599 618
600 618
601 619
602 619
603 621
604 621
605 621
606 622
607 622
608 622
566 596
567 596
568 597
569 597
570 597
571 598
572 598
573 598
574 599
575 599
576 600
577 600
578 600
579 601
580 602
581 602
582 602
583 603
584 604
585 604
586 604
587 605
588 608
535 588
512 535
513 535
514 535
484 512
485 512
486 512
487 513
488 513
489 513
490 514
491 514
461 484
462 485
463 485
464 485
465 486
466 486
467 487
468 487
469 488
470 488
471 490
472 490
473 490
474 491
475 491
430 461
431 461
432 461
433 462
434 463
435 465
436 466
437 466
438 466
439 467
440 467
441 468
442 468
443 468
444 469
445 469
446 469
447 470
448 472
449 472
450 473
451 474
452 474
425 452
418 425
388 418
366 388
367 388
368 388
351 366
352 367
341 351
342 351
343 351
344 352
327 342
328 342
329 342
330 343
331 343
332 344
299 332
281 299
248 281
230 248
231 248
205 231
206 231
207 231
191 205
175 191
176 191
161 175
162 175
163 175
164 176
150 161
151 162
152 163
153 163
140 150
141 151
142 151
143 151
144 152
145 153
106 140
107 140
108 141
109 141
110 142
111 143
112 143
113 144
114 145
115 145
84 108
85 108
86 108
87 113
88 114
89 114
90 115
67 85
68 85
69 85
70 86
71 88
72 90
73 90
46 67
47 67
48 67
49 68
50 68
51 70
52 70
53 70
54 71
55 71
56 71
57 72
58 72
59 72
27 47
28 48
29 48
30 49
31 49
32 50
33 50
34 50
35 51
36 51
37 51
38 54
39 54
40 54
41 59
2 27
3 28
4 28
5 29
6 29
7 30
8 31
9 32
10 32
11 32
12 33
13 33
14 34
15 34
16 34
17 35
18 35
19 35
20 37
21 37
22 38
23 40
23 42
42 60
42 61
42 62
60 74
60 75
61 76
61 77
62 78
62 79
62 80
75 91
75 92
75 93
76 94
76 95
76 96
77 97
79 98
79 99
80 100
80 101
91 116
92 117
92 118
93 119
95 120
95 121
97 122
97 123
97 124
98 125
98 126
99 127
99 128
99 129
100 130
100 131
100 132
101 133
101 134
101 135
135 146
146 154
154 165
154 166
154 167
165 177
166 178
167 179
167 180
177 192
177 193
180 194
192 208
192 209
192 210
193 211
193 212
193 213
194 214
194 215
208 232
208 233
210 234
210 235
210 236
211 237
211 238
213 239
214 240
215 241
215 242
232 249
232 250
233 251
233 252
234 253
234 254
234 255
235 256
235 257
236 258
236 259
236 260
237 261
237 262
237 263
238 264
239 265
240 266
240 267
240 268
241 269
241 270
242 271
271 282
282 300
282 301
300 333
300 334
300 335
335 345
345 353
345 354
353 369
354 370
354 371
354 372
370 389
370 390
370 391
390 419
390 420
420 426
426 453
453 476
476 492
476 493
493 515
515 536
515 537
515 538
537 589
537 590
538 591
591 609
609 623
623 634
623 635
623 636
635 648
636 649
636 650
636 651
650 664
651 665
665 687
687 732
732 740
740 748
748 754
754 785
754 786
786 806
806 832
832 850
832 851
850 862
850 863
850 864
851 865
851 866
851 867
862 877
862 878
864 879
864 880
865 881
865 882
865 883
866 884
866 885
867 886
867 887
867 888
877 897
877 898
880 899
880 900
881 901
881 902
881 903
883 904
883 905
883 906
884 907
884 908
887 909
887 910
887 911
888 912
912 923
923 941
923 942
941 965
941 966
941 967
942 968
942 969
969 1000
970 1000
943 970
924 943
913 924
914 924
915 924
889 915
868 889
869 889
852 868
853 869
854 869
855 869
833 852
834 852
835 852
836 853
837 853
838 854
839 855
840 855
807 833
808 834
809 834
810 835
811 835
812 836
813 836
814 837
815 837
816 838
817 838
818 839
819 839
820 840
821 840
787 821
755 787
749 755
750 755
751 755
741 749
742 751
743 751
733 742
688 733
666 688
652 666
653 666
654 666
637 653
638 654
624 637
625 637
610 624
611 624
612 625
613 625
592 613
539 592
516 539
517 539
518 539
494 516
495 517
496 517
497 517
498 518
499 518
477 499
454 477
455 477
456 477
427 456
421 427
422 427
392 422
373 392
355 373
346 355
336 346
337 346
338 346
302 338
283 302
272 283
243 272
216 243
217 243
195 217
196 217
181 195
168 181
169 181
170 181
155 169
156 169
147 156
136 147
137 147
102 137
81 102
63 81
43 63
24 43
24 44
44 64
44 65
65 82
82 103
82 104
104 138
138 148
148 157
148 158
148 159
157 171
157 172
158 173
171 182
171 183
171 184
172 185
172 186
172 187
173 188
182 197
184 198
185 199
187 200
187 201
187 202
188 203
199 218
199 219
199 220
200 221
201 222
201 223
201 224
203 225
203 226
226 244
244 273
273 284
284 303
284 304
284 305
305 339
339 347
347 356
347 357
347 358
357 374
374 393
393 423
423 428
428 457
428 458
458 478
478 500
478 501
501 519
519 540
904 921
355 367
824 848
10 30
855 867
427 452
459 487
178 191
137 145
147 158
688 716
533 559
385 402
472 500
536 555
847 857
868 881
424 443
931 960
98 107
755 772
29 47
178 197
229 268
965 972
668 697
896 921
228 269
62 82
5 40
929 953
967 994
656 669
536 587
425 448
528 559
173 176
341 354
861 871
391 406
285 312
686 710
528 581
754 766
865 888
528 571
674 710
678 733
495 519
682 717
496 519
530 578
89 105
480 504
754 759
300 330
677 692
434 466
864 873
170 175
754 769
935 955
540 592
519 523
226 228
48 69
681 689
600 624
456 463
808 838
524 586
391 420
281 301
524 588
752 769
819 824
670 711
516 527
201 216
635 643
356 364
287 335
199 210
486 513
533 584
199 221
917 933
93 125
358 362
964 989
384 406
154 170
758 807
87 110
453 468
45 82
678 712
72 91
467 499
213 236
925 959
281 298
540 553
389 402
231 264
79 87
361 377
20 33
139 152
443 475
43 50
753 774
868 886
752 782
411 426
150 164
537 561
75 85
6 27
778 800
286 321
518 524
368 379
73 84
682 715
145 159
883 894
61 74
387 412
235 246
231 253
578 611
492 516
624 633
371 393
11 33
441 461
814 825
523 589
825 851
244 266
39 55
557 595
561 608
531 559
819 838
303 323
756 795
815 828
172 175
100 135
274 304
858 885
342 350
529 581
155 171
538 551
46 68
189 212
428 429
637 652
886 900
340 357
81 98
502 525
647 660
21 25
391 414
424 448
877 903
19 28
320 341
780 799
27 48
296 339
852 859
828 842
829 842
146 156
539 580
424 440
308 340
58 74
664 672
100 105
924 928
754 770
25 62
497 516
674 702
368 384
665 683
171 186
648 662
244 248
805 827
775 818
637 646
35 53
61 73
483 515
443 465
752 764
392 414
477 484
933 968
288 329
380 419
99 108
921 930
796 839
545 602
669 732
810 826
224 229
527 547
517 530
98 118
876 908
312 342
364 385
121 148
478 496
752 771
556 599
156 162
858 881
308 341
779 809
175 203
899 923
838 844
689 740
657 675
509 534
361 393
661 672
172 181
661 682
628 653
209 231
531 566
656 674
850 857
362 376
728 735
527 568
81 86
793 830
231 267
523 555
245 282
425 458
758 795
70 95
696 742
432 464
734 747
232 247
921 928
262 283
529 543
1 39
226 229
539 549
754 756
675 694
488 512
286 332
672 722
834 848
428 441
665 680
533 587
956 983
471 496
26 55
67 86
933 969
428 443
831 855
773 809
193 219
146 151
752 780
197 206
177 197
638 648
484 509
590 595
655 677
920 939
168 187
672 726
506 521
743 744
197 214
210 230
492 505
844 861
43 56
294 317
939 949
291 323
908 916
639 660
274 301
381 396
933 947
631 654
360 390
291 311
237 271
152 173
657 672
375 402
496 511
866 888
954 981
293 318
539 563
527 574
5 42
682 697
349 368
671 719
916 940
148 156
930 956
476 487
757 801
530 571
826 855
528 562
965 995
357 362
957 973
160 180
50 79
69 93
348 374
97 112
259 279
39 58
37 65
466 488
408 428
970 991
637 654
442 467
388 400
6 30
540 554
503 536
428 456
169 185
880 893
941 962
660 676
479 515
672 731
78 92
35 54
616 633
635 651
759 821
93 122
635 645
169 180
933 955
867 870
36 55
598 621
620 627
269 274
661 681
762 813
236 255
755 783
66 87
598 620
104 121
963 982
733 740
686 700
529 579
303 329
682 692
69 90
49 71
202 217
387 402
191 225
280 295
351 367
944 989
162 187
882 912
947 995
297 329
926 948
515 523
783 820
253 278
861 877
841 864
386 403
635 639
843 863
754 787
377 407
390 411
171 187
392 418
738 744
774 791
448 463
11 43
709 736
466 494
537 563
280 294
654 662
425 450
622 627
924 937
579 596
475 493
510 533
448 475
908 921
796 823
960 978
938 944
136 146
540 568
141 155
44 47
232 273
690 738
94 134
664 678
433 461
924 936
292 308
858 876
579 606
298 329
4 36
786 797
662 683
948 988
358 364
685 693
787 810
872 915
312 345
695 740
351 373
789 839
795 834
221 241
180 196
293 337
752 784
929 959
535 567
755 779
625 626
938 946
428 452
753 785
935 969
576 597
279 298
842 865
964 986
739 746
765 811
256 279
941 947
28 50
473 481
895 924
672 733
328 344
90 110
293 321
464 494
150 166
425 443
526 563
953 979
427 448
118 140
755 786
872 890
172 184
264 277
485 517
637 648
561 607
426 452
37 47
886 915
957 992
425 451
775 811
457 475
31 59
80 104
246 275
677 695
200 219
736 747
105 146
823 850
640 660
595 622
628 651
28 45
199 217
928 944
109 145
223 229
507 524
170 188
814 830
531 567
510 526
684 729
777 810
349 359
527 549
883 911
677 694
529 592
90 123
711 742
197 207
171 176
970 982
393 403
276 302
881 893
424 430
799 840
646 662
665 681
357 369
878 900
683 698
128 144
784 803
573 605
925 960
229 253
228 264
428 454
342 349
681 696
364 389
359 392
74 104
789 834
639 666
507 522
752 765
139 158
676 689
934 950
68 94
134 142
888 906
876 895
167 186
863 887
239 247
524 589
84 119
679 691
491 515
183 193
72 99
963 994
193 206
664 673
640 663
342 358
369 383
540 565
157 166
616 632
288 339
193 215
233 260
301 312
202 220
917 930
466 498
633 651
888 896
755 773
374 392
951 978
266 276
863 876
753 762
154 171
498 503
849 857
525 583
136 139
466 482
674 731
939 944
351 372
437 471
163 181
190 213
229 263
143 157
73 89
379 409
225 230
811 839
683 699
462 489
323 342
292 317
501 506
673 694
491 518
948 995
428 430
424 454
197 213
72 100
878 893
143 149
172 177
604 615
956 980
474 496
923 940
87 123
629 653
926 951
524 578
536 585
81 93
373 383
591 595
427 437
389 421
507 520
299 314
174 198
889 907
25 58
172 178
864 882
661 677
823 846
685 690
680 731
363 387
524 570
522 556
531 541
86 136
252 279
187 196
502 530
200 205
202 213
223 240
863 884
126 144
14 40
425 437
126 148
689 741
293 331
911 918
279 305
103 130
104 117
875 900
925 963
428 439
624 631
141 153
779 821
46 70
11 40
677 719
508 533
576 608
428 432
424 455
568 609
485 513
663 678
424 438
478 493
523 577
628 639
21 38
484 515
890 921
300 339
489 516
538 559
461 495
81 92
475 497
673 697
794 822
882 895
275 296
824 842
147 150
819 828
77 87
74 99
639 656
814 831
77 84
857 876
225 236
377 414
98 105
21 30
682 727
59 66
680 694
616 637
542 610
610 615
112 147
436 463
537 560
538 572
356 366
376 406
843 859
538 542
204 236
219 239
535 579
19 27
623 633
824 846
774 790
497 505
27 60
752 758
540 561
919 925
178 202
680 700
31 58
407 424
587 610
959 994
23 30
45 73
828 853
54 75
475 498
755 781
962 982
310 345
888 894
164 177
27 56
840 854
954 989
619 634
310 341
362 390
167 182
586 606
534 542
234 271
274 289
215 235
469 483
355 369
228 254
391 408
824 849
752 781
79 90
744 754
433 470
183 196
970 979
937 953
736 744
679 689
197 210
426 451
942 959
787 808
74 93
424 439
837 843
955 976
385 398
921 943
241 268
189 207
783 800
206 242
788 837
672 720
621 627
66 91
884 900
688 704
353 359
238 245
767 796
826 852
239 246
690 737
191 221
673 729
217 236
807 828
206 228
103 127
276 292
685 724
370 381
959 988
929 956
155 161
647 662
86 106
722 735
180 191
786 798
494 511
583 604
951 996
27 59
682 720
87 133
293 339
517 538
286 333
88 134
761 811
668 727
526 587
180 199
704 735
752 770
254 274
797 828
870 900
800 829
897 921
833 855
664 676
526 586
34 63
786 815
104 113
276 299
156 160
704 738
71 96
525 574
356 362
905 920
482 502
930 950
344 348
881 896
104 136
838 842
687 693
523 560
280 299
737 747
461 480
754 761
609 622
391 397
520 571
771 797
754 779
28 61
641 662
757 799
95 134
242 249
539 552
867 885
86 122
288 324
344 350
90 126
81 101
101 126
740 746
966 977
61 72
858 886
57 70
933 957
377 408
317 347
203 208
338 342
341 355
425 442
55 80
211 240
450 468
195 205
825 842
949 977
805 839
871 905
160 177
761 805
342 352
947 974
668 707
687 731
665 667
867 876
684 696
736 749
533 592
200 217
683 701
675 718
47 69
947 987
232 245
495 505
493 509
237 255
305 338
480 502
287 325
671 725
768 793
354 361
830 854
925 967
512 529
285 334
664 680
140 156
634 653
29 59
343 354
840 843
199 209
454 466
484 503
426 440
839 847
478 487
530 545
675 719
221 240
865 887
820 822
818 834
860 874
74 98
922 929
93 107
234 269
956 977
771 805
952 995
14 43
665 677
627 640
755 770
139 155
670 715
149 171
351 364
490 505
627 654
37 49
969 983
14 33
349 360
278 299
426 449
