1000 2000 25
21 41 41 41 41 41 41 41 41 42 42 42 42 42 42 42 42 42 42 42 42 42 42 42 21 
1 22
22 63
63 104
104 145
145 186
186 227
227 268
268 309
309 350
350 392
392 434
434 476
476 518
518 560
560 602
602 644
644 686
686 728
728 770
770 812
812 854
854 896
896 938
938 980
939 980
897 939
855 897
813 855
771 813
729 771
687 729
645 687
603 645
561 603
519 561
477 519
435 477
393 435
351 393
310 351
269 310
228 269
187 228
146 187
105 146
64 105
23 64
2 23
2 24
24 65
65 106
106 147
147 188
188 229
229 270
270 311
311 352
352 394
394 436
436 478
478 520
520 562
562 604
604 646
646 688
688 730
730 772
772 814
814 856
856 898
898 940
940 981
941 981
899 941
857 899
815 857
773 815
731 773
689 731
647 689
605 647
563 605
521 563
479 521
437 479
395 437
353 395
312 353
271 312
230 271
189 230
148 189
107 148
66 107
25 66
3 25
3 26
26 67
67 108
108 149
149 190
190 231
231 272
272 313
313 354
354 396
396 438
438 480
480 522
522 564
564 606
606 648
648 690
690 732
732 774
774 816
816 858
858 900
900 942
942 982
943 982
901 943
859 901
817 859
775 817
733 775
691 733
649 691
607 649
565 607
523 565
481 523
439 481
397 439
355 397
314 355
273 314
232 273
191 232
150 191
109 150
68 109
27 68
4 27
4 28
28 69
69 110
110 151
151 192
192 233
233 274
274 315
315 356
356 398
398 440
440 482
482 524
524 566
566 608
608 650
650 692
692 734
734 776
776 818
818 860
860 902
902 944
944 983
945 983
903 945
861 903
819 861
777 819
735 777
693 735
651 693
609 651
567 609
525 567
483 525
441 483
399 441
357 399
316 357
275 316
234 275
193 234
152 193
111 152
70 111
29 70
5 29
5 30
30 71
71 112
112 153
153 194
194 235
235 276
276 317
317 358
358 400
400 442
442 484
484 526
526 568
568 610
610 652
652 694
694 736
736 778
778 820
820 862
862 904
904 946
946 984
947 984
905 947
863 905
821 863
779 821
737 779
695 737
653 695
611 653
569 611
527 569
485 527
443 485
401 443
359 401
318 359
277 318
236 277
195 236
154 195
113 154
72 113
31 72
6 31
6 32
32 73
73 114
114 155
155 196
196 237
237 278
278 319
319 360
360 402
402 444
444 486
486 528
528 570
570 612
612 654
654 696
696 738
738 780
780 822
822 864
864 906
906 948
948 985
949 985
907 949
865 907
823 865
781 823
739 781
697 739
655 697
613 655
571 613
529 571
487 529
445 487
403 445
361 403
320 361
279 320
238 279
197 238
156 197
115 156
74 115
33 74
7 33
7 34
34 75
75 116
116 157
157 198
198 239
239 280
280 321
321 362
362 404
404 446
446 488
488 530
530 572
572 614
614 656
656 698
698 740
740 782
782 824
824 866
866 908
908 950
950 986
951 986
909 951
867 909
825 867
783 825
741 783
699 741
657 699
615 657
573 615
531 573
489 531
447 489
405 447
363 405
322 363
281 322
240 281
199 240
158 199
117 158
76 117
35 76
8 35
8 36
36 77
77 118
118 159
159 200
200 241
241 282
282 323
323 364
364 406
406 448
448 490
490 532
532 574
574 616
616 658
658 700
700 742
742 784
784 826
826 868
868 910
910 952
952 987
953 987
911 953
869 911
827 869
785 827
743 785
701 743
659 701
617 659
575 617
533 575
491 533
449 491
407 449
365 407
324 365
283 324
242 283
201 242
160 201
119 160
78 119
37 78
9 37
9 38
38 79
79 120
120 161
161 202
202 243
243 284
284 325
325 366
366 408
408 450
450 492
492 534
534 576
576 618
618 660
660 702
702 744
744 786
786 828
828 870
870 912
912 954
954 988
955 988
913 955
871 913
829 871
787 829
745 787
703 745
661 703
619 661
577 619
535 577
493 535
451 493
409 451
367 409
326 367
285 326
244 285
203 244
162 203
121 162
80 121
39 80
10 39
10 40
40 81
81 122
122 163
163 204
204 245
245 286
286 327
327 368
368 410
410 452
452 494
494 536
536 578
578 620
620 662
662 704
704 746
746 788
788 830
830 872
872 914
914 956
956 989
957 989
915 957
873 915
831 873
789 831
747 789
705 747
663 705
621 663
579 621
537 579
495 537
453 495
411 453
369 411
328 369
287 328
246 287
205 246
164 205
123 164
82 123
41 82
11 41
11 42
42 83
83 124
124 165
165 206
206 247
247 288
288 329
329 370
370 412
412 454
454 496
496 538
538 580
580 622
622 664
664 706
706 748
748 790
790 832
832 874
874 916
916 958
958 990
959 990
917 959
875 917
833 875
791 833
749 791
707 749
665 707
623 665
581 623
539 581
497 539
455 497
413 455
371 413
330 371
289 330
248 289
207 248
166 207
125 166
84 125
43 84
12 43
12 44
44 85
85 126
126 167
167 208
208 249
249 290
290 331
331 372
372 414
414 456
456 498
498 540
540 582
582 624
624 666
666 708
708 750
750 792
792 834
834 876
876 918
918 960
960 991
961 991
919 961
877 919
835 877
793 835
751 793
709 751
667 709
625 667
583 625
541 583
499 541
457 499
415 457
373 415
332 373
291 332
250 291
209 250
168 209
127 168
86 127
45 86
13 45
13 46
46 87
87 128
128 169
169 210
210 251
251 292
292 333
333 374
374 416
416 458
458 500
500 542
542 584
584 626
626 668
668 710
710 752
752 794
794 836
836 878
878 920
920 962
962 992
963 992
921 963
879 921
837 879
795 837
753 795
711 753
669 711
627 669
585 627
543 585
501 543
459 501
417 459
375 417
334 375
293 334
252 293
211 252
170 211
129 170
88 129
47 88
14 47
14 48
48 89
89 130
130 171
171 212
212 253
253 294
294 335
335 376
376 418
418 460
460 502
502 544
544 586
586 628
628 670
670 712
712 754
754 796
796 838
838 880
880 922
922 964
964 993
965 993
923 965
881 923
839 881
797 839
755 797
713 755
671 713
629 671
587 629
545 587
503 545
461 503
419 461
377 419
336 377
295 336
254 295
213 254
172 213
131 172
90 131
49 90
15 49
15 50
50 91
91 132
132 173
173 214
214 255
255 296
296 337
337 378
378 420
420 462
462 504
504 546
546 588
588 630
630 672
672 714
714 756
756 798
798 840
840 882
882 924
924 966
966 994
967 994
925 967
883 925
841 883
799 841
757 799
715 757
673 715
631 673
589 631
547 589
505 547
463 505
421 463
379 421
338 379
297 338
256 297
215 256
174 215
133 174
92 133
51 92
16 51
16 52
52 93
93 134
134 175
175 216
216 257
257 298
298 339
339 380
380 422
422 464
464 506
506 548
548 590
590 632
632 674
674 716
716 758
758 800
800 842
842 884
884 926
926 968
968 995
969 995
927 969
885 927
843 885
801 843
759 801
717 759
675 717
633 675
591 633
549 591
507 549
465 507
423 465
381 423
340 381
299 340
258 299
217 258
176 217
135 176
94 135
53 94
17 53
17 54
54 95
95 136
136 177
177 218
218 259
259 300
300 341
341 382
382 424
424 466
466 508
508 550
550 592
592 634
634 676
676 718
718 760
760 802
802 844
844 886
886 928
928 970
970 996
971 996
929 971
887 929
845 887
803 845
761 803
719 761
677 719
635 677
593 635
551 593
509 551
467 509
425 467
383 425
342 383
301 342
260 301
219 260
178 219
137 178
96 137
55 96
18 55
18 56
56 97
97 138
138 179
179 220
220 261
261 302
302 343
343 384
384 426
426 468
468 510
510 552
552 594
594 636
636 678
678 720
720 762
762 804
804 846
846 888
888 930
930 972
972 997
973 997
931 973
889 931
847 889
805 847
763 805
721 763
679 721
637 679
595 637
553 595
511 553
469 511
427 469
385 427
344 385
303 344
262 303
221 262
180 221
139 180
98 139
57 98
19 57
19 58
58 99
99 140
140 181
181 222
222 263
263 304
304 345
345 386
386 428
428 470
470 512
512 554
554 596
596 638
638 680
680 722
722 764
764 806
806 848
848 890
890 932
932 974
974 998
975 998
933 975
891 933
849 891
807 849
765 807
723 765
681 723
639 681
597 639
555 597
513 555
471 513
429 471
387 429
346 387
305 346
264 305
223 264
182 223
141 182
100 141
59 100
20 59
20 60
60 101
101 142
142 183
183 224
224 265
265 306
306 347
347 388
388 430
430 472
472 514
514 556
556 598
598 640
640 682
682 724
724 766
766 808
808 850
850 892
892 934
934 976
976 999
977 999
935 977
893 935
851 893
809 851
767 809
725 767
683 725
641 683
599 641
557 599
515 557
473 515
431 473
389 431
348 389
307 348
266 307
225 266
184 225
143 184
102 143
61 102
21 61
21 62
62 103
103 144
144 185
185 226
226 267
267 308
308 349
349 390
390 432
432 474
474 516
516 558
558 600
600 642
642 684
684 726
726 768
768 810
810 852
852 894
894 936
936 978
978 1000
979 1000
937 979
895 937
853 895
811 853
769 811
727 769
685 727
643 685
601 643
559 601
517 559
475 517
433 475
391 433
403 451
50 76
23 76
595 608
71 143
260 299
471 516
144 174
556 595
48 83
914 947
749 777
881 917
784 827
903 948
793 819
325 372
449 510
306 320
300 344
156 200
615 658
649 707
427 455
501 521
604 648
866 917
312 370
364 398
395 470
77 109
373 414
109 184
270 340
44 96
854 909
883 932
318 351
265 290
101 129
489 522
6 50
576 632
262 280
919 951
199 235
769 784
900 971
438 482
813 892
32 74
889 910
132 150
397 441
699 769
35 65
193 266
780 827
509 545
11 34
418 453
18 37
415 439
606 656
833 894
190 254
261 308
329 380
125 181
41 63
576 610
967 984
296 328
82 143
757 775
728 803
533 577
348 356
214 246
341 366
441 515
689 729
654 709
616 650
302 326
300 320
384 429
207 257
459 505
885 935
479 538
352 421
230 305
405 459
546 586
413 451
481 552
473 483
2 25
950 980
368 398
262 291
329 390
404 449
6 40
431 458
61 66
733 790
76 118
876 926
363 395
507 532
223 234
430 434
403 439
149 218
704 742
777 817
747 780
547 577
292 338
588 631
485 548
543 590
817 867
100 131
227 288
812 888
238 271
490 526
639 673
775 849
200 248
421 452
920 953
787 841
705 764
491 555
484 542
664 700
446 515
458 477
406 438
574 619
703 742
165 204
115 165
979 986
661 686
844 860
633 669
937 969
373 409
257 280
673 709
111 173
148 209
499 556
807 819
256 271
380 415
139 178
139 153
78 117
203 234
526 575
308 332
102 109
571 628
918 948
529 584
391 400
249 294
672 696
172 209
426 462
583 611
447 498
350 418
160 216
297 348
275 328
103 118
409 461
546 582
64 118
278 323
197 240
197 239
429 465
104 180
132 157
465 512
693 769
419 460
865 920
845 884
466 498
587 635
610 677
592 627
293 327
185 217
613 656
726 753
161 207
479 532
31 85
633 673
892 937
16 48
589 626
904 954
499 523
228 306
154 188
184 203
69 138
178 210
158 193
750 796
770 853
622 657
41 67
690 728
656 705
904 966
933 959
31 68
50 67
270 328
398 469
744 803
760 792
454 497
601 608
467 513
167 194
103 104
697 748
391 398
194 264
73 104
608 676
747 803
337 376
629 667
547 560
568 639
11 26
256 281
933 951
390 418
49 101
249 300
880 937
45 89
298 334
236 291
918 955
515 539
672 720
306 341
394 459
434 488
713 760
156 217
631 661
858 936
442 498
374 426
424 457
720 750
580 614
186 249
199 260
175 222
960 994
734 788
929 953
419 435
70 139
285 312
106 170
117 171
464 505
706 767
435 517
521 579
801 832
237 288
113 158
375 431
315 376
636 680
180 198
370 427
457 494
482 531
673 717
333 386
562 621
338 378
397 462
681 726
416 438
241 284
821 871
401 458
775 846
260 286
134 170
481 533
542 577
203 249
120 176
922 967
744 772
15 35
377 412
473 481
14 44
706 756
364 409
276 349
599 612
37 94
957 999
774 822
783 821
449 484
904 978
20 52
411 475
268 339
865 903
694 761
507 541
459 503
307 334
646 695
141 157
503 519
510 541
25 98
666 723
448 503
297 324
739 777
918 974
10 50
13 42
658 724
122 146
305 320
663 694
828 885
698 743
343 381
889 926
656 702
821 861
42 102
503 549
197 230
919 940
820 879
616 657
720 767
442 476
323 383
883 910
709 765
534 566
218 230
50 89
483 558
8 58
408 451
907 955
606 660
698 760
884 913
229 294
603 649
558 578
877 915
389 392
91 140
518 598
49 72
590 631
549 583
628 678
731 789
312 383
675 706
386 414
157 191
383 411
276 325
526 582
153 208
934 968
861 918
171 206
36 70
391 418
397 447
728 789
39 68
4 29
304 330
884 919
22 68
708 766
553 561
806 824
464 508
662 708
187 248
489 556
584 632
462 496
284 321
62 85
19 24
612 665
612 662
140 162
746 793
773 821
865 924
155 222
593 602
777 848
426 446
552 591
126 154
109 157
546 566
923 938
782 822
389 429
82 110
266 271
248 286
650 686
336 365
648 707
693 768
250 283
615 684
684 692
682 720
672 691
780 825
896 972
309 373
217 247
10 53
194 267
90 122
416 435
7 51
808 820
856 934
819 858
22 91
258 294
481 553
48 73
573 620
921 945
497 541
733 808
458 483
339 362
438 517
668 702
830 856
614 661
191 251
371 420
889 928
163 195
521 599
589 620
872 916
847 876
485 542
457 512
25 94
940 1000
326 381
302 341
917 940
30 72
473 504
375 412
229 300
484 550
378 402
130 162
943 985
365 423
630 683
19 54
669 726
682 696
50 68
291 328
734 794
902 949
326 360
484 537
717 751
550 572
101 144
363 393
550 560
3 40
41 80
97 131
515 545
591 622
917 951
747 771
797 849
394 452
243 268
904 951
566 623
533 564
671 712
3 42
226 230
369 427
616 674
386 420
494 548
159 193
242 303
139 175
436 499
95 134
663 702
400 447
724 743
502 542
14 23
386 426
490 551
964 997
397 440
961 993
38 75
520 599
765 772
307 313
976 988
659 692
90 107
905 963
883 913
90 116
611 662
298 317
830 881
727 762
792 818
151 187
508 548
640 654
631 664
308 314
702 749
414 470
474 514
825 890
661 699
820 877
437 489
603 681
773 838
27 85
884 927
558 575
846 880
466 511
58 74
393 467
294 323
405 451
598 610
297 317
318 380
363 423
499 525
143 177
706 736
302 346
294 327
374 429
161 206
519 599
473 509
485 544
684 720
626 662
816 856
650 697
441 480
805 835
111 161
699 747
928 978
741 780
339 364
95 139
439 516
601 629
10 59
210 253
345 352
243 273
706 731
142 171
91 109
325 384
5 58
8 47
855 908
511 542
788 838
775 829
728 807
466 488
977 982
114 162
848 876
460 514
893 919
548 587
881 919
880 900
759 790
863 917
693 741
668 698
765 799
565 606
222 234
399 462
505 542
239 271
407 469
610 680
735 778
621 676
721 732
378 405
194 228
428 438
262 299
561 611
316 359
700 736
724 765
228 293
557 563
847 862
892 909
308 337
680 712
463 499
535 586
492 523
23 73
667 708
308 343
649 705
51 63
187 264
409 454
714 735
616 671
717 758
219 231
620 679
38 94
199 228
726 767
1 61
767 789
782 836
548 568
785 826
103 122
864 914
966 995
703 757
879 932
432 446
21 34
527 599
632 676
542 595
174 187
62 97
567 629
423 470
903 946
513 556
503 554
420 463
150 199
217 248
125 184
956 985
268 326
894 929
277 345
833 865
185 211
394 463
558 570
521 595
146 221
407 443
785 853
212 264
189 266
576 617
577 614
363 411
763 778
193 257
268 327
616 646
59 84
824 855
873 901
533 569
574 618
907 938
864 910
636 672
169 193
4 31
456 491
446 496
716 740
202 248
31 79
68 120
33 89
30 102
884 915
422 441
107 162
718 735
532 560
535 562
610 671
589 632
52 76
627 650
818 875
124 185
238 270
407 435
888 931
410 462
634 659
557 578
82 120
262 300
372 421
54 79
16 26
581 619
275 339
832 858
519 579
756 780
515 522
7 35
697 729
687 757
141 174
95 137
383 428
391 408
891 917
2 56
101 118
736 807
378 410
151 186
19 60
534 572
162 193
912 953
789 843
42 65
832 893
896 950
275 337
620 645
517 524
389 406
618 667
570 640
931 961
278 327
269 333
377 392
137 151
584 623
848 869
438 489
532 591
539 570
550 596
196 241
310 382
396 468
19 45
48 75
554 601
10 47
708 769
949 994
174 192
823 882
554 591
240 274
406 458
805 817
343 357
912 944
459 502
46 64
485 522
503 524
874 898
325 374
446 499
135 147
608 659
331 363
234 308
396 435
233 293
560 612
609 660
92 110
337 382
614 685
900 957
350 429
427 448
954 995
69 139
613 659
176 220
660 697
17 33
471 508
391 416
142 163
598 627
840 855
451 503
119 165
783 817
533 566
910 946
394 461
529 582
793 832
33 103
260 294
558 586
150 193
863 934
977 981
748 788
700 764
540 580
261 307
535 593
790 839
766 784
596 626
628 683
304 329
646 708
541 561
617 666
748 785
673 713
914 967
504 521
752 786
771 849
837 854
1 29
255 286
476 531
408 465
224 257
876 923
702 756
32 88
51 102
219 243
228 280
459 498
98 109
184 200
677 695
808 847
295 315
808 825
754 780
316 363
438 516
302 310
198 259
361 414
833 861
18 41
755 770
584 625
174 224
478 521
405 458
104 153
866 919
596 607
198 232
278 321
253 270
975 992
38 92
523 596
126 171
736 804
783 824
732 783
819 856
495 547
590 618
595 638
879 900
653 711
129 184
794 829
864 899
636 684
33 64
902 972
794 820
98 135
526 565
795 819
403 461
549 577
152 197
643 671
631 683
456 511
932 960
618 676
46 85
128 165
657 727
247 301
867 899
650 716
49 99
852 874
511 543
679 725
917 944
753 796
261 293
412 438
365 404
289 309
1 30
200 258
214 233
699 742
110 168
830 884
648 695
888 926
583 631
