1000 4000 100
6 11 11 11 11 11 11 11 11 11 10 10 10 10 10 10 10 10 10 10 10 10 10 10 10 10 10 10 10 10 10 10 10 10 10 10 10 10 10 10 10 10 10 10 10 10 10 10 10 10 10 10 10 10 10 10 10 10 10 10 10 10 10 10 10 10 10 10 10 10 10 10 10 10 10 10 10 10 10 10 10 10 10 10 10 10 10 10 10 10 10 10 10 10 10 10 10 10 10 5 
1 7
7 18
18 29
29 40
40 51
51 62
62 73
73 84
84 95
95 106
106 116
116 126
126 136
136 146
146 156
156 166
166 176
176 186
186 196
196 206
206 216
216 226
226 236
236 246
246 256
256 266
266 276
276 286
286 296
296 306
306 316
316 326
326 336
336 346
346 356
356 366
366 376
376 386
386 396
396 406
406 416
416 426
426 436
436 446
446 456
456 466
466 476
476 486
486 496
496 506
506 516
516 526
526 536
536 546
546 556
556 566
566 576
576 586
586 596
596 606
606 616
616 626
626 636
636 646
646 656
656 666
666 676
676 686
686 696
696 706
706 716
716 726
726 736
736 746
746 756
756 766
766 776
776 786
786 796
796 806
806 816
816 826
826 836
836 846
846 856
856 866
866 876
876 886
886 896
896 906
906 916
916 926
926 936
936 946
946 956
956 966
966 976
976 986
986 996
987 996
977 987
967 977
957 967
947 957
937 947
927 937
917 927
907 917
897 907
887 897
877 887
867 877
857 867
847 857
837 847
827 837
817 827
807 817
797 807
787 797
777 787
767 777
757 767
747 757
737 747
727 737
717 727
707 717
697 707
687 697
677 687
667 677
657 667
647 657
637 647
627 637
617 627
607 617
597 607
587 597
577 587
567 577
557 567
547 557
537 547
527 537
517 527
507 517
497 507
487 497
477 487
467 477
457 467
447 457
437 447
427 437
417 427
407 417
397 407
387 397
377 387
367 377
357 367
347 357
337 347
327 337
317 327
307 317
297 307
287 297
277 287
267 277
257 267
247 257
237 247
227 237
217 227
207 217
197 207
187 197
177 187
167 177
157 167
147 157
137 147
127 137
117 127
107 117
96 107
85 96
74 85
63 74
52 63
41 52
30 41
19 30
8 19
2 8
2 9
9 20
20 31
31 42
42 53
53 64
64 75
75 86
86 97
97 108
108 118
118 128
128 138
138 148
148 158
158 168
168 178
178 188
188 198
198 208
208 218
218 228
228 238
238 248
248 258
258 268
268 278
278 288
288 298
298 308
308 318
318 328
328 338
338 348
348 358
358 368
368 378
378 388
388 398
398 408
408 418
418 428
428 438
438 448
448 458
458 468
468 478
478 488
488 498
498 508
508 518
518 528
528 538
538 548
548 558
558 568
568 578
578 588
588 598
598 608
608 618
618 628
628 638
638 648
648 658
658 668
668 678
678 688
688 698
698 708
708 718
718 728
728 738
738 748
748 758
758 768
768 778
778 788
788 798
798 808
808 818
818 828
828 838
838 848
848 858
858 868
868 878
878 888
888 898
898 908
908 918
918 928
928 938
938 948
948 958
958 968
968 978
978 988
988 997
989 997
979 989
969 979
959 969
949 959
939 949
929 939
919 929
909 919
899 909
889 899
879 889
869 879
859 869
849 859
839 849
829 839
819 829
809 819
799 809
789 799
779 789
769 779
759 769
749 759
739 749
729 739
719 729
709 719
699 709
689 699
679 689
669 679
659 669
649 659
639 649
629 639
619 629
609 619
599 609
589 599
579 589
569 579
559 569
549 559
539 549
529 539
519 529
509 519
499 509
489 499
479 489
469 479
459 469
449 459
439 449
429 439
419 429
409 419
399 409
389 399
379 389
369 379
359 369
349 359
339 349
329 339
319 329
309 319
299 309
289 299
279 289
269 279
259 269
249 259
239 249
229 239
219 229
209 219
199 209
189 199
179 189
169 179
159 169
149 159
139 149
129 139
119 129
109 119
98 109
87 98
76 87
65 76
54 65
43 54
32 43
21 32
10 21
3 10
3 11
11 22
22 33
33 44
44 55
55 66
66 77
77 88
88 99
99 110
110 120
120 130
130 140
140 150
150 160
160 170
170 180
180 190
190 200
200 210
210 220
220 230
230 240
240 250
250 260
260 270
270 280
280 290
290 300
300 310
310 320
320 330
330 340
340 350
350 360
360 370
370 380
380 390
390 400
400 410
410 420
420 430
430 440
440 450
450 460
460 470
470 480
480 490
490 500
500 510
510 520
520 530
530 540
540 550
550 560
560 570
570 580
580 590
590 600
600 610
610 620
620 630
630 640
640 650
650 660
660 670
670 680
680 690
690 700
700 710
710 720
720 730
730 740
740 750
750 760
760 770
770 780
780 790
790 800
800 810
810 820
820 830
830 840
840 850
850 860
860 870
870 880
880 890
890 900
900 910
910 920
920 930
930 940
940 950
950 960
960 970
970 980
980 990
990 998
991 998
981 991
971 981
961 971
951 961
941 951
931 941
921 931
911 921
901 911
891 901
881 891
871 881
861 871
851 861
841 851
831 841
821 831
811 821
801 811
791 801
781 791
771 781
761 771
751 761
741 751
731 741
721 731
711 721
701 711
691 701
681 691
671 681
661 671
651 661
641 651
631 641
621 631
611 621
601 611
591 601
581 591
571 581
561 571
551 561
541 551
531 541
521 531
511 521
501 511
491 501
481 491
471 481
461 471
451 461
441 451
431 441
421 431
411 421
401 411
391 401
381 391
371 381
361 371
351 361
341 351
331 341
321 331
311 321
301 311
291 301
281 291
271 281
261 271
251 261
241 251
231 241
221 231
211 221
201 211
191 201
181 191
171 181
161 171
151 161
141 151
131 141
121 131
111 121
100 111
89 100
78 89
67 78
56 67
45 56
34 45
23 34
12 23
4 12
4 13
13 24
24 35
35 46
46 57
57 68
68 79
79 90
90 101
101 112
112 122
122 132
132 142
142 152
152 162
162 172
172 182
182 192
192 202
202 212
212 222
222 232
232 242
242 252
252 262
262 272
272 282
282 292
292 302
302 312
312 322
322 332
332 342
342 352
352 362
362 372
372 382
382 392
392 402
402 412
412 422
422 432
432 442
442 452
452 462
462 472
472 482
482 492
492 502
502 512
512 522
522 532
532 542
542 552
552 562
562 572
572 582
582 592
592 602
602 612
612 622
622 632
632 642
642 652
652 662
662 672
672 682
682 692
692 702
702 712
712 722
722 732
732 742
742 752
752 762
762 772
772 782
782 792
792 802
802 812
812 822
822 832
832 842
842 852
852 862
862 872
872 882
882 892
892 902
902 912
912 922
922 932
932 942
942 952
952 962
962 972
972 982
982 992
992 999
993 999
983 993
973 983
963 973
953 963
943 953
933 943
923 933
913 923
903 913
893 903
883 893
873 883
863 873
853 863
843 853
833 843
823 833
813 823
803 813
793 803
783 793
773 783
763 773
753 763
743 753
733 743
723 733
713 723
703 713
693 703
683 693
673 683
663 673
653 663
643 653
633 643
623 633
613 623
603 613
593 603
583 593
573 583
563 573
553 563
543 553
533 543
523 533
513 523
503 513
493 503
483 493
473 483
463 473
453 463
443 453
433 443
423 433
413 423
403 413
393 403
383 393
373 383
363 373
353 363
343 353
333 343
323 333
313 323
303 313
293 303
283 293
273 283
263 273
253 263
243 253
233 243
223 233
213 223
203 213
193 203
183 193
173 183
163 173
153 163
143 153
133 143
123 133
113 123
102 113
91 102
80 91
69 80
58 69
47 58
36 47
25 36
14 25
5 14
5 15
15 26
26 37
37 48
48 59
59 70
70 81
81 92
92 103
103 114
114 124
124 134
134 144
144 154
154 164
164 174
174 184
184 194
194 204
204 214
214 224
224 234
234 244
244 254
254 264
264 274
274 284
284 294
294 304
304 314
314 324
324 334
334 344
344 354
354 364
364 374
374 384
384 394
394 404
404 414
414 424
424 434
434 444
444 454
454 464
464 474
474 484
484 494
494 504
504 514
514 524
524 534
534 544
544 554
554 564
564 574
574 584
584 594
594 604
604 614
614 624
624 634
634 644
644 654
654 664
664 674
674 684
684 694
694 704
704 714
714 724
724 734
734 744
744 754
754 764
764 774
774 784
784 794
794 804
804 814
814 824
824 834
834 844
844 854
854 864
864 874
874 884
884 894
894 904
904 914
914 924
924 934
934 944
944 954
954 964
964 974
974 984
984 994
994 1000
995 1000
985 995
975 985
965 975
955 965
945 955
935 945
925 935
915 925
905 915
895 905
885 895
875 885
865 875
855 865
845 855
835 845
825 835
815 825
805 815
795 805
785 795
775 785
765 775
755 765
745 755
735 745
725 735
715 725
705 715
695 705
685 695
675 685
665 675
655 665
645 655
635 645
625 635
615 625
605 615
595 605
585 595
575 585
565 575
555 565
545 555
535 545
525 535
515 525
505 515
495 505
485 495
475 485
465 475
455 465
445 455
435 445
425 435
415 425
405 415
395 405
385 395
375 385
365 375
355 365
345 355
335 345
325 335
315 325
305 315
295 305
285 295
275 285
265 275
255 265
245 255
235 245
225 235
215 225
205 215
195 205
185 195
175 185
165 175
155 165
145 155
135 145
125 135
115 125
104 115
93 104
82 93
71 82
60 71
49 60
38 49
27 38
16 27
6 16
6 17
17 28
28 39
39 50
50 61
61 72
72 83
83 94
94 105
956 972
475 481
550 563
4 7
951 965
416 434
377 394
75 90
901 906
257 268
723 728
833 838
329 343
614 618
941 947
316 335
541 555
668 681
326 345
915 922
446 465
284 295
689 698
454 465
270 281
74 87
419 431
888 897
668 676
450 462
863 868
651 664
591 598
692 703
434 441
566 578
261 268
874 880
480 494
2 17
986 999
494 499
898 907
514 517
271 278
266 283
378 387
859 874
871 885
535 538
932 941
129 142
810 818
346 359
914 918
413 416
984 992
314 317
481 494
904 909
503 515
949 961
801 812
450 464
286 305
96 111
983 988
361 370
59 62
614 619
140 146
595 597
671 678
425 429
48 55
851 860
613 616
48 56
547 564
716 732
191 203
854 860
81 90
6 13
522 533
777 786
981 995
860 867
869 880
74 91
292 305
925 930
618 627
575 582
19 29
479 486
1 13
795 799
9 23
652 664
968 983
313 324
200 214
959 966
676 688
896 915
775 784
734 745
438 454
309 318
722 735
554 563
467 479
276 291
726 741
92 99
575 583
290 298
297 312
579 593
521 526
391 403
140 147
274 285
868 880
487 504
610 621
866 880
355 356
668 684
206 221
933 936
994 999
424 426
769 785
205 213
427 439
302 313
773 782
86 104
74 94
158 171
422 427
533 536
302 308
64 81
231 237
925 931
473 485
741 748
56 69
208 219
193 198
384 387
567 583
64 73
548 562
896 914
39 46
581 588
674 681
976 993
855 864
538 547
857 871
42 55
522 528
197 211
55 65
368 376
705 710
162 175
366 385
956 975
556 569
943 949
607 618
350 358
589 600
843 847
506 519
745 746
107 118
359 367
271 283
421 435
118 127
741 749
26 31
2 7
923 927
378 386
509 520
687 703
604 615
515 521
713 716
799 812
695 701
741 752
940 955
314 320
577 592
819 830
748 760
705 711
569 582
155 159
283 286
404 413
453 465
535 540
871 883
120 131
643 650
181 194
232 245
869 884
954 963
978 993
465 472
506 518
19 33
612 620
584 587
355 358
338 346
131 137
461 472
405 414
260 273
848 862
894 902
645 653
921 929
850 864
588 600
456 473
947 959
8 23
257 266
573 578
516 527
422 429
48 57
251 265
721 729
686 703
2 11
319 334
447 456
444 449
976 994
671 684
121 135
6 12
505 509
466 485
56 64
305 306
552 565
648 662
540 548
135 137
107 120
266 282
486 504
559 573
417 433
544 549
252 263
133 136
206 217
235 237
395 402
786 802
106 123
367 385
510 521
850 862
276 288
275 276
857 874
249 262
522 527
50 60
566 580
88 104
461 470
681 686
848 861
702 713
38 40
818 831
587 601
110 124
179 192
147 160
926 940
171 179
185 193
136 155
422 426
870 881
965 974
260 267
610 619
336 354
425 432
760 767
857 869
430 443
201 208
854 858
75 93
281 294
69 73
831 838
809 825
935 940
842 847
892 899
915 921
299 306
837 848
57 62
474 477
357 375
307 319
984 989
113 118
546 560
106 124
264 269
231 239
485 490
684 687
144 151
897 906
360 374
902 913
376 389
503 511
342 351
905 908
393 402
117 126
905 914
958 974
766 782
580 592
427 441
274 276
327 345
393 400
711 725
346 358
745 754
331 343
746 758
628 640
189 203
103 110
396 408
126 139
977 986
137 152
393 396
952 958
821 833
503 514
439 446
303 314
381 393
890 898
328 342
186 200
611 619
199 212
409 418
547 560
889 896
599 606
490 498
190 197
642 650
632 638
846 858
786 805
105 111
701 714
187 196
256 273
424 432
151 156
553 560
590 598
64 83
717 735
941 946
915 919
946 963
59 68
643 649
564 567
189 204
594 596
462 470
408 420
554 557
379 387
511 516
203 208
441 454
993 997
352 365
569 584
463 475
493 498
138 146
933 944
632 645
11 26
655 659
279 290
978 986
133 137
550 561
682 693
80 85
383 394
29 42
824 827
269 277
474 483
3 7
272 284
55 67
849 856
496 509
492 504
162 170
828 836
685 694
57 70
985 994
304 313
99 108
631 636
120 129
341 350
144 148
584 586
856 875
524 528
740 754
874 878
183 191
635 639
455 460
447 465
304 312
980 994
599 610
562 567
583 594
516 530
88 98
312 321
625 628
311 324
575 581
451 465
586 601
382 388
928 943
561 574
624 626
770 783
461 473
530 538
724 732
886 899
990 996
580 588
161 172
302 315
900 915
742 754
148 161
606 621
395 397
654 657
16 22
34 40
780 791
677 694
741 750
338 349
95 111
330 344
459 466
818 829
751 758
388 401
330 339
806 819
523 526
390 401
575 577
693 699
122 129
496 514
702 708
60 70
319 328
613 622
306 320
452 465
303 308
295 303
769 778
337 354
286 297
615 616
473 479
168 182
175 184
42 57
433 445
938 951
221 227
890 901
52 69
225 229
237 254
38 45
733 736
852 864
952 961
309 320
557 570
825 828
838 852
220 234
105 108
938 953
412 425
488 500
131 139
105 112
521 534
398 414
320 335
102 107
346 365
372 385
470 484
545 552
627 639
305 311
293 302
318 327
377 386
193 201
241 254
957 969
538 555
357 373
6 14
127 144
301 306
191 204
927 945
981 987
845 847
396 407
262 271
539 550
621 629
438 447
216 235
173 182
620 631
159 168
85 105
755 759
809 816
142 147
120 134
938 954
209 216
7 23
289 296
561 570
807 819
77 87
316 328
753 758
660 668
813 824
21 34
760 768
417 435
186 204
730 744
607 621
244 247
236 253
93 102
652 663
663 666
83 84
336 351
432 444
954 959
967 979
130 137
978 991
928 939
710 719
9 21
255 262
973 981
164 168
87 105
687 705
868 876
432 438
63 75
233 241
424 427
570 585
843 846
399 411
369 381
887 902
415 416
718 732
556 572
527 539
166 180
521 527
51 69
839 850
110 122
511 523
466 483
188 203
846 861
324 331
392 400
717 728
69 82
865 868
178 192
818 830
891 899
665 674
808 820
701 712
636 653
519 530
289 304
708 717
312 318
124 133
993 998
398 406
946 964
700 713
873 878
171 185
307 320
146 163
939 954
551 563
464 467
95 110
192 199
828 841
454 460
579 590
157 170
102 110
511 520
829 845
341 354
951 964
891 904
48 61
883 888
427 436
927 939
624 631
816 827
285 291
396 409
917 926
624 633
753 756
55 71
959 973
137 154
598 612
983 995
780 794
28 38
1 11
71 81
66 75
908 923
964 969
502 509
443 450
768 779
925 927
889 897
462 471
453 461
571 578
4 8
38 47
55 69
659 671
387 400
35 45
101 107
350 361
536 550
528 543
411 423
543 555
937 951
435 436
149 157
78 85
120 128
466 479
817 828
93 95
124 135
84 99
983 989
837 852
491 504
869 881
17 25
100 106
16 25
567 576
34 43
149 158
696 709
578 592
276 287
557 574
50 52
524 535
49 51
563 574
927 941
638 655
649 656
375 381
556 568
209 221
311 320
71 80
931 936
68 76
7 20
282 291
840 852
744 755
233 239
14 20
301 313
397 410
197 213
128 145
940 948
984 987
81 86
662 674
513 520
707 720
764 770
818 835
801 809
322 328
646 659
83 93
392 404
764 769
272 281
248 265
827 844
805 812
647 662
308 324
178 191
620 627
547 562
166 181
704 712
462 466
862 873
385 389
305 312
597 609
883 894
859 867
114 116
467 481
553 564
761 775
767 784
843 851
29 41
139 153
614 625
317 328
778 793
817 826
167 178
635 640
219 232
273 285
250 256
121 134
559 568
688 696
260 268
658 670
956 973
552 561
210 221
802 814
793 805
481 488
784 793
574 579
717 729
91 95
234 238
726 745
796 810
744 746
467 478
612 616
875 877
891 905
290 303
14 21
269 281
306 323
532 536
442 449
95 109
856 867
157 169
617 629
271 280
782 794
726 738
840 855
231 243
334 338
533 540
604 606
268 277
429 441
476 487
101 111
662 666
378 395
482 493
833 840
562 573
581 594
888 901
550 558
551 559
726 740
889 900
992 1000
841 853
38 42
57 64
575 580
409 421
924 929
955 958
471 484
331 338
236 248
196 210
926 937
272 285
537 555
64 82
663 674
650 657
474 476
81 84
383 388
596 610
3 16
240 248
782 788
898 906
649 664
554 556
626 638
775 783
276 289
284 287
130 143
205 214
74 90
18 37
287 300
489 503
664 668
240 247
48 54
793 800
662 675
100 112
33 41
524 530
932 937
738 754
494 497
488 503
520 529
775 778
766 780
293 300
242 250
8 20
775 780
544 555
268 281
322 331
564 568
371 380
314 319
194 197
758 766
833 841
137 153
183 190
389 400
485 493
963 967
667 685
992 998
536 553
76 91
78 94
127 143
500 514
526 544
788 799
914 925
202 209
426 445
310 324
347 365
391 399
666 684
13 28
656 675
962 969
5 11
511 522
749 756
154 156
807 818
582 586
572 579
949 964
717 734
310 323
303 310
207 225
477 491
962 968
742 747
316 334
119 134
77 84
543 554
927 936
110 125
120 126
485 486
885 887
265 273
58 66
912 920
169 180
933 939
800 807
181 192
791 804
278 286
339 351
28 32
352 357
697 708
488 499
552 559
918 930
629 641
149 164
837 851
12 20
90 100
8 26
739 747
695 703
450 459
298 309
861 866
127 141
856 873
133 142
146 160
915 917
737 748
482 490
240 246
187 199
120 135
640 652
978 992
169 181
880 893
510 522
615 624
218 227
344 353
442 448
954 961
300 313
72 77
773 784
192 200
326 339
29 45
732 740
895 904
174 176
691 700
14 18
473 482
714 716
955 960
851 862
720 733
85 104
879 891
584 592
409 416
834 845
427 438
871 882
680 688
388 402
888 900
337 353
470 482
280 293
15 23
188 197
258 273
878 887
96 108
787 799
144 147
565 568
479 492
157 166
957 970
310 318
582 591
574 580
277 289
331 344
405 409
611 625
779 794
201 207
811 822
750 758
384 391
393 399
558 567
436 454
745 751
931 939
793 798
279 291
855 861
7 26
781 793
362 367
72 80
500 511
89 97
161 166
682 686
905 912
52 62
931 945
392 396
601 612
12 19
575 584
81 91
700 712
526 541
913 918
971 983
337 349
960 966
440 447
342 353
432 445
377 388
6 11
201 212
790 797
111 120
890 904
46 54
338 350
46 52
647 660
134 145
681 693
806 823
32 47
548 563
182 188
123 130
297 313
699 714
622 626
601 608
38 41
754 762
626 644
112 117
921 934
899 913
740 746
447 463
926 942
969 983
138 151
49 55
860 866
666 679
358 369
84 104
514 521
834 842
810 824
972 983
533 541
410 421
402 415
71 78
919 934
162 166
803 806
91 97
482 489
476 493
598 606
224 233
2 14
611 624
376 391
254 258
451 462
292 298
131 140
912 919
678 689
814 820
953 956
724 727
72 81
864 868
156 171
844 847
553 565
281 293
231 236
174 177
503 506
641 655
960 967
526 537
789 800
680 686
822 833
546 559
64 79
847 859
803 811
396 415
478 492
145 150
919 932
708 725
917 932
774 779
868 884
268 276
980 995
324 329
470 477
63 76
404 409
128 141
598 611
641 647
906 919
966 980
898 914
802 813
951 963
762 767
371 385
206 220
125 133
888 904
728 736
684 686
783 786
44 53
62 82
90 102
320 334
239 251
938 955
781 795
750 763
769 784
204 210
832 838
112 120
20 33
916 932
747 764
391 400
376 390
857 868
592 596
794 797
8 27
863 875
537 552
314 325
150 165
117 133
555 563
458 471
502 515
15 21
88 97
879 887
65 81
523 531
803 815
10 27
319 330
175 178
733 744
79 85
442 454
162 173
542 550
270 283
501 512
267 282
957 966
852 857
256 267
695 698
522 529
628 644
923 929
99 107
621 634
901 910
291 299
684 692
5 17
544 553
678 686
631 639
571 585
155 160
296 314
619 626
471 476
841 847
238 251
268 283
262 267
166 185
504 507
760 774
539 552
648 661
937 948
762 775
38 44
250 259
97 107
205 211
80 89
22 30
418 430
202 207
873 881
632 640
407 418
83 87
890 896
675 679
228 245
402 409
826 844
687 698
484 489
62 80
671 683
261 272
466 480
979 994
137 146
218 229
146 165
936 950
663 672
838 849
948 963
785 790
577 586
61 62
628 637
593 599
825 827
481 487
251 264
694 699
205 210
799 813
27 29
966 979
555 562
189 200
310 322
889 902
621 635
601 606
683 692
75 88
828 845
433 442
903 910
309 317
956 968
822 828
787 796
56 63
202 208
619 632
506 517
688 699
712 723
784 791
459 473
694 702
952 963
434 442
772 785
228 237
782 795
656 674
375 383
680 694
340 348
861 875
253 257
208 221
351 359
681 688
671 680
177 188
841 855
482 486
256 269
918 933
123 132
816 834
847 862
368 381
281 288
228 244
859 870
512 525
647 656
661 673
43 59
190 204
990 997
394 396
254 263
739 750
823 830
935 941
103 113
904 912
393 398
639 646
720 726
878 894
637 652
501 506
209 218
220 233
834 841
428 441
273 279
588 605
511 518
972 980
695 700
590 602
812 819
881 886
186 197
907 922
131 136
379 386
639 654
6 15
314 321
855 857
61 67
622 630
569 580
752 763
383 389
4 17
422 428
10 26
835 844
822 834
414 416
315 323
31 50
321 326
731 738
889 905
734 742
17 26
98 111
436 449
159 174
345 350
472 478
1 17
460 475
402 414
195 197
789 796
742 748
274 282
76 92
441 450
1 15
811 818
437 448
243 255
538 553
729 738
989 998
24 34
645 650
378 394
438 452
220 228
969 982
774 785
317 333
837 846
248 264
906 920
310 325
92 102
601 614
756 768
910 924
332 340
171 177
354 358
638 653
443 451
383 392
46 53
418 426
158 175
186 205
431 437
660 667
623 629
178 190
323 329
625 626
499 508
338 354
100 113
683 686
279 293
831 843
47 61
946 958
870 876
981 990
124 126
370 383
717 726
741 753
572 585
325 326
169 177
335 340
360 371
259 273
808 823
529 540
851 858
42 51
454 461
708 719
618 632
61 65
614 621
936 948
364 368
361 375
847 858
192 196
720 729
312 316
296 307
199 211
568 579
640 646
134 140
82 92
577 590
706 720
272 277
65 73
470 476
465 468
939 953
812 825
334 336
498 515
10 22
355 364
824 826
215 224
63 73
727 738
470 478
350 365
166 182
759 767
104 113
42 61
774 776
864 869
878 895
163 174
413 424
374 382
92 97
218 235
135 142
217 232
417 431
262 274
446 462
739 754
293 305
490 504
728 743
576 593
800 809
258 270
282 288
861 868
296 308
318 334
852 861
784 789
329 342
33 46
340 354
315 324
903 914
412 424
215 222
431 444
679 687
644 655
417 428
440 452
735 742
477 486
255 263
34 46
472 480
521 535
243 248
192 197
377 393
805 814
793 804
214 223
69 76
224 231
620 632
755 763
263 269
285 287
520 528
900 908
208 217
700 711
631 637
665 668
410 424
836 849
81 85
468 479
401 413
816 835
545 554
290 299
365 373
724 729
850 858
537 546
653 656
49 58
864 870
169 178
560 566
381 392
984 986
863 867
203 215
623 630
52 65
244 248
51 63
445 448
614 623
612 625
570 581
443 455
825 834
688 705
104 108
883 887
970 982
580 586
94 101
328 336
788 797
549 562
688 704
85 100
112 116
147 159
800 813
989 996
63 78
217 228
509 524
462 468
816 828
604 610
849 857
3 15
953 957
758 775
642 649
221 233
239 253
431 439
803 810
853 859
874 885
859 866
427 440
340 355
31 40
268 284
712 719
505 512
188 204
958 971
815 816
426 442
939 950
542 551
145 149
471 483
467 485
845 850
25 35
475 477
463 466
382 390
881 892
690 698
47 52
125 134
32 45
138 152
907 918
600 612
906 917
449 458
58 67
661 674
596 614
909 916
11 18
219 231
166 179
306 319
496 512
969 981
559 570
47 53
630 638
451 459
284 293
713 724
420 428
795 796
135 141
916 927
344 348
567 585
292 304
903 909
114 119
77 85
810 819
285 289
501 513
934 937
160 172
684 691
153 159
579 587
838 850
568 576
71 75
598 607
487 500
594 601
213 225
363 370
269 283
44 51
123 127
264 268
257 271
241 253
319 327
640 653
895 899
118 130
735 739
930 941
677 695
20 30
180 193
579 586
458 473
642 647
727 736
331 337
276 295
759 775
376 388
779 787
751 762
751 756
343 350
193 197
747 765
726 742
89 104
680 692
322 326
731 739
707 721
314 323
66 74
614 620
484 493
632 637
517 529
153 162
910 918
5 10
793 797
162 171
781 788
517 532
676 687
84 100
18 33
795 797
217 229
648 657
418 433
544 551
292 300
798 812
676 692
138 150
409 417
823 834
972 985
33 47
857 866
122 126
48 60
267 283
717 733
666 680
841 848
866 881
469 481
652 659
412 423
443 452
83 92
117 131
37 45
539 547
723 731
278 291
833 837
235 240
66 76
79 87
98 107
915 918
122 128
335 341
345 352
141 150
265 274
926 941
49 57
695 696
605 614
548 565
616 631
280 292
75 94
526 539
255 259
267 284
938 952
245 248
240 252
99 112
308 325
618 629
544 546
958 970
845 853
830 836
29 44
867 885
57 72
454 458
150 158
123 126
937 954
828 843
229 244
351 358
311 317
452 464
541 548
654 663
118 134
832 840
947 958
807 822
231 244
598 610
945 951
184 190
309 322
301 308
698 709
813 820
620 633
413 425
433 438
504 510
838 847
605 609
298 307
26 33
583 592
563 572
849 862
359 372
546 563
797 815
454 463
281 287
238 253
858 872
573 579
304 307
540 553
771 776
213 217
133 145
712 718
455 459
356 367
143 149
78 88
841 852
399 413
828 837
246 265
685 689
253 260
142 153
498 514
789 802
747 759
748 765
456 468
902 915
858 867
226 237
943 951
758 767
480 486
595 604
706 719
334 342
847 861
72 82
224 227
572 577
58 70
956 969
804 815
185 192
457 471
490 501
657 669
460 466
645 651
195 196
68 80
546 564
208 216
481 490
747 758
508 521
184 186
588 596
80 87
21 30
387 401
788 804
524 527
967 984
311 316
650 663
211 218
793 801
922 934
412 421
678 691
842 851
262 266
307 321
790 802
254 265
637 649
85 98
749 758
647 661
982 995
205 212
82 88
243 252
483 495
244 246
550 557
811 824
335 343
380 387
168 179
938 947
57 69
463 474
591 603
418 427
713 719
579 588
907 925
824 833
658 669
21 29
285 293
876 888
950 958
937 949
385 394
547 561
861 874
335 339
416 435
207 223
372 383
474 482
632 643
355 363
266 280
66 81
219 228
655 658
110 123
354 356
524 526
73 93
720 732
781 786
573 585
227 245
965 969
446 457
796 811
174 183
777 791
260 266
528 537
841 849
667 678
540 551
400 411
52 72
858 874
866 884
60 67
882 890
204 211
101 109
843 852
27 34
480 495
916 933
324 332
570 578
35 49
830 842
237 249
225 231
302 314
832 839
503 510
969 977
607 623
253 262
789 804
141 155
578 594
260 271
346 357
442 450
315 319
209 220
284 286
297 310
895 896
982 993
699 706
156 170
533 545
954 965
372 380
344 347
910 921
949 962
124 127
718 730
691 697
909 917
601 609
619 633
610 623
821 826
36 46
768 784
756 772
514 523
233 237
776 791
933 945
984 990
739 753
290 297
585 594
115 117
670 683
280 289
293 299
430 438
143 146
128 140
958 969
150 157
428 440
94 100
666 682
652 657
682 695
376 392
213 224
448 463
682 691
327 336
67 82
702 710
839 848
569 581
651 656
818 826
743 750
949 958
792 798
859 872
164 173
597 614
250 262
30 49
275 282
90 97
43 53
44 60
62 75
694 701
635 641
746 763
465 471
295 304
778 790
271 285
656 667
113 122
457 470
716 729
607 616
604 613
484 492
541 550
750 759
215 218
536 548
295 300
725 728
571 579
439 451
979 992
497 511
501 507
482 487
445 454
643 646
175 182
829 836
336 349
617 635
248 257
959 975
261 266
282 289
892 903
483 488
254 256
811 816
258 274
32 49
108 125
47 54
769 781
534 541
232 236
85 101
963 969
202 210
876 891
698 714
68 81
720 735
97 112
16 23
904 908
544 552
445 452
134 141
819 831
410 416
70 82
667 676
355 359
32 50
834 837
586 599
435 440
713 722
938 946
330 345
682 688
357 374
20 37
16 24
264 273
774 778
50 55
99 114
608 619
234 239
752 757
294 300
653 659
725 733
387 398
822 829
691 699
299 313
394 401
423 435
428 437
42 60
593 596
45 59
627 641
518 530
241 252
116 130
23 36
757 766
608 621
862 874
955 957
966 977
477 490
210 224
279 286
667 680
594 598
278 290
156 167
899 907
762 774
448 460
377 392
30 48
590 599
258 269
746 765
968 982
937 950
880 895
471 480
628 645
396 414
712 717
944 947
718 731
554 559
676 693
485 488
772 784
651 658
543 552
255 257
726 744
280 288
125 132
484 487
732 738
153 165
28 33
414 420
490 503
432 440
249 263
655 663
294 303
12 24
384 390
484 491
471 485
725 731
253 258
439 447
327 338
794 800
321 332
937 946
42 58
931 942
195 202
593 605
420 427
308 320
781 792
495 498
849 865
122 130
299 312
851 856
173 184
61 64
228 241
554 561
1 9
336 350
851 857
165 169
971 978
967 978
877 886
924 927
187 203
765 774
711 722
252 257
935 942
779 786
878 891
661 675
730 743
279 287
735 737
173 178
243 249
96 112
212 220
227 240
714 723
473 481
416 431
799 814
62 74
834 838
979 991
596 613
625 627
938 950
453 456
331 345
697 710
149 161
672 681
587 596
411 416
937 952
600 608
684 690
463 472
977 990
65 74
928 936
325 333
329 336
625 629
656 668
685 690
618 631
92 95
704 708
870 879
913 922
398 409
566 582
242 248
170 182
715 717
980 991
260 272
670 678
401 409
68 83
776 794
9 24
825 832
609 620
231 242
326 344
636 648
393 404
99 106
236 250
957 968
280 294
680 689
130 144
184 193
173 185
84 98
465 469
510 525
333 344
537 551
362 366
188 201
636 652
233 244
108 120
693 702
806 818
236 249
243 247
491 505
199 208
452 463
765 768
453 458
803 808
298 310
69 83
489 504
198 209
980 989
353 359
212 225
755 758
925 934
71 77
817 829
383 391
201 206
17 18
444 447
968 977
733 745
210 222
264 266
560 571
675 682
764 766
230 238
101 108
729 745
769 782
179 194
71 83
261 274
283 289
545 553
90 99
557 573
502 510
762 769
512 520
142 151
297 308
151 164
316 330
401 410
530 544
854 865
975 978
366 378
436 453
349 363
51 72
845 851
333 345
649 661
5 12
115 121
887 901
928 941
808 821
601 615
882 889
775 776
404 406
846 859
640 648
303 309
475 480
498 507
591 596
215 221
153 157
482 488
303 315
289 301
263 266
23 38
563 571
122 131
489 498
426 439
244 251
292 297
478 487
135 143
29 50
766 784
609 616
689 697
706 723
754 759
437 454
843 849
633 645
377 391
697 711
376 394
714 725
267 280
591 599
553 558
51 65
817 832
681 689
437 449
519 533
37 50
101 106
844 846
392 397
436 455
344 349
415 424
905 907
142 150
901 907
588 599
145 151
860 868
22 35
130 142
365 371
160 168
897 909
655 664
715 721
853 861
463 468
547 558
930 945
592 601
377 390
944 948
933 941
886 898
727 740
312 324
664 666
561 569
881 888
677 690
679 686
317 329
657 671
39 41
77 86
463 470
948 957
460 474
34 50
717 730
757 775
808 817
825 833
648 665
748 757
442 453
57 63
565 574
774 777
402 406
746 759
831 837
641 653
536 549
111 124
823 829
288 302
735 736
844 848
139 146
538 546
657 668
510 523
930 939
471 482
347 359
711 724
885 891
669 680
91 104
540 547
93 103
620 626
803 812
834 839
257 273
676 695
874 883
666 685
132 138
875 876
515 517
787 801
335 337
37 41
882 888
848 863
441 452
359 366
740 747
508 519
518 533
958 975
180 195
440 454
449 462
264 275
168 185
446 461
429 436
108 116
126 141
445 447
946 960
985 988
715 722
373 381
675 678
322 327
553 559
194 198
793 796
270 276
976 989
123 131
909 922
417 432
81 93
211 224
265 271
364 373
321 327
721 734
65 83
804 806
95 113
174 181
522 535
193 205
764 772
78 87
571 584
348 359
977 992
560 567
961 968
778 795
871 877
155 158
670 676
416 432
623 634
499 514
869 882
329 344
924 935
558 570
475 482
832 844
915 923
624 635
327 339
322 335
446 459
726 743
120 132
808 822
63 80
449 457
119 127
619 627
716 731
528 545
89 105
76 90
385 393
70 74
574 576
494 502
878 886
109 124
842 853
65 82
734 739
921 927
236 252
602 608
376 387
68 82
593 598
100 108
911 918
666 683
427 444
801 808
288 296
145 148
378 390
497 510
804 813
558 566
434 440
917 930
454 462
226 241
348 362
529 538
643 655
982 991
924 933
633 642
917 935
528 539
487 503
321 335
272 278
681 692
161 167
600 609
314 316
775 782
423 431
951 957
202 206
328 337
360 369
561 567
566 584
833 844
546 565
232 243
107 123
210 225
437 455
202 213
725 732
405 406
301 309
364 372
328 345
845 854
288 300
507 516
82 89
903 908
121 129
528 541
846 863
723 729
330 338
517 531
826 841
225 226
583 591
528 544
222 231
865 871
162 174
170 176
879 894
530 536
860 873
48 51
946 962
652 661
579 594
839 846
258 271
37 47
922 935
782 791
812 823
713 721
154 157
967 981
819 827
924 932
907 920
354 357
46 61
347 362
71 79
926 944
408 417
148 156
926 943
554 562
517 526
419 427
663 670
50 57
378 389
263 275
394 399
45 60
177 186
317 334
176 194
255 264
7 19
786 801
28 29
424 428
121 126
437 453
142 148
945 949
954 958
784 786
405 413
890 897
821 832
126 138
773 778
121 128
838 853
566 577
543 548
495 500
478 489
295 298
76 86
326 340
875 881
272 276
610 617
621 632
840 851
35 42
105 106
613 625
368 385
109 123
47 57
811 823
770 777
322 330
235 243
961 970
268 282
21 31
551 558
799 806
927 938
351 365
433 444
178 189
234 237
455 458
850 856
506 520
42 56
761 769
730 739
418 429
679 691
66 82
899 908
595 602
884 887
753 757
955 962
616 629
826 842
629 636
504 511
320 327
174 180
539 548
394 405
936 953
188 202
259 266
337 352
71 74
306 322
909 924
833 839
709 724
216 230
877 890
93 96
527 543
877 894
249 257
820 835
405 408
233 238
20 35
106 118
47 56
788 801
464 472
632 639
647 659
41 60
52 71
405 412
971 976
421 434
356 368
699 713
476 491
307 324
767 782
453 459
729 736
507 521
843 855
7 28
464 475
50 51
804 809
325 332
587 599
686 701
807 821
98 106
115 123
967 985
896 909
192 205
175 183
480 487
689 703
57 67
87 95
840 854
710 724
457 466
434 438
568 585
288 304
510 518
777 794
105 109
631 645
293 298
931 938
