1000 2000 50
1 2 1 1 1 4 1 2 5 13 55 1 6 21 1 7 29 2 7 31 5 8 33 60 20 12 18 85 12 6 18 69 33 10 6 16 91 12 7 19 113 12 8 14 61 2 4 11 43 1 
1 2
1 3
2 4
4 5
5 6
6 7
6 8
6 9
6 10
9 11
11 12
11 13
12 14
12 15
12 16
12 17
13 18
14 19
14 20
14 21
15 22
15 23
16 24
18 25
18 26
18 27
18 28
18 29
18 30
18 31
19 32
20 33
20 34
20 35
20 36
20 37
20 38
20 39
21 40
21 41
21 42
22 43
22 44
22 45
22 46
22 47
22 48
23 49
23 50
23 51
23 52
23 53
23 54
24 55
24 56
25 57
26 58
26 59
26 60
26 61
26 62
26 63
26 64
27 65
27 66
27 67
27 68
27 69
28 70
29 71
29 72
29 73
29 74
30 75
30 76
30 77
30 78
30 79
30 80
31 81
31 82
31 83
31 84
31 85
31 86
86 87
87 88
87 89
87 90
87 91
87 92
87 93
88 94
88 95
88 96
88 97
89 98
89 99
89 100
89 101
89 102
89 103
89 104
90 105
91 106
91 107
91 108
91 109
91 110
92 111
92 112
93 113
93 114
114 115
115 116
115 117
115 118
115 119
115 120
115 121
115 122
116 123
116 124
116 125
116 126
116 127
116 128
116 129
117 130
117 131
117 132
117 133
118 134
118 135
118 136
118 137
118 138
119 139
119 140
119 141
120 142
120 143
120 144
121 145
121 146
121 147
121 148
121 149
121 150
150 152
152 154
152 155
152 156
152 157
152 158
152 159
154 161
154 162
154 163
154 164
154 165
154 166
154 167
155 168
155 169
155 170
155 171
155 172
156 173
156 174
156 175
156 176
158 177
158 178
159 179
159 180
159 181
159 182
159 183
159 184
159 185
185 192
192 197
192 198
192 199
192 200
192 201
192 202
192 203
197 205
197 206
197 207
197 208
197 209
198 210
198 211
198 212
199 213
199 214
199 215
199 216
199 217
199 218
199 219
200 220
200 221
200 222
200 223
200 224
200 225
200 226
201 227
201 228
202 229
203 230
203 231
203 232
203 233
203 234
203 235
203 236
236 238
238 298
238 299
298 318
298 319
299 320
299 321
299 322
318 330
318 331
318 332
318 333
319 334
319 335
319 336
319 337
320 338
320 339
320 340
320 341
320 342
320 343
320 344
322 345
322 346
330 348
330 349
330 350
330 351
330 352
330 353
331 354
331 355
331 356
331 357
331 358
333 359
333 360
333 361
333 362
334 363
334 364
334 365
334 366
334 367
334 368
334 369
335 370
336 371
336 372
336 373
337 374
337 375
337 376
337 377
337 378
337 379
338 380
339 381
339 382
339 383
339 384
339 385
339 386
340 387
340 388
340 389
340 390
340 391
341 392
343 393
343 394
343 395
343 396
346 397
346 398
346 399
346 400
346 401
401 433
433 445
433 446
433 447
433 448
445 451
445 452
445 453
445 454
445 455
446 456
446 457
446 458
446 459
446 460
448 461
448 462
448 463
448 464
448 465
448 466
448 467
452 469
452 470
452 471
452 472
452 473
453 474
453 475
453 476
453 477
453 478
453 479
453 480
454 481
454 482
454 483
455 484
455 485
457 486
457 487
457 488
457 489
457 490
458 491
458 492
458 493
458 494
458 495
458 496
459 497
459 498
459 499
459 500
459 501
459 502
459 503
460 504
460 505
461 506
461 507
461 508
462 509
462 510
462 511
462 512
462 513
462 514
462 515
463 516
463 517
463 518
463 519
464 520
464 521
464 522
464 523
464 524
466 525
466 526
466 527
466 528
466 529
467 530
467 531
467 532
467 533
467 534
467 535
467 536
536 538
538 571
571 581
571 582
571 583
581 587
581 588
581 589
581 590
581 591
582 592
582 593
582 594
582 595
582 596
582 597
582 598
583 599
583 600
583 601
587 603
587 604
588 605
588 606
588 607
589 608
590 609
590 610
591 611
591 612
591 613
592 614
592 615
592 616
592 617
593 618
593 619
593 620
593 621
593 622
593 623
593 624
594 625
595 626
595 627
595 628
596 629
596 630
596 631
596 632
596 633
596 634
596 635
597 636
597 637
597 638
597 639
597 640
598 641
598 642
598 643
598 644
598 645
599 646
599 647
599 648
599 649
600 650
601 651
601 652
601 653
653 694
694 706
694 707
694 708
706 713
706 714
706 715
706 716
706 717
706 718
707 719
707 720
707 721
707 722
707 723
707 724
708 725
708 726
708 727
708 728
708 729
708 730
713 732
713 733
713 734
713 735
714 736
714 737
714 738
714 739
714 740
714 741
714 742
715 743
715 744
715 745
715 746
715 747
716 748
716 749
716 750
716 751
716 752
716 753
716 754
717 755
717 756
717 757
718 758
718 759
718 760
718 761
718 762
718 763
719 764
719 765
719 766
719 767
719 768
719 769
720 770
720 771
721 772
723 773
724 774
724 775
724 776
724 777
724 778
724 779
724 780
725 781
725 782
725 783
726 784
726 785
726 786
726 787
726 788
726 789
726 790
727 791
727 792
728 793
729 794
729 795
729 796
730 797
730 798
730 799
730 800
730 801
730 802
802 845
845 857
845 858
845 859
845 860
845 861
857 865
857 866
857 867
857 868
857 869
858 870
859 871
859 872
859 873
859 874
859 875
859 876
861 877
865 879
865 880
865 881
865 882
865 883
865 884
865 885
866 886
866 887
866 888
866 889
866 890
867 891
868 892
868 893
868 894
868 895
868 896
868 897
869 898
869 899
870 900
870 901
870 902
870 903
870 904
871 905
871 906
871 907
871 908
871 909
871 910
872 911
873 912
873 913
873 914
873 915
873 916
873 917
874 918
874 919
874 920
874 921
875 922
875 923
875 924
875 925
876 926
876 927
876 928
877 929
877 930
877 931
877 932
932 940
940 942
940 943
940 944
943 946
943 947
943 948
943 949
943 950
943 951
943 952
944 953
944 954
944 955
947 957
947 958
948 959
948 960
948 961
948 962
948 963
948 964
948 965
949 966
949 967
949 968
949 969
950 970
950 971
951 972
951 973
951 974
952 975
952 976
952 977
952 978
952 979
953 980
953 981
953 982
953 983
953 984
953 985
953 986
954 987
954 988
954 989
954 990
954 991
955 992
955 993
955 994
994 1000
995 1000
996 1000
997 1000
998 1000
999 1000
956 999
945 956
941 945
933 941
934 941
935 941
936 941
937 941
938 941
939 941
878 939
862 878
863 878
864 878
846 862
847 862
848 862
849 863
850 863
851 864
852 864
853 864
854 864
855 864
856 864
803 847
804 847
805 847
806 848
807 848
808 848
809 848
810 848
811 848
812 850
813 850
814 850
815 850
816 850
817 851
818 852
819 852
820 853
821 853
822 853
823 853
824 853
825 853
826 854
827 854
828 854
829 854
830 854
831 854
832 855
833 855
834 855
835 855
836 855
837 855
838 855
839 856
840 856
841 856
842 856
843 856
844 856
731 844
709 731
710 731
711 731
712 731
695 709
696 709
697 709
698 709
699 710
700 710
701 711
702 711
703 711
704 711
705 712
654 695
655 695
656 695
657 695
658 695
659 695
660 695
661 697
662 698
663 698
664 699
665 699
666 699
667 699
668 700
669 700
670 700
671 700
672 700
673 701
674 701
675 701
676 703
677 703
678 703
679 703
680 703
681 703
682 704
683 704
684 704
685 704
686 704
687 705
688 705
689 705
690 705
691 705
692 705
693 705
602 693
584 602
585 602
586 602
572 584
573 584
574 584
575 584
576 584
577 585
578 585
579 585
580 585
539 572
540 572
541 573
542 573
543 573
544 573
545 574
546 575
547 575
548 576
549 576
550 576
551 576
552 576
553 576
554 576
555 577
556 577
557 577
558 577
559 577
560 577
561 577
562 578
563 578
564 578
565 578
566 580
567 580
568 580
569 580
570 580
537 570
468 537
449 468
450 468
434 449
435 449
436 449
437 449
438 449
439 449
440 450
441 450
442 450
443 450
444 450
402 434
403 434
404 434
405 434
406 435
407 435
408 435
409 435
410 435
411 436
412 436
413 436
414 437
415 439
416 440
417 440
418 440
419 440
420 441
421 441
422 441
423 443
424 443
425 443
426 443
427 443
428 443
429 444
430 444
431 444
432 444
347 432
323 347
324 347
325 347
326 347
327 347
328 347
329 347
300 323
301 323
302 323
303 324
304 324
305 324
306 324
307 324
308 325
309 325
310 325
311 325
312 326
313 326
314 327
315 327
316 327
317 329
239 300
240 300
241 300
242 300
243 300
244 300
245 300
246 301
247 301
248 301
249 301
250 301
251 301
252 302
253 302
254 302
255 302
256 302
257 304
258 306
259 306
260 306
261 306
262 307
263 307
264 307
265 308
266 308
267 308
268 308
269 308
270 308
271 309
272 309
273 310
274 310
275 310
276 312
277 312
278 312
279 312
280 312
281 314
282 314
283 314
284 314
285 314
286 314
287 316
288 316
289 316
290 316
291 316
292 316
293 317
294 317
295 317
296 317
297 317
237 297
204 237
193 204
194 204
195 204
196 204
186 193
187 195
188 196
189 196
190 196
191 196
160 191
153 160
151 153
346 366
725 779
467 494
872 916
591 683
730 774
731 732
857 873
231 263
848 861
321 335
160 166
156 191
156 162
460 485
595 688
714 765
343 398
484 538
873 900
227 275
723 829
442 445
198 231
722 830
207 257
875 926
342 391
456 470
202 206
708 722
589 681
723 770
155 166
784 845
725 841
333 354
90 99
29 48
315 322
707 716
578 584
485 552
313 322
341 413
126 153
327 336
125 153
709 713
724 790
317 321
448 452
334 409
468 471
218 255
447 451
122 135
201 212
870 888
715 827
233 245
155 189
409 437
154 171
342 415
601 609
206 281
90 95
951 964
200 231
956 995
719 801
496 552
321 346
21 78
707 730
490 557
215 272
874 895
822 845
234 266
328 330
19 68
717 842
24 66
463 522
14 23
460 474
593 610
116 133
262 311
28 67
152 160
117 129
309 322
232 250
719 831
719 809
347 355
865 895
720 757
956 957
19 44
591 678
157 168
714 766
948 976
27 43
516 565
848 858
471 570
333 393
90 100
461 522
951 976
209 238
221 245
722 766
577 581
872 885
321 334
234 264
345 360
92 105
17 19
725 814
345 424
335 429
601 622
877 919
719 737
669 705
590 677
720 827
875 908
599 632
595 645
158 166
454 537
120 134
457 511
211 253
199 212
940 945
341 374
339 367
717 762
451 494
724 744
876 930
497 542
29 77
717 770
188 193
948 978
120 135
194 200
89 107
865 914
731 783
455 515
24 50
877 901
222 297
216 288
337 398
7 11
453 487
343 350
334 350
229 245
711 715
724 762
438 446
953 964
202 209
347 370
465 535
946 963
320 331
334 429
198 236
30 83
203 220
212 272
195 202
723 795
468 500
373 444
601 616
877 906
867 898
624 701
725 741
459 529
853 857
722 789
703 712
197 225
861 876
340 366
344 372
712 719
599 639
599 668
465 499
13 17
126 152
862 866
950 984
515 539
725 784
29 84
205 261
317 323
451 536
856 858
591 688
717 783
356 435
209 281
497 544
454 490
592 669
203 212
116 144
176 196
232 240
715 758
337 417
719 797
591 646
457 485
461 524
869 929
342 360
595 631
459 513
728 790
159 165
956 963
724 784
699 712
700 707
202 221
946 996
26 44
10 11
587 664
447 468
726 752
789 854
93 105
947 977
461 484
197 222
478 557
158 189
711 718
731 840
574 586
726 769
869 924
554 579
481 544
339 389
953 979
598 605
854 860
26 77
207 266
455 524
897 940
947 993
719 821
88 109
119 134
595 660
100 115
501 546
333 365
177 195
330 368
949 988
947 973
453 526
714 778
25 79
213 273
538 577
29 57
730 752
587 606
709 720
954 970
159 172
589 628
292 302
871 903
727 824
791 847
725 832
452 494
585 597
122 142
600 642
776 846
618 702
229 284
877 883
460 477
860 869
462 517
587 651
520 565
463 471
27 70
434 446
865 939
950 969
948 973
952 959
451 477
595 652
596 655
953 989
592 677
581 598
953 959
343 348
327 330
600 685
594 630
227 266
160 165
948 992
237 266
19 86
878 933
599 676
562 573
519 568
439 446
217 263
187 192
873 926
399 443
952 964
240 309
713 842
860 870
118 140
942 950
717 777
877 902
950 968
301 325
723 799
201 217
870 899
951 993
338 394
259 303
231 260
871 888
459 509
121 132
449 461
860 868
460 533
945 954
264 305
594 606
591 641
720 815
949 963
234 289
720 779
445 464
956 959
258 302
716 780
335 394
202 233
268 298
25 76
602 680
594 670
715 835
210 291
596 679
338 405
88 100
91 104
205 273
8 11
318 343
453 507
461 537
716 739
215 252
600 682
339 432
157 170
30 37
728 772
338 379
601 633
627 700
117 143
715 751
336 366
461 496
446 453
345 382
592 648
218 244
234 292
602 603
946 999
198 215
725 737
338 378
20 44
457 484
593 643
876 922
599 671
457 513
951 983
204 220
469 566
486 541
449 463
900 941
23 72
589 685
199 227
406 436
475 558
730 839
226 296
588 669
269 305
448 468
483 567
717 808
235 239
205 251
581 594
343 397
584 589
155 175
26 70
717 747
347 384
726 774
600 672
498 551
602 634
26 41
590 681
450 461
449 454
586 597
876 932
89 114
731 776
867 921
201 218
451 500
728 843
340 363
721 775
708 724
873 934
717 765
160 170
448 454
724 770
602 673
336 356
226 270
337 430
877 928
26 46
465 490
20 78
217 285
153 159
199 231
460 484
872 906
728 807
875 912
232 259
14 22
199 229
231 283
585 598
522 568
336 359
195 200
595 630
21 67
3 4
248 316
342 382
223 240
210 274
467 503
602 647
119 136
588 611
728 803
731 829
415 436
24 67
477 542
197 228
333 427
343 411
153 155
344 355
450 457
91 96
279 311
345 359
715 752
720 842
546 573
858 872
456 506
330 398
717 814
724 825
302 328
21 65
711 726
199 230
238 304
217 259
346 387
505 567
183 196
454 489
346 415
120 132
465 530
233 263
27 53
950 974
862 870
549 579
467 479
214 272
458 481
17 20
656 705
947 985
203 225
676 701
845 862
347 413
955 979
942 947
17 30
445 458
720 838
117 150
266 314
665 696
600 658
875 895
523 553
479 566
339 349
721 815
729 770
878 892
324 343
23 79
595 607
867 934
449 453
18 23
452 484
460 527
210 265
468 485
596 613
333 382
728 747
212 240
713 824
217 262
710 729
93 102
717 796
461 533
198 229
715 734
721 784
455 487
717 775
26 53
117 124
337 431
455 471
731 752
303 328
781 850
948 980
139 152
877 936
27 83
723 804
591 623
313 323
458 477
950 989
343 417
601 672
343 389
588 672
710 713
708 720
548 579
30 82
589 632
291 302
119 130
19 50
205 276
546 580
877 911
877 937
587 689
203 214
595 655
468 492
203 224
480 552
598 613
20 86
516 567
591 650
156 163
120 145
208 247
17 26
218 239
116 140
731 798
744 850
719 807
592 691
862 872
866 926
331 375
719 824
717 759
227 261
339 410
455 508
729 791
339 363
232 296
955 995
956 983
538 573
343 401
725 761
861 867
333 404
23 56
866 895
717 812
326 338
717 763
119 143
602 645
725 754
298 329
594 656
201 215
725 755
714 760
655 700
700 708
333 376
157 178
865 924
645 701
330 366
226 297
331 429
320 347
956 972
314 324
346 348
22 39
342 350
214 289
454 501
874 888
956 979
177 192
455 504
867 885
468 484
713 803
93 107
596 609
202 228
344 419
331 423
588 623
209 246
726 739
157 167
727 778
465 487
120 146
729 803
726 806
707 714
871 913
592 622
465 506
121 123
453 523
160 168
275 317
342 367
212 280
204 234
873 911
89 111
342 423
457 470
872 898
21 81
469 563
954 965
314 325
582 591
448 457
721 839
869 936
867 909
951 958
335 405
720 767
721 781
870 885
952 958
156 178
948 972
336 418
26 49
599 619
330 427
14 31
212 266
204 230
473 566
709 714
942 949
594 648
875 891
595 671
723 746
212 282
220 239
580 582
945 955
503 569
821 852
448 453
583 593
215 240
198 207
583 591
451 483
155 180
452 488
275 302
722 820
388 441
117 148
878 883
594 610
459 525
338 420
951 994
198 216
947 990
597 648
950 996
90 108
874 934
865 929
436 445
461 501
869 895
90 98
382 438
867 916
91 98
451 535
20 56
713 776
597 624
340 352
460 529
454 529
155 162
524 552
492 539
457 519
447 463
466 500
949 990
697 712
339 406
119 127
468 527
338 430
334 377
337 391
462 496
599 681
713 817
121 140
344 348
25 41
460 516
332 430
723 833
767 855
228 281
226 262
315 324
345 374
17 31
598 603
692 694
25 70
345 365
30 64
454 480
215 247
337 350
714 826
305 323
952 968
446 455
505 539
226 283
160 175
221 264
210 263
599 692
585 589
346 384
718 770
592 633
695 707
869 888
715 741
945 946
839 849
339 420
325 345
634 700
331 403
275 308
777 847
600 656
447 459
401 442
598 660
310 318
725 837
954 977
721 837
590 658
24 45
338 349
869 906
173 192
954 998
19 37
200 208
21 71
343 430
726 749
253 311
228 292
871 886
120 123
724 789
235 261
153 156
592 661
602 643
601 614
326 341
222 261
709 723
521 539
869 926
867 900
332 429
447 461
19 63
463 491
206 267
460 500
947 967
436 447
124 152
212 267
342 365
584 595
221 257
730 763
140 152
197 224
453 484
205 280
949 961
158 183
869 927
320 346
880 941
159 175
212 264
662 705
946 991
478 567
465 482
954 978
729 830
337 418
230 252
156 179
458 535
225 244
227 265
19 72
119 123
728 782
335 418
867 902
21 33
878 919
729 771
956 981
719 836
159 166
468 487
339 372
457 510
600 659
942 948
203 217
160 163
415 444
867 930
214 296
727 786
871 921
335 385
601 663
718 767
225 285
200 217
347 402
464 534
364 443
15 21
334 373
337 419
587 624
873 897
20 43
601 692
154 182
515 538
952 980
876 931
947 983
871 930
224 252
345 412
92 109
223 265
500 553
462 503
