1000 5000 25
21 41 41 41 41 41 41 41 41 42 42 42 42 42 42 42 42 42 42 42 42 42 42 42 21 
1 22
22 63
63 104
104 145
145 186
186 227
227 268
268 309
309 350
350 392
392 434
434 476
476 518
518 560
560 602
602 644
644 686
686 728
728 770
770 812
812 854
854 896
896 938
938 980
939 980
897 939
855 897
813 855
771 813
729 771
687 729
645 687
603 645
561 603
519 561
477 519
435 477
393 435
351 393
310 351
269 310
228 269
187 228
146 187
105 146
64 105
23 64
2 23
2 24
24 65
65 106
106 147
147 188
188 229
229 270
270 311
311 352
352 394
394 436
436 478
478 520
520 562
562 604
604 646
646 688
688 730
730 772
772 814
814 856
856 898
898 940
940 981
941 981
899 941
857 899
815 857
773 815
731 773
689 731
647 689
605 647
563 605
521 563
479 521
437 479
395 437
353 395
312 353
271 312
230 271
189 230
148 189
107 148
66 107
25 66
3 25
3 26
26 67
67 108
108 149
149 190
190 231
231 272
272 313
313 354
354 396
396 438
438 480
480 522
522 564
564 606
606 648
648 690
690 732
732 774
774 816
816 858
858 900
900 942
942 982
943 982
901 943
859 901
817 859
775 817
733 775
691 733
649 691
607 649
565 607
523 565
481 523
439 481
397 439
355 397
314 355
273 314
232 273
191 232
150 191
109 150
68 109
27 68
4 27
4 28
28 69
69 110
110 151
151 192
192 233
233 274
274 315
315 356
356 398
398 440
440 482
482 524
524 566
566 608
608 650
650 692
692 734
734 776
776 818
818 860
860 902
902 944
944 983
945 983
903 945
861 903
819 861
777 819
735 777
693 735
651 693
609 651
567 609
525 567
483 525
441 483
399 441
357 399
316 357
275 316
234 275
193 234
152 193
111 152
70 111
29 70
5 29
5 30
30 71
71 112
112 153
153 194
194 235
235 276
276 317
317 358
358 400
400 442
442 484
484 526
526 568
568 610
610 652
652 694
694 736
736 778
778 820
820 862
862 904
904 946
946 984
947 984
905 947
863 905
821 863
779 821
737 779
695 737
653 695
611 653
569 611
527 569
485 527
443 485
401 443
359 401
318 359
277 318
236 277
195 236
154 195
113 154
72 113
31 72
6 31
6 32
32 73
73 114
114 155
155 196
196 237
237 278
278 319
319 360
360 402
402 444
444 486
486 528
528 570
570 612
612 654
654 696
696 738
738 780
780 822
822 864
864 906
906 948
948 985
949 985
907 949
865 907
823 865
781 823
739 781
697 739
655 697
613 655
571 613
529 571
487 529
445 487
403 445
361 403
320 361
279 320
238 279
197 238
156 197
115 156
74 115
33 74
7 33
7 34
34 75
75 116
116 157
157 198
198 239
239 280
280 321
321 362
362 404
404 446
446 488
488 530
530 572
572 614
614 656
656 698
698 740
740 782
782 824
824 866
866 908
908 950
950 986
951 986
909 951
867 909
825 867
783 825
741 783
699 741
657 699
615 657
573 615
531 573
489 531
447 489
405 447
363 405
322 363
281 322
240 281
199 240
158 199
117 158
76 117
35 76
8 35
8 36
36 77
77 118
118 159
159 200
200 241
241 282
282 323
323 364
364 406
406 448
448 490
490 532
532 574
574 616
616 658
658 700
700 742
742 784
784 826
826 868
868 910
910 952
952 987
953 987
911 953
869 911
827 869
785 827
743 785
701 743
659 701
617 659
575 617
533 575
491 533
449 491
407 449
365 407
324 365
283 324
242 283
201 242
160 201
119 160
78 119
37 78
9 37
9 38
38 79
79 120
120 161
161 202
202 243
243 284
284 325
325 366
366 408
408 450
450 492
492 534
534 576
576 618
618 660
660 702
702 744
744 786
786 828
828 870
870 912
912 954
954 988
955 988
913 955
871 913
829 871
787 829
745 787
703 745
661 703
619 661
577 619
535 577
493 535
451 493
409 451
367 409
326 367
285 326
244 285
203 244
162 203
121 162
80 121
39 80
10 39
10 40
40 81
81 122
122 163
163 204
204 245
245 286
286 327
327 368
368 410
410 452
452 494
494 536
536 578
578 620
620 662
662 704
704 746
746 788
788 830
830 872
872 914
914 956
956 989
957 989
915 957
873 915
831 873
789 831
747 789
705 747
663 705
621 663
579 621
537 579
495 537
453 495
411 453
369 411
328 369
287 328
246 287
205 246
164 205
123 164
82 123
41 82
11 41
11 42
42 83
83 124
124 165
165 206
206 247
247 288
288 329
329 370
370 412
412 454
454 496
496 538
538 580
580 622
622 664
664 706
706 748
748 790
790 832
832 874
874 916
916 958
958 990
959 990
917 959
875 917
833 875
791 833
749 791
707 749
665 707
623 665
581 623
539 581
497 539
455 497
413 455
371 413
330 371
289 330
248 289
207 248
166 207
125 166
84 125
43 84
12 43
12 44
44 85
85 126
126 167
167 208
208 249
249 290
290 331
331 372
372 414
414 456
456 498
498 540
540 582
582 624
624 666
666 708
708 750
750 792
792 834
834 876
876 918
918 960
960 991
961 991
919 961
877 919
835 877
793 835
751 793
709 751
667 709
625 667
583 625
541 583
499 541
457 499
415 457
373 415
332 373
291 332
250 291
209 250
168 209
127 168
86 127
45 86
13 45
13 46
46 87
87 128
128 169
169 210
210 251
251 292
292 333
333 374
374 416
416 458
458 500
500 542
542 584
584 626
626 668
668 710
710 752
752 794
794 836
836 878
878 920
920 962
962 992
963 992
921 963
879 921
837 879
795 837
753 795
711 753
669 711
627 669
585 627
543 585
501 543
459 501
417 459
375 417
334 375
293 334
252 293
211 252
170 211
129 170
88 129
47 88
14 47
14 48
48 89
89 130
130 171
171 212
212 253
253 294
294 335
335 376
376 418
418 460
460 502
502 544
544 586
586 628
628 670
670 712
712 754
754 796
796 838
838 880
880 922
922 964
964 993
965 993
923 965
881 923
839 881
797 839
755 797
713 755
671 713
629 671
587 629
545 587
503 545
461 503
419 461
377 419
336 377
295 336
254 295
213 254
172 213
131 172
90 131
49 90
15 49
15 50
50 91
91 132
132 173
173 214
214 255
255 296
296 337
337 378
378 420
420 462
462 504
504 546
546 588
588 630
630 672
672 714
714 756
756 798
798 840
840 882
882 924
924 966
966 994
967 994
925 967
883 925
841 883
799 841
757 799
715 757
673 715
631 673
589 631
547 589
505 547
463 505
421 463
379 421
338 379
297 338
256 297
215 256
174 215
133 174
92 133
51 92
16 51
16 52
52 93
93 134
134 175
175 216
216 257
257 298
298 339
339 380
380 422
422 464
464 506
506 548
548 590
590 632
632 674
674 716
716 758
758 800
800 842
842 884
884 926
926 968
968 995
969 995
927 969
885 927
843 885
801 843
759 801
717 759
675 717
633 675
591 633
549 591
507 549
465 507
423 465
381 423
340 381
299 340
258 299
217 258
176 217
135 176
94 135
53 94
17 53
17 54
54 95
95 136
136 177
177 218
218 259
259 300
300 341
341 382
382 424
424 466
466 508
508 550
550 592
592 634
634 676
676 718
718 760
760 802
802 844
844 886
886 928
928 970
970 996
971 996
929 971
887 929
845 887
803 845
761 803
719 761
677 719
635 677
593 635
551 593
509 551
467 509
425 467
383 425
342 383
301 342
260 301
219 260
178 219
137 178
96 137
55 96
18 55
18 56
56 97
97 138
138 179
179 220
220 261
261 302
302 343
343 384
384 426
426 468
468 510
510 552
552 594
594 636
636 678
678 720
720 762
762 804
804 846
846 888
888 930
930 972
972 997
973 997
931 973
889 931
847 889
805 847
763 805
721 763
679 721
637 679
595 637
553 595
511 553
469 511
427 469
385 427
344 385
303 344
262 303
221 262
180 221
139 180
98 139
57 98
19 57
19 58
58 99
99 140
140 181
181 222
222 263
263 304
304 345
345 386
386 428
428 470
470 512
512 554
554 596
596 638
638 680
680 722
722 764
764 806
806 848
848 890
890 932
932 974
974 998
975 998
933 975
891 933
849 891
807 849
765 807
723 765
681 723
639 681
597 639
555 597
513 555
471 513
429 471
387 429
346 387
305 346
264 305
223 264
182 223
141 182
100 141
59 100
20 59
20 60
60 101
101 142
142 183
183 224
224 265
265 306
306 347
347 388
388 430
430 472
472 514
514 556
556 598
598 640
640 682
682 724
724 766
766 808
808 850
850 892
892 934
934 976
976 999
977 999
935 977
893 935
851 893
809 851
767 809
725 767
683 725
641 683
599 641
557 599
515 557
473 515
431 473
389 431
348 389
307 348
266 307
225 266
184 225
143 184
102 143
61 102
21 61
21 62
62 103
103 144
144 185
185 226
226 267
267 308
308 349
349 390
390 432
432 474
474 516
516 558
558 600
600 642
642 684
684 726
726 768
768 810
810 852
852 894
894 936
936 978
978 1000
979 1000
937 979
895 937
853 895
811 853
769 811
727 769
685 727
643 685
601 643
559 601
517 559
475 517
433 475
391 433
924 949
95 126
468 490
497 543
706 761
61 84
129 165
918 961
232 291
352 431
635 667
159 195
699 734
30 66
443 517
555 566
101 118
502 551
417 455
325 362
159 209
241 284
750 794
48 103
682 716
551 572
949 984
918 949
401 434
711 758
640 683
66 129
25 75
439 489
17 29
180 205
788 845
200 248
694 734
825 877
757 801
509 528
56 67
1 23
400 453
2 38
189 260
860 905
756 804
820 873
431 443
613 680
368 433
104 154
373 433
549 579
203 227
919 943
211 242
533 582
469 485
755 782
450 512
421 447
802 833
690 767
718 740
370 397
152 194
229 292
571 632
780 850
554 601
918 948
90 139
704 764
596 619
280 349
43 66
900 965
963 984
315 378
930 961
728 804
219 237
736 773
93 124
956 997
8 61
555 584
816 877
354 401
748 772
693 759
677 688
888 896
554 577
434 481
268 313
227 306
707 730
432 475
631 649
433 443
920 977
736 800
71 133
916 952
541 570
296 324
518 584
757 791
706 754
145 187
62 100
920 971
889 900
780 818
381 413
402 461
218 228
643 679
743 793
430 469
112 157
75 108
298 324
416 461
726 737
807 850
389 413
347 366
115 169
194 236
349 389
737 780
933 965
302 313
712 728
57 93
827 891
637 681
23 80
716 769
390 417
336 370
640 658
111 156
761 784
2 25
524 601
773 837
618 666
346 369
87 113
878 927
725 729
946 997
751 784
866 919
559 588
895 936
337 383
666 688
31 63
422 453
368 398
435 500
665 715
575 606
757 806
29 96
6 40
15 48
289 315
856 897
944 999
623 675
132 147
7 58
921 956
505 557
226 254
361 416
977 987
890 903
554 582
580 642
334 362
376 392
150 200
317 360
325 360
779 850
474 495
541 581
571 614
548 562
909 965
50 71
207 227
175 202
976 993
320 359
618 681
739 779
549 563
510 526
5 61
110 152
763 792
715 742
115 181
306 326
936 963
660 710
110 176
478 538
21 37
375 396
802 835
658 720
479 540
425 465
134 168
900 949
682 697
312 385
298 328
566 620
670 700
603 644
215 233
172 191
525 583
86 131
223 261
279 331
446 515
409 471
218 243
473 494
757 793
478 551
152 221
307 349
393 468
289 323
611 676
177 194
8 27
720 769
28 71
572 640
693 749
434 484
771 848
886 914
121 153
78 118
216 242
865 899
965 988
945 989
197 251
847 868
624 674
304 312
521 566
820 884
552 601
742 785
457 503
543 596
455 496
922 954
751 770
769 781
300 347
35 69
134 170
608 644
306 315
167 196
832 862
51 82
603 666
8 32
442 490
187 236
512 539
384 400
162 205
920 951
430 471
853 879
805 825
187 251
845 857
716 762
412 455
621 679
147 221
351 432
575 625
560 618
41 103
299 341
712 733
270 327
232 276
797 841
278 320
692 732
502 552
941 985
733 811
818 862
812 865
413 446
9 50
552 587
124 160
722 731
554 585
113 156
832 890
485 549
43 64
780 842
187 266
46 71
26 66
635 649
204 260
900 950
173 188
873 902
714 747
840 880
965 984
121 167
22 72
43 89
88 108
857 931
101 114
311 362
252 275
622 648
589 608
573 612
719 740
673 691
21 54
796 814
202 254
276 318
757 811
800 831
60 95
824 863
61 91
979 996
920 954
774 838
249 278
353 401
637 677
215 245
257 307
657 692
152 214
403 437
685 714
912 970
51 96
490 553
560 614
377 431
358 399
83 129
70 140
158 224
720 759
385 415
451 500
149 191
434 502
14 44
244 271
852 878
758 797
341 387
935 960
321 356
364 400
691 752
204 255
548 566
147 198
4 59
478 557
845 877
258 292
832 869
502 523
810 825
447 499
67 120
336 350
617 670
9 60
701 745
674 704
94 134
960 993
625 684
413 435
89 126
662 699
790 838
22 100
362 416
134 167
149 198
867 905
307 313
674 695
812 857
813 887
933 942
671 718
898 968
718 768
883 929
291 345
89 108
844 895
766 795
417 443
969 1000
554 579
773 844
54 103
443 498
102 120
41 64
221 243
345 355
100 116
802 846
365 399
539 566
466 477
143 164
513 532
386 406
468 484
88 110
101 133
145 208
505 526
897 942
327 369
230 274
266 269
179 190
575 635
889 924
637 685
700 765
357 408
381 433
148 210
163 207
799 834
26 78
389 406
18 39
4 58
918 974
946 980
179 226
714 732
384 412
333 377
711 744
136 182
760 785
917 943
266 274
818 892
508 520
91 106
478 540
127 155
778 853
847 877
774 833
841 867
8 31
189 265
791 828
841 876
101 119
488 544
310 387
783 845
787 825
822 866
883 912
90 130
681 690
129 156
877 920
800 816
865 930
643 680
364 414
56 86
276 311
271 332
16 48
480 536
637 652
881 902
815 866
203 248
435 499
805 844
560 612
97 143
929 938
573 639
20 47
71 105
292 323
741 773
437 516
437 482
966 984
29 77
903 963
154 215
930 958
654 711
539 599
829 854
874 904
598 630
517 553
704 738
201 234
199 245
687 730
66 104
450 514
227 279
584 640
228 291
613 644
403 439
18 62
852 868
319 355
479 535
314 379
646 716
140 180
275 315
345 384
840 862
326 353
695 765
29 91
964 991
279 315
851 877
532 570
967 986
320 357
19 25
261 306
707 738
947 990
279 344
105 152
396 442
727 759
58 96
934 947
275 332
412 449
943 987
686 746
328 362
22 93
489 548
222 264
616 646
432 466
13 41
920 946
555 591
286 347
574 607
524 581
705 736
902 971
609 670
65 143
619 652
133 147
6 33
383 415
142 179
100 117
1 61
316 376
17 35
740 770
496 528
512 555
202 229
575 623
466 489
146 190
937 944
462 489
903 960
346 367
806 853
531 599
568 605
701 756
101 121
962 1000
543 589
822 890
344 380
17 23
399 474
654 697
105 178
349 387
431 466
48 76
280 325
20 43
544 588
295 335
26 77
86 119
273 348
974 982
67 118
349 369
230 268
833 858
415 451
256 279
572 633
760 790
591 640
606 673
219 261
460 506
404 473
319 374
39 83
168 190
773 834
69 120
881 904
325 385
874 905
196 247
300 331
168 200
13 43
127 147
834 859
822 862
519 597
426 447
967 990
187 264
613 673
233 295
226 233
686 738
299 309
782 840
539 563
291 338
12 39
884 908
397 471
161 199
801 848
730 802
823 889
231 307
61 75
106 175
662 720
725 757
368 429
650 695
745 777
146 219
130 178
847 857
265 276
838 882
456 509
253 276
51 95
379 406
658 694
745 804
433 451
432 437
559 595
858 915
583 608
187 246
173 226
736 807
53 92
548 563
750 798
16 50
57 65
506 556
568 643
749 811
756 797
314 369
443 506
661 707
435 515
509 554
882 911
893 906
899 978
333 378
104 172
52 96
459 488
573 623
137 162
486 541
230 304
255 270
519 584
469 495
528 563
799 818
798 832
721 748
246 302
194 246
619 657
659 709
504 544
111 182
798 816
367 422
267 306
691 742
305 319
796 829
353 397
211 264
868 898
352 412
148 200
794 812
695 754
112 149
470 497
715 745
144 158
274 338
604 667
635 684
737 784
241 292
302 336
354 399
870 910
125 169
57 77
323 379
355 396
205 227
484 543
563 619
139 145
837 862
856 932
855 933
825 892
417 454
297 309
766 776
788 831
23 85
34 67
157 200
19 28
348 379
637 649
210 256
608 669
30 80
391 406
970 987
873 901
870 922
262 283
564 633
790 818
513 556
890 907
234 308
813 863
694 753
519 564
860 933
446 489
498 543
665 710
616 647
722 763
884 923
633 660
947 986
408 445
852 885
758 780
802 840
772 837
767 796
275 345
346 371
827 882
541 566
171 208
785 832
728 796
723 735
595 629
818 890
15 28
795 842
674 687
376 421
860 900
725 759
98 134
601 606
130 149
483 532
636 660
239 294
892 936
193 243
286 328
727 762
484 556
471 504
117 179
420 456
303 341
91 114
736 799
90 125
276 321
197 262
536 587
572 623
701 768
380 402
188 230
844 888
965 991
557 575
79 133
408 469
19 31
626 671
24 96
675 695
695 730
679 686
703 743
760 805
692 728
21 51
891 913
454 516
504 535
333 379
772 831
731 784
83 111
589 602
223 255
549 561
752 786
44 98
492 543
10 26
178 202
261 270
139 152
207 250
953 988
932 961
612 659
643 649
682 704
466 504
946 1000
16 53
939 995
507 546
417 442
482 540
93 139
595 619
185 205
105 185
950 988
565 606
638 648
181 202
787 812
915 958
753 784
41 96
780 826
917 949
629 679
208 235
211 246
855 935
17 58
14 46
674 708
649 712
258 284
523 566
477 549
334 387
130 182
892 916
233 286
583 623
130 180
442 517
684 687
397 460
89 111
211 248
511 528
900 968
667 708
917 954
23 101
734 774
135 160
217 245
264 271
812 873
675 701
472 502
54 66
937 964
144 152
587 617
514 546
421 437
23 92
123 154
411 440
343 383
4 50
395 436
836 876
684 688
185 214
205 254
175 214
876 912
129 152
747 782
639 668
308 342
530 584
199 239
106 149
844 883
308 331
58 101
461 497
654 713
177 215
623 664
866 918
334 360
891 906
766 782
310 385
69 138
557 601
170 225
770 840
333 365
713 753
223 249
247 277
638 656
432 451
81 111
34 77
935 946
362 428
699 765
457 514
115 185
808 821
85 113
499 542
478 542
740 783
667 686
877 901
702 733
142 175
193 265
910 942
457 478
144 182
208 243
728 792
668 703
848 869
788 814
645 721
604 678
190 232
896 969
353 400
797 850
796 848
682 711
749 801
350 402
519 580
723 739
972 982
527 581
424 448
122 165
134 151
226 247
56 72
150 215
255 301
8 45
238 278
456 502
319 377
686 739
158 209
705 758
731 782
332 365
837 890
397 447
843 893
236 276
660 693
176 202
528 576
754 808
217 236
285 348
934 940
864 901
218 249
823 890
814 878
625 645
897 951
363 417
72 134
736 772
129 185
672 708
153 207
962 995
580 607
203 257
595 618
818 893
739 771
111 161
274 312
692 757
521 561
377 402
924 957
875 916
811 829
176 191
394 447
243 299
549 570
13 39
725 739
131 158
692 736
72 124
715 760
316 383
762 785
619 669
10 32
484 553
726 749
678 697
615 664
668 714
662 692
308 323
450 507
322 387
224 228
320 383
267 284
263 295
347 360
22 89
7 48
825 893
400 436
569 638
468 480
280 348
798 846
540 560
817 868
470 503
807 836
883 934
310 371
417 434
283 336
397 450
6 46
277 315
705 746
288 316
472 501
474 514
872 935
893 926
726 756
462 478
116 183
164 226
141 158
244 303
859 925
844 861
337 387
104 146
67 119
580 628
969 982
465 491
266 288
560 641
396 451
894 910
1 24
149 188
758 793
453 505
169 195
785 818
932 954
934 975
965 997
7 41
141 176
452 516
842 866
134 162
8 43
465 481
806 837
905 978
626 683
4 26
55 101
627 665
137 185
488 559
717 745
52 90
207 261
235 291
678 707
413 454
614 678
706 729
280 317
425 444
202 246
309 387
220 253
15 26
59 102
686 752
16 23
729 777
805 822
799 825
420 459
8 26
449 500
352 399
739 802
569 609
360 397
844 869
20 33
747 808
420 437
592 619
39 87
802 831
156 223
270 329
137 177
867 897
272 340
175 190
179 191
784 820
627 656
654 693
815 881
485 544
521 567
737 792
514 549
463 516
567 614
175 222
723 762
457 496
921 959
914 961
263 299
865 920
620 667
557 594
744 782
295 331
568 629
507 553
590 611
105 180
422 447
791 841
123 163
273 312
122 155
875 926
629 670
80 132
868 927
924 961
695 766
900 979
137 169
121 166
344 383
613 647
885 929
808 836
629 667
598 610
360 406
930 938
962 984
140 170
528 575
458 477
352 415
18 35
219 258
456 483
254 271
180 215
831 856
341 380
465 510
316 371
475 508
323 366
266 303
800 834
886 924
6 47
553 563
746 784
660 720
550 583
96 126
56 92
327 380
915 943
643 647
813 869
493 537
14 61
478 532
442 486
56 96
591 636
720 736
608 668
334 373
586 604
281 330
453 496
27 93
154 203
796 852
262 272
858 906
598 641
619 648
931 950
175 217
21 46
677 723
341 389
409 452
594 608
160 210
196 239
207 235
382 410
70 126
81 124
116 171
892 901
929 947
579 607
199 256
48 102
363 432
544 589
471 514
74 138
912 950
97 123
420 472
93 111
879 915
54 97
523 572
763 793
699 731
274 347
201 251
388 432
489 538
836 894
750 786
522 574
883 901
898 944
846 868
590 623
223 257
485 542
260 275
221 233
478 535
388 429
971 991
767 784
829 894
389 410
933 955
3 29
144 154
950 991
814 876
476 548
136 152
39 91
579 634
554 565
367 433
245 308
798 825
643 683
304 341
350 421
226 244
59 78
733 808
579 603
33 92
853 889
113 150
800 839
803 816
515 548
454 497
76 141
342 388
36 90
700 743
47 73
963 986
303 324
484 523
490 545
101 104
667 698
431 451
362 392
684 694
126 182
784 836
273 344
494 551
483 535
85 132
391 430
86 121
666 706
444 506
16 31
125 180
201 260
256 304
733 771
958 995
417 473
469 492
338 377
472 506
884 902
733 776
454 487
462 477
585 623
497 534
611 670
739 794
502 527
719 754
956 991
638 644
749 790
711 732
572 641
696 741
193 266
829 891
365 421
46 100
389 418
733 789
91 117
246 288
66 139
462 516
51 81
624 669
343 380
891 925
802 830
171 193
483 547
508 527
762 780
840 873
162 215
3 40
200 231
713 762
756 780
82 116
160 203
720 761
299 327
375 421
433 469
733 809
710 748
758 806
133 145
249 308
563 627
422 463
574 615
785 813
846 860
956 981
295 348
789 821
537 585
131 147
614 659
676 726
363 413
83 119
107 151
604 659
179 193
481 555
289 311
230 276
462 500
177 198
757 771
178 198
35 79
766 794
125 162
589 612
104 177
457 501
389 399
28 92
299 333
76 137
791 849
1 33
691 736
903 971
721 759
671 723
164 219
214 260
708 738
161 216
415 445
72 141
689 748
268 334
617 671
664 688
553 576
813 864
35 83
100 134
414 463
643 673
314 384
326 354
600 643
238 269
341 368
370 432
751 790
155 225
620 677
930 964
37 66
795 815
311 372
424 454
534 587
95 137
596 618
920 965
495 550
36 66
569 632
185 187
180 190
570 604
906 969
931 949
607 681
942 987
53 82
137 160
975 983
110 184
682 715
655 702
740 809
636 675
535 567
511 525
862 912
281 309
454 495
450 476
618 645
421 462
237 308
937 943
121 180
629 685
921 972
876 920
633 683
842 855
102 128
676 710
190 236
114 146
532 567
395 459
72 120
149 206
859 907
607 675
711 737
421 468
13 44
1 56
878 907
457 515
690 728
787 846
475 482
167 203
200 254
517 546
835 858
183 212
248 299
380 423
279 339
275 330
926 944
233 280
504 532
714 742
346 380
926 961
241 294
880 897
102 134
471 476
174 223
174 204
208 227
738 797
501 536
367 416
602 662
474 480
113 149
758 773
267 290
398 467
732 778
686 731
881 908
239 271
830 878
822 877
135 182
769 783
178 203
149 204
621 650
25 92
38 103
242 296
350 431
761 794
590 636
340 377
481 522
277 326
359 425
800 853
471 492
942 998
862 906
154 209
754 773
702 732
875 907
617 672
843 883
473 486
724 759
40 65
18 22
561 615
608 682
129 149
534 581
867 910
425 472
735 776
25 80
305 312
517 539
933 962
154 224
928 950
342 381
763 800
669 715
567 610
207 264
242 268
333 352
823 863
299 348
645 708
399 434
532 563
399 446
85 128
327 376
549 569
139 166
631 676
478 524
825 864
121 155
721 729
252 300
260 305
196 235
853 869
646 720
685 707
771 812
835 886
24 81
300 337
286 318
637 660
179 221
763 797
422 467
771 825
604 650
157 192
406 449
28 98
919 958
506 552
487 557
816 885
178 186
907 976
98 113
210 244
478 544
601 626
266 273
909 943
210 263
474 479
413 458
883 898
417 462
623 684
938 999
135 155
670 708
303 328
175 201
192 242
455 493
536 564
839 893
298 349
182 194
336 381
933 960
261 272
171 218
830 890
344 368
564 643
839 883
890 901
710 762
206 256
64 111
837 874
170 198
858 910
243 270
281 319
174 190
222 262
772 840
261 269
774 819
442 507
306 323
42 85
487 531
452 492
780 852
611 685
856 924
245 297
779 847
895 930
439 487
81 133
380 407
284 315
963 998
542 596
121 176
4 55
477 551
500 543
158 195
222 228
255 292
670 721
477 557
753 807
102 140
757 788
687 763
67 144
26 92
305 327
321 390
854 910
258 300
926 952
274 341
809 850
629 663
473 483
619 660
506 534
848 859
96 132
51 80
828 871
737 774
192 261
111 175
281 348
202 227
243 269
232 305
778 817
833 895
533 564
833 879
642 644
780 847
9 58
176 222
19 30
711 760
347 377
890 909
805 814
932 968
413 434
906 962
385 411
61 68
20 32
714 741
486 523
849 883
268 317
546 587
813 860
332 375
863 898
8 40
928 962
364 425
119 150
422 440
885 933
948 993
4 48
612 660
810 819
470 502
55 82
604 661
525 581
36 65
325 371
737 775
914 959
170 200
697 733
677 717
635 679
816 888
97 133
884 910
370 426
287 343
695 751
365 395
646 708
782 832
619 677
889 921
478 559
20 62
155 189
298 310
528 595
222 234
384 425
871 936
205 253
747 778
865 917
549 587
12 53
553 597
309 358
299 324
568 616
791 844
235 283
12 24
915 967
26 82
232 293
626 672
727 732
360 393
754 780
357 429
751 809
18 54
410 442
88 112
930 978
752 806
197 240
111 166
806 823
424 473
518 589
297 340
372 416
391 426
172 220
791 847
765 772
666 686
93 122
292 331
377 425
466 509
248 303
571 623
176 196
929 975
457 491
323 377
254 306
185 206
297 347
269 339
315 351
732 800
247 286
151 199
870 902
598 621
930 970
858 921
374 428
512 518
7 24
899 971
675 706
352 413
968 993
323 383
439 503
778 847
593 627
711 757
439 501
926 969
310 377
54 69
721 757
834 868
181 191
32 83
684 704
657 708
155 224
581 628
74 106
269 335
784 838
57 81
500 553
843 878
417 446
34 74
966 980
539 589
502 536
743 779
687 762
691 750
534 560
345 364
793 848
239 298
437 510
756 796
470 500
848 894
419 455
216 263
349 378
116 150
42 86
11 58
601 630
916 953
145 210
427 447
708 737
492 538
707 748
361 397
181 210
478 527
310 369
817 882
386 413
435 514
789 816
783 817
275 348
819 876
742 801
72 115
563 634
339 367
656 690
692 750
2 52
742 772
549 595
406 464
661 705
279 337
662 711
622 656
537 560
701 730
576 605
660 703
888 937
623 655
964 992
454 492
955 996
137 155
826 865
709 749
703 764
123 145
748 778
323 390
600 637
11 32
787 835
468 476
945 1000
692 755
908 965
741 799
420 450
321 365
356 407
142 151
369 406
60 98
304 330
179 219
375 420
568 627
577 618
553 562
387 420
378 396
465 479
924 978
388 410
284 322
910 964
788 829
163 226
628 646
565 610
708 728
6 34
546 595
520 579
534 597
67 109
556 570
264 280
551 596
57 75
176 208
895 901
644 727
760 775
741 805
598 629
544 585
594 621
427 468
639 645
74 142
957 1000
10 60
348 380
342 359
502 518
359 420
57 103
383 392
963 1000
192 259
791 813
340 380
797 827
973 999
410 464
37 83
18 29
432 469
834 863
867 935
128 168
77 131
691 767
179 215
426 444
183 200
918 968
181 206
791 851
334 374
460 500
554 575
325 350
311 371
683 720
34 79
923 969
304 335
630 660
852 884
30 99
21 40
875 933
309 380
156 191
309 390
102 136
12 23
795 821
253 289
922 938
296 315
219 259
115 175
771 834
11 24
235 293
724 757
175 224
487 537
483 550
142 145
679 692
935 947
430 440
15 59
15 36
776 842
909 963
165 222
336 376
517 524
904 940
248 284
654 724
173 196
233 300
704 749
559 591
527 595
869 935
600 608
64 126
395 444
973 982
182 188
381 409
39 102
264 278
789 812
287 317
718 754
842 858
256 299
487 555
463 486
337 370
357 417
933 944
336 390
574 629
373 431
9 25
782 844
373 429
917 942
685 725
723 769
47 72
220 244
105 154
181 207
17 46
224 253
383 400
14 42
260 304
113 180
658 715
502 542
870 932
188 251
510 528
351 395
662 706
748 771
932 978
706 730
255 272
429 465
319 390
568 628
781 845
326 350
595 622
12 46
927 943
71 139
253 290
797 846
74 112
105 156
561 624
151 200
63 142
474 483
528 584
722 743
328 380
877 924
144 175
812 869
461 509
563 643
651 727
282 337
178 207
392 463
271 318
150 194
678 714
538 569
656 715
573 626
505 533
965 986
56 66
508 558
38 78
878 897
414 434
781 827
810 831
523 584
614 679
864 935
6 30
880 903
312 369
152 211
381 399
808 852
80 127
875 920
460 492
566 638
190 247
256 273
537 594
264 276
775 831
909 968
526 567
657 689
802 842
303 342
11 39
351 392
567 621
312 362
934 978
366 400
229 302
458 513
271 311
971 995
810 838
519 596
279 326
16 36
729 796
269 346
453 515
248 278
324 381
554 590
235 270
365 406
756 808
149 213
197 264
536 572
502 519
350 396
930 965
217 263
889 923
571 622
920 944
4 41
274 332
197 260
1 30
849 854
931 943
799 819
18 53
839 874
127 156
424 449
822 887
278 335
771 820
188 241
896 979
451 478
569 613
5 32
355 412
882 918
228 306
524 580
791 840
17 33
535 590
195 251
680 723
754 772
253 298
67 121
212 232
531 583
388 413
886 925
17 31
19 29
87 139
433 460
95 105
486 552
722 744
747 775
882 932
407 461
373 409
902 964
611 667
908 969
224 266
400 470
803 828
64 131
661 714
732 780
497 535
633 655
380 395
886 913
326 352
526 591
201 257
374 401
631 660
665 709
20 28
738 770
922 971
523 580
835 856
72 110
645 719
529 584
502 539
74 122
532 594
189 243
13 61
69 130
675 691
92 110
244 272
263 291
731 788
189 240
668 705
305 340
521 593
544 576
470 514
523 561
368 394
654 692
744 805
271 310
667 713
427 473
350 404
43 102
166 191
730 777
524 569
326 368
867 929
40 76
865 924
515 530
744 793
2 34
841 887
138 180
207 238
644 709
602 655
378 419
972 998
348 370
260 276
129 164
729 790
816 878
928 940
454 517
251 277
19 45
370 402
630 644
370 399
459 490
143 157
439 499
935 972
346 386
482 548
669 692
195 250
667 703
903 970
369 419
680 693
313 377
361 418
787 822
390 402
306 332
408 458
94 139
813 874
729 793
133 151
665 714
759 804
207 266
652 686
773 817
100 113
881 933
98 111
522 585
892 920
668 704
262 276
746 807
139 169
753 781
822 865
613 685
756 811
37 76
143 170
493 543
849 865
483 520
837 855
455 510
238 277
355 421
633 644
568 614
593 611
495 533
974 999
705 762
601 605
955 1000
609 648
454 506
551 574
258 297
40 101
735 808
281 328
32 98
136 151
276 329
516 520
166 219
274 346
271 319
282 309
485 533
59 92
14 25
706 758
828 864
237 271
473 514
10 53
184 209
740 808
609 680
573 624
405 438
904 963
380 398
460 514
714 728
494 523
505 543
85 131
52 67
728 777
16 28
86 134
664 698
820 870
400 447
598 636
392 453
671 689
579 610
856 916
682 695
347 350
178 199
739 811
113 165
851 883
522 568
472 508
272 309
621 684
287 310
120 165
367 404
75 105
344 378
2 29
25 69
761 775
567 640
291 316
618 646
381 410
711 740
685 692
302 320
974 992
66 109
628 645
493 549
352 414
471 480
83 115
664 726
481 518
810 820
877 917
632 671
302 338
650 710
21 56
397 461
423 459
278 341
20 49
344 371
670 697
192 244
887 933
752 803
58 98
110 170
900 957
127 160
730 797
731 776
874 901
275 329
877 928
391 412
774 843
607 667
185 224
677 698
527 580
162 192
315 380
273 333
599 610
326 377
447 493
385 417
785 823
458 501
198 266
844 858
166 197
57 101
329 384
975 1000
101 127
756 786
149 189
478 545
201 231
750 775
425 438
895 911
912 952
63 139
481 551
872 910
856 899
220 237
267 291
836 883
279 340
62 102
382 417
709 737
725 749
445 510
874 926
329 352
202 249
409 464
95 121
301 332
426 434
28 91
348 363
695 753
509 522
617 645
689 749
793 847
569 633
627 652
661 704
315 360
576 602
752 811
574 632
653 700
286 326
805 826
138 150
927 959
887 921
293 346
149 225
445 507
62 82
633 666
534 598
87 118
865 921
805 838
226 252
188 266
403 458
855 913
643 666
38 83
299 331
870 901
844 887
864 926
558 586
772 833
932 972
264 291
513 537
376 405
400 475
18 25
657 690
859 898
891 922
384 429
749 777
72 133
502 541
874 907
154 210
15 33
60 66
140 146
927 945
439 506
174 222
254 274
753 779
204 242
639 661
850 859
236 304
184 193
743 774
893 930
395 460
393 469
727 733
865 908
688 760
642 673
111 167
230 302
398 472
388 393
242 290
373 401
53 85
436 499
243 268
430 463
154 187
440 483
327 364
933 940
681 704
878 921
848 872
36 86
10 50
687 755
129 166
283 311
548 583
925 970
10 29
60 63
124 169
646 711
86 142
572 619
601 621
952 988
800 832
728 773
413 464
533 587
222 265
62 91
393 446
168 212
723 750
518 567
48 68
713 742
804 819
21 38
348 350
908 951
597 624
666 726
522 572
267 276
5 38
625 685
641 662
908 961
656 692
89 119
456 516
133 181
741 785
892 906
293 345
854 914
712 750
747 802
375 415
540 572
110 147
451 509
369 404
393 444
618 656
767 795
151 186
232 279
945 982
89 112
420 438
558 572
204 258
508 554
332 380
392 472
866 927
354 407
931 958
546 575
744 774
421 456
342 362
183 198
38 94
149 220
277 343
103 122
823 857
697 737
298 333
771 817
14 52
965 987
226 242
499 524
220 232
931 954
77 119
46 83
969 983
359 397
698 733
902 947
817 874
223 228
808 849
812 872
397 443
462 498
697 730
911 973
659 703
291 333
452 509
33 85
377 424
652 712
545 568
156 204
649 697
699 758
267 268
704 734
703 754
379 409
189 231
280 323
112 152
387 405
869 930
67 105
513 530
336 371
302 322
357 394
723 731
93 126
256 280
788 841
954 991
624 660
199 247
518 574
608 656
72 126
917 979
36 93
25 87
356 420
679 718
886 934
592 602
294 329
135 146
338 380
57 86
487 543
426 446
20 38
890 913
916 971
88 120
286 334
162 201
861 937
717 762
837 881
493 541
652 724
905 951
113 147
836 891
159 218
543 599
287 340
890 934
753 783
507 524
32 89
547 567
806 834
465 512
374 406
555 573
764 802
557 562
99 111
787 814
43 65
613 657
663 695
575 628
54 81
18 36
125 185
718 738
451 503
729 773
326 362
2 36
407 447
384 418
816 873
120 164
501 550
67 122
875 909
894 918
918 952
321 351
273 315
596 602
119 153
709 743
737 809
773 847
858 929
903 949
143 175
635 652
914 941
389 421
56 84
900 973
212 243
780 839
25 98
39 64
394 460
160 217
290 326
87 120
218 227
820 872
393 442
322 381
973 993
390 404
153 204
827 874
119 148
341 355
833 862
888 936
655 688
714 768
276 344
692 733
290 347
894 899
505 521
652 727
545 567
452 500
794 817
266 304
46 80
896 974
810 828
734 795
866 898
641 656
14 26
3 36
355 392
454 478
299 342
143 180
630 666
685 698
891 914
786 817
343 372
367 428
822 876
684 693
210 227
70 143
591 625
401 460
624 684
624 648
456 493
255 283
115 177
911 979
9 55
286 343
388 408
877 903
382 406
267 294
693 728
696 745
896 939
424 468
284 339
195 264
104 150
226 236
948 989
689 734
952 983
827 890
912 968
863 924
731 797
329 376
212 237
232 304
653 696
207 236
581 639
250 278
821 876
589 610
632 651
835 888
782 851
458 481
514 523
790 844
368 432
528 594
766 793
329 383
377 421
460 481
592 620
117 156
105 165
641 661
638 661
512 543
475 512
714 730
910 974
799 852
150 204
161 195
522 599
767 771
780 844
629 648
37 81
471 506
598 603
200 243
527 588
536 574
331 352
723 738
633 651
663 701
86 112
125 150
41 74
669 718
527 589
627 685
696 728
762 807
425 436
427 462
189 242
878 917
153 200
718 737
691 749
922 957
587 633
650 711
968 988
830 870
222 237
369 400
398 443
868 901
394 464
713 751
916 974
639 684
966 986
383 401
377 428
696 732
541 597
780 829
15 56
520 594
430 443
388 419
489 524
498 528
321 384
937 959
765 780
902 940
524 562
103 139
775 850
897 966
281 346
940 986
885 906
378 393
509 526
566 637
590 626
292 310
797 818
270 331
416 444
658 696
968 986
282 345
665 695
855 904
462 494
721 732
185 219
193 241
604 666
241 295
231 279
323 351
435 512
452 517
786 834
70 117
323 371
539 565
39 94
8 28
889 926
382 429
568 634
200 267
788 813
453 480
547 586
757 796
382 430
36 91
333 372
916 967
399 469
210 267
180 186
517 533
80 112
422 435
708 769
619 671
187 263
810 843
94 141
829 873
713 738
417 458
364 429
769 788
564 636
351 429
565 636
610 662
276 342
810 826
854 931
19 56
609 649
501 556
392 461
775 821
698 730
316 359
637 670
235 306
491 526
603 683
5 31
16 24
540 586
936 945
548 587
783 836
441 501
653 713
685 686
319 381
460 486
659 714
621 668
268 314
112 159
385 431
774 832
238 289
373 414
54 90
828 885
444 495
769 803
367 420
885 899
492 556
937 953
627 672
696 733
15 47
71 115
76 113
493 538
534 567
498 550
174 189
502 550
636 663
660 719
490 522
209 256
685 723
475 498
17 60
900 967
96 120
841 857
41 69
244 283
196 244
795 852
571 603
229 307
466 476
911 971
160 207
850 867
652 716
74 123
640 684
386 423
596 633
668 722
491 537
610 678
412 463
936 965
27 79
86 129
65 130
483 548
27 74
158 200
286 310
746 786
13 60
779 823
673 719
740 787
211 251
376 419
349 380
423 462
621 647
948 997
830 855
462 507
837 865
157 217
196 265
614 660
196 255
213 245
170 212
726 752
597 611
213 241
781 826
546 573
925 950
789 820
268 327
442 513
1 32
899 952
873 903
913 979
547 600
217 229
580 631
325 369
24 73
910 975
345 358
450 508
579 616
178 223
417 475
329 358
143 162
528 565
170 204
892 917
648 697
98 114
304 317
301 344
418 458
872 911
712 749
828 875
665 691
385 407
2 59
31 90
212 261
15 58
460 489
657 693
819 862
355 399
312 366
922 979
762 790
734 786
330 364
360 404
546 582
694 765
252 273
348 368
428 447
430 466
242 271
226 249
460 512
43 96
86 143
688 767
28 100
254 287
322 373
126 174
143 146
619 650
369 393
25 91
474 498
879 905
567 620
260 294
872 897
158 213
777 847
827 866
413 468
761 789
335 378
671 704
700 747
877 898
246 277
210 265
721 761
420 439
780 827
132 161
340 358
589 621
318 376
234 286
213 250
625 653
338 351
80 126
404 470
348 383
190 240
31 73
494 542
607 677
237 282
374 426
659 692
55 73
757 775
385 402
643 645
547 601
401 446
915 950
337 363
954 994
495 555
262 278
915 973
667 720
354 405
38 87
390 426
979 989
195 266
18 27
886 918
298 311
343 391
96 105
446 498
363 402
546 561
806 839
898 959
915 977
449 476
823 883
45 97
684 701
683 701
594 613
808 846
814 873
532 581
718 742
649 700
283 337
621 651
795 818
429 456
762 811
327 365
783 839
823 885
337 379
245 301
2 42
10 52
693 738
857 929
436 507
147 202
526 588
548 575
357 395
248 296
51 67
58 79
642 669
587 611
262 290
718 749
208 237
408 456
231 296
35 92
761 790
274 319
578 606
12 48
201 240
98 143
497 531
845 892
736 793
59 65
662 719
668 718
955 992
146 224
814 864
628 667
367 431
909 940
10 61
782 826
631 664
571 638
711 728
597 637
801 839
183 208
258 270
487 521
921 965
575 630
162 193
734 804
511 555
719 743
493 530
356 424
633 679
312 376
418 463
646 710
546 598
849 870
842 877
660 707
832 868
630 673
474 513
560 632
653 720
245 291
137 157
495 546
152 215
327 385
317 361
500 547
516 550
281 332
898 971
812 882
862 910
12 56
316 379
223 244
440 481
133 177
711 765
18 34
971 984
734 807
856 918
498 547
80 125
524 600
105 160
795 847
622 663
773 842
500 535
833 856
844 885
900 964
150 220
481 527
42 96
352 404
338 384
215 252
424 443
848 858
753 785
837 887
694 744
239 281
63 118
895 900
786 833
919 975
227 283
844 874
484 545
903 946
440 501
299 316
357 409
384 420
625 681
460 515
970 983
453 490
775 851
369 412
53 78
149 186
122 147
887 920
269 316
910 969
373 424
562 620
754 784
145 206
340 361
323 368
494 552
536 585
491 544
106 179
849 882
869 915
372 431
528 578
540 601
481 552
519 601
956 993
714 758
420 468
673 716
243 278
635 656
452 477
629 651
38 73
526 592
557 595
918 941
192 232
55 81
46 96
157 197
407 436
523 589
638 651
4 29
236 302
681 726
406 456
24 79
810 824
12 37
621 664
808 823
773 838
822 885
741 770
725 768
416 471
261 283
34 102
458 516
434 495
408 461
930 948
405 440
777 839
839 870
428 472
302 318
753 811
14 54
398 465
895 903
611 663
91 110
518 599
271 334
708 744
938 997
370 427
146 189
317 371
591 639
830 882
766 790
776 816
140 182
800 849
119 165
835 859
533 596
818 868
418 453
506 538
602 667
430 436
43 94
188 253
430 468
228 268
354 412
604 664
805 828
516 534
906 961
790 837
911 978
821 884
151 197
696 740
840 883
393 443
3 35
415 456
303 337
132 157
921 946
660 701
131 151
589 622
392 451
350 422
529 591
108 179
557 600
121 169
779 842
360 430
931 959
287 345
441 480
875 922
281 349
933 939
495 523
569 614
10 24
323 389
874 897
676 701
540 578
48 94
426 440
100 123
23 94
783 844
551 565
141 156
376 431
308 341
466 496
859 918
72 109
210 242
26 63
792 825
739 810
867 934
142 158
936 941
337 365
623 644
261 293
338 389
661 709
805 843
762 794
599 604
170 206
746 805
933 979
720 744
43 75
748 809
716 728
918 958
205 231
762 795
582 633
828 880
546 578
843 874
921 957
319 387
848 863
564 605
731 787
795 823
874 918
319 361
707 736
770 850
729 797
22 98
623 648
835 885
172 209
775 847
289 342
467 495
944 981
172 205
151 202
82 111
328 370
409 448
237 284
656 701
478 528
394 475
160 226
937 969
426 458
770 833
902 978
733 785
151 212
549 583
19 43
315 385
414 471
21 53
904 970
389 433
798 829
921 943
711 769
901 939
781 830
131 156
51 86
145 211
666 709
313 363
3 60
101 138
626 666
552 568
746 792
624 680
975 982
206 227
830 880
165 202
434 480
600 609
849 879
590 635
68 114
520 574
704 766
911 977
372 426
413 457
715 731
530 571
632 676
444 507
843 895
480 540
122 148
593 620
180 203
165 216
40 67
420 443
36 92
537 566
897 958
889 907
420 454
458 508
773 840
19 42
41 83
214 240
181 225
455 488
606 657
776 853
465 511
861 901
701 734
467 516
463 500
437 514
696 760
912 976
707 729
155 199
383 399
372 400
61 67
216 245
403 471
435 501
227 284
601 618
672 707
488 558
201 243
164 213
527 561
814 865
564 626
114 157
113 145
190 246
574 604
461 501
960 997
547 594
742 796
732 784
524 561
133 175
702 741
107 146
78 111
858 916
561 629
496 555
402 438
908 945
399 467
623 663
204 236
536 595
46 79
757 785
535 570
239 305
