1000 3000 25
5 18 67 75 11 11 34 133 9 6 13 39 123 50 20 15 42 158 19 11 17 16 24 83 1 
1 6
1 7
6 24
6 25
6 26
6 27
6 28
6 29
6 30
7 31
7 32
7 33
7 34
24 91
24 92
24 93
24 94
24 95
24 96
24 97
25 98
25 99
25 100
25 101
25 102
26 103
26 104
28 105
28 106
28 107
28 108
28 109
29 110
30 111
30 112
30 113
31 114
31 115
31 116
31 117
31 118
31 119
32 120
32 121
32 122
33 123
33 124
33 125
33 126
33 127
34 128
34 129
34 130
34 131
34 132
132 166
166 177
166 178
166 179
166 180
166 181
177 188
177 189
177 190
178 191
178 192
178 193
178 194
179 195
179 196
179 197
179 198
179 199
180 200
180 201
181 202
181 203
188 222
188 223
188 224
188 225
188 226
188 227
188 228
189 229
190 230
190 231
190 232
190 233
192 234
192 235
192 236
192 237
192 238
194 239
194 240
195 241
195 242
195 243
195 244
195 245
195 246
196 247
196 248
196 249
196 250
196 251
197 252
197 253
197 254
197 255
197 256
197 257
197 258
198 259
198 260
198 261
198 262
198 263
198 264
199 265
199 266
199 267
199 268
199 269
200 270
201 271
201 272
202 273
202 274
203 275
203 276
203 277
203 278
203 279
279 355
355 364
355 365
364 370
364 371
365 372
365 373
365 374
365 375
365 376
370 383
370 384
370 385
371 386
371 387
371 388
371 389
372 390
372 391
372 392
372 393
372 394
372 395
372 396
373 397
373 398
373 399
373 400
373 401
374 402
374 403
374 404
374 405
374 406
374 407
374 408
375 409
375 410
383 422
385 423
387 424
387 425
388 426
388 427
388 428
388 429
388 430
388 431
389 432
390 433
390 434
390 435
390 436
391 437
392 438
392 439
393 440
393 441
393 442
393 443
393 444
393 445
393 446
394 447
394 448
394 449
394 450
394 451
395 452
395 453
395 454
395 455
396 456
396 457
396 458
396 459
396 460
396 461
396 462
397 463
397 464
398 465
399 466
399 467
399 468
400 469
400 470
400 471
400 472
400 473
400 474
402 475
403 476
403 477
403 478
403 479
403 480
403 481
404 482
404 483
405 484
405 485
405 486
406 487
406 488
406 489
407 490
407 491
407 492
407 493
407 494
407 495
408 496
408 497
408 498
408 499
408 500
408 501
408 502
409 503
409 504
410 505
410 506
410 507
507 545
545 595
595 615
595 616
595 617
595 618
595 619
595 620
615 630
615 631
615 632
615 633
616 634
616 635
617 636
617 637
617 638
617 639
617 640
617 641
617 642
618 643
618 644
618 645
619 646
619 647
619 648
619 649
619 650
619 651
619 652
620 653
620 654
620 655
620 656
620 657
620 658
630 672
630 673
630 674
631 675
631 676
631 677
631 678
631 679
632 680
632 681
632 682
632 683
632 684
633 685
633 686
634 687
634 688
634 689
634 690
634 691
634 692
634 693
635 694
635 695
635 696
636 697
636 698
636 699
636 700
636 701
636 702
636 703
637 704
637 705
638 706
638 707
639 708
639 709
639 710
639 711
640 712
640 713
641 714
641 715
641 716
641 717
641 718
642 719
642 720
642 721
642 722
642 723
643 724
644 725
644 726
644 727
644 728
644 729
645 730
645 731
645 732
646 733
646 734
647 735
648 736
648 737
648 738
650 739
650 740
651 741
652 742
652 743
652 744
653 745
653 746
653 747
656 748
656 749
656 750
656 751
656 752
657 753
657 754
657 755
657 756
657 757
657 758
657 759
658 760
658 761
658 762
762 830
830 849
849 860
860 877
860 878
860 879
860 880
877 893
877 894
877 895
877 896
877 897
877 898
877 899
878 900
878 901
878 902
878 903
878 904
878 905
879 906
879 907
880 908
880 909
880 910
880 911
880 912
880 913
880 914
893 917
893 918
894 919
894 920
894 921
894 922
894 923
895 924
895 925
895 926
895 927
895 928
896 929
896 930
896 931
896 932
896 933
897 934
897 935
897 936
897 937
897 938
897 939
897 940
898 941
898 942
899 943
899 944
899 945
899 946
900 947
900 948
900 949
900 950
900 951
900 952
901 953
903 954
903 955
904 956
904 957
904 958
904 959
904 960
904 961
905 962
905 963
905 964
905 965
905 966
905 967
905 968
906 969
906 970
906 971
906 972
907 973
907 974
908 975
909 976
909 977
909 978
909 979
910 980
910 981
910 982
910 983
911 984
912 985
912 986
912 987
912 988
912 989
912 990
912 991
913 992
913 993
914 994
994 1000
995 1000
996 1000
997 1000
998 1000
999 1000
915 999
881 915
861 881
850 861
851 861
852 861
853 861
854 861
855 861
831 850
832 850
833 850
834 852
835 852
836 852
837 852
838 853
839 853
840 853
841 854
842 854
843 854
844 854
845 854
846 855
847 855
763 831
764 832
765 832
766 832
767 832
768 832
769 833
770 833
771 834
772 834
773 835
774 835
775 835
776 835
777 835
778 836
779 836
780 836
781 836
782 837
783 837
784 837
785 837
786 837
787 837
788 839
789 839
790 839
791 839
792 839
793 839
794 840
795 841
796 841
797 841
798 841
799 842
800 842
801 842
802 842
803 842
804 843
805 843
806 843
807 843
808 843
809 843
810 844
811 844
812 844
813 844
814 844
815 844
816 844
817 845
818 845
819 845
820 845
821 845
822 845
823 845
824 846
825 847
826 847
827 847
828 847
659 828
621 659
622 659
623 659
624 659
625 659
596 622
597 622
598 623
599 623
600 623
601 623
602 623
603 623
604 624
605 624
606 624
607 625
608 625
609 625
610 625
611 625
612 625
613 625
546 598
547 598
548 598
549 598
550 598
551 598
552 598
553 599
554 599
555 599
556 599
557 599
558 599
559 599
560 601
561 602
562 602
563 602
564 602
565 603
566 603
567 603
568 603
569 603
570 603
571 604
572 605
573 605
574 605
575 608
576 608
577 608
578 609
579 609
580 609
581 609
582 609
583 609
584 610
585 610
586 611
587 613
588 613
589 613
590 613
591 613
592 613
593 613
508 593
411 508
377 411
366 377
367 377
368 377
356 366
357 366
358 367
359 368
360 368
361 368
362 368
280 356
281 356
282 356
283 357
284 358
285 359
286 359
287 359
288 360
289 360
290 360
291 360
292 361
293 361
294 361
295 361
296 361
297 361
298 362
299 362
204 299
182 204
183 204
184 204
167 182
168 182
169 183
170 183
171 183
172 183
173 183
174 183
175 183
133 167
134 167
135 167
136 167
137 167
138 168
139 169
140 171
141 171
142 171
143 171
144 171
145 172
146 172
147 172
148 172
149 172
150 172
151 172
152 173
153 173
154 173
155 174
156 174
157 174
158 175
159 175
160 175
161 175
162 175
163 175
164 175
35 164
8 35
2 8
3 8
4 8
5 8
2 9
2 10
2 11
2 12
2 13
2 14
2 15
3 16
3 17
3 18
3 19
3 20
4 21
4 22
4 23
9 36
9 37
9 38
9 39
11 40
11 41
11 42
11 43
11 44
11 45
11 46
12 47
12 48
13 49
13 50
13 51
13 52
13 53
13 54
13 55
15 56
15 57
15 58
15 59
15 60
15 61
16 62
16 63
16 64
17 65
18 66
19 67
19 68
19 69
19 70
20 71
20 72
20 73
20 74
20 75
20 76
21 77
21 78
21 79
21 80
21 81
21 82
21 83
22 84
22 85
22 86
22 87
22 88
23 89
23 90
90 165
165 176
176 185
176 186
176 187
185 205
185 206
185 207
185 208
185 209
185 210
185 211
186 212
186 213
186 214
186 215
186 216
187 217
187 218
187 219
187 220
187 221
205 300
205 301
205 302
205 303
206 304
206 305
206 306
206 307
207 308
208 309
209 310
209 311
210 312
210 313
210 314
211 315
211 316
211 317
211 318
211 319
212 320
212 321
212 322
212 323
212 324
212 325
214 326
215 327
215 328
216 329
216 330
216 331
217 332
217 333
217 334
217 335
217 336
218 337
218 338
218 339
218 340
219 341
220 342
220 343
220 344
220 345
220 346
220 347
220 348
221 349
221 350
221 351
221 352
221 353
221 354
354 363
363 369
369 378
369 379
369 380
369 381
369 382
378 412
378 413
379 414
380 415
380 416
381 417
381 418
381 419
381 420
381 421
412 509
412 510
412 511
412 512
413 513
413 514
413 515
413 516
415 517
416 518
416 519
416 520
416 521
417 522
417 523
417 524
417 525
417 526
418 527
418 528
418 529
418 530
418 531
419 532
419 533
419 534
419 535
419 536
419 537
419 538
420 539
420 540
420 541
420 542
420 543
421 544
544 594
594 614
614 626
614 627
614 628
614 629
626 660
626 661
626 662
626 663
626 664
627 665
627 666
627 667
628 668
628 669
628 670
628 671
671 829
829 848
848 856
848 857
848 858
848 859
856 862
856 863
856 864
856 865
856 866
856 867
856 868
857 869
859 870
859 871
859 872
859 873
859 874
859 875
859 876
862 882
862 883
862 884
863 885
863 886
863 887
863 888
863 889
863 890
865 891
866 892
892 916
212 292
669 783
61 159
20 67
180 215
179 211
57 162
565 599
205 234
398 472
617 632
627 643
4 19
395 507
212 238
215 248
625 663
421 532
721 838
262 358
657 683
615 662
197 287
419 541
623 667
399 541
644 803
781 830
643 788
188 253
880 895
629 634
653 821
666 780
404 543
861 889
381 392
618 660
191 335
360 366
901 970
875 889
212 272
407 540
665 821
886 908
421 460
218 307
479 561
910 918
648 806
62 99
218 342
908 929
839 851
898 979
207 230
203 295
574 614
63 146
181 221
157 173
889 895
418 436
421 514
411 528
122 170
72 140
635 793
212 302
5 10
384 511
543 563
391 468
666 828
644 672
644 821
916 973
204 313
635 795
11 81
916 945
389 453
21 41
186 201
864 891
860 892
389 435
67 99
647 676
16 83
398 461
645 695
11 77
86 115
633 736
630 684
876 890
414 469
218 258
901 985
215 278
43 130
205 275
370 387
626 637
224 355
581 610
515 571
63 161
395 495
11 35
898 978
26 96
655 797
161 166
214 294
31 143
557 605
413 432
434 582
391 505
632 675
626 632
900 939
898 964
201 321
196 295
627 638
85 105
656 797
407 468
52 152
845 856
663 805
651 729
893 979
905 993
207 229
633 697
364 376
634 709
912 954
416 524
655 687
882 899
48 136
411 467
608 615
207 224
416 445
205 242
113 168
70 96
861 877
631 691
596 624
720 835
623 671
666 742
437 555
244 359
194 304
661 805
8 39
910 992
361 364
189 347
209 285
382 400
400 478
200 284
221 269
5 18
671 694
86 93
371 421
631 736
38 97
313 355
670 730
738 842
914 993
873 878
400 515
886 914
415 478
905 980
397 536
395 465
407 439
884 902
215 237
212 316
657 742
859 869
393 515
906 965
201 349
412 479
402 431
906 967
390 493
210 249
567 599
903 945
378 417
409 497
656 694
899 967
908 952
203 257
660 676
908 988
367 370
173 177
898 923
187 206
207 313
386 466
398 469
193 312
183 213
421 525
663 799
190 243
909 957
448 576
633 744
893 975
644 818
900 960
184 215
646 829
400 459
205 338
218 299
208 296
639 778
445 569
383 497
617 658
878 897
609 629
893 957
627 657
421 481
75 111
407 433
184 202
475 569
411 473
49 159
178 213
6 38
188 281
190 285
66 150
643 679
218 336
897 955
58 117
10 53
186 220
61 98
364 377
417 484
655 774
640 740
498 574
9 28
214 319
59 105
196 332
197 312
631 807
170 182
180 219
56 152
367 376
646 732
902 955
654 813
649 795
363 368
177 201
620 641
43 103
666 707
542 578
913 931
191 255
645 826
909 980
406 539
88 136
904 931
202 240
392 534
631 782
15 69
653 675
409 437
21 51
379 407
211 224
908 981
668 810
56 158
382 397
408 492
912 930
202 328
26 143
868 891
380 410
255 359
898 959
11 31
652 822
390 531
852 874
911 992
392 512
3 13
643 818
191 350
881 912
626 668
416 479
376 419
664 690
42 139
846 849
194 251
382 407
888 894
379 413
400 477
411 492
212 286
219 329
440 558
633 775
887 898
899 934
890 915
206 353
219 334
640 673
414 507
24 102
667 702
904 953
415 492
357 367
209 247
915 929
12 85
199 275
891 915
653 717
837 858
623 666
864 892
402 455
415 536
26 98
54 92
216 335
878 916
49 149
664 816
195 234
630 733
665 780
664 796
629 650
467 562
660 737
23 33
195 341
663 705
190 347
265 356
514 581
657 787
809 831
57 104
621 662
898 935
395 515
410 481
887 894
211 226
636 758
634 821
368 373
827 841
184 197
536 579
418 499
56 98
898 977
907 946
413 453
658 813
636 762
567 610
18 89
364 375
3 15
631 719
649 707
19 31
198 324
394 539
532 582
215 343
191 275
387 462
429 572
16 36
410 424
639 802
377 419
201 280
417 515
656 771
206 279
440 564
860 885
897 960
417 426
628 662
394 519
211 292
211 289
53 156
380 405
381 408
414 514
209 238
631 680
210 299
583 597
174 178
893 927
635 707
23 83
172 179
895 942
911 937
364 374
51 128
390 466
183 217
631 672
616 660
401 540
417 495
26 91
219 344
409 523
66 104
20 66
639 706
904 924
142 167
200 242
399 433
644 775
51 146
420 438
186 211
411 450
204 260
380 408
199 242
23 44
14 68
875 881
18 34
365 371
25 103
375 396
882 901
437 568
654 733
396 529
658 680
632 791
38 95
667 673
407 472
214 309
219 255
631 820
198 252
85 124
19 56
671 765
187 195
206 330
382 395
35 111
617 635
383 494
69 124
217 244
623 660
216 345
900 929
655 781
631 730
476 559
857 865
408 430
319 360
196 234
372 385
390 452
635 801
419 442
496 567
643 817
880 907
166 183
551 601
460 563
895 992
616 647
640 741
634 749
574 613
178 211
384 447
671 683
177 204
915 995
81 151
215 308
9 25
389 515
913 945
210 334
690 837
213 319
902 970
662 737
653 820
178 206
85 123
648 689
620 635
617 653
193 224
629 662
896 995
660 791
656 738
669 693
668 690
64 129
369 372
669 702
662 759
198 301
616 630
17 70
664 826
393 455
406 478
478 584
665 797
408 541
397 476
635 740
5 23
628 637
182 207
373 406
168 181
222 355
641 724
212 234
464 556
23 81
498 581
353 355
559 596
391 543
907 999
383 424
840 851
16 58
635 749
21 88
3 23
639 826
192 336
907 998
900 927
881 907
619 642
10 86
416 507
405 456
909 945
637 758
414 513
589 601
209 303
182 213
619 663
625 660
370 399
611 628
185 220
441 577
628 667
643 708
655 800
538 552
378 403
199 251
52 115
668 814
653 811
407 532
2 16
11 63
7 77
663 721
893 989
76 107
19 83
93 169
356 369
201 244
193 258
375 395
654 804
906 950
216 284
669 709
379 391
700 848
552 608
648 768
403 462
891 916
671 696
193 225
16 76
206 345
66 98
671 828
356 364
40 106
916 952
637 690
685 830
419 478
622 635
599 617
33 137
183 188
876 887
203 248
647 827
629 636
398 544
20 83
665 823
202 324
807 830
633 769
407 422
12 40
11 55
43 149
858 873
177 192
21 29
632 796
184 216
648 676
631 674
406 433
909 995
644 678
664 700
436 557
865 880
523 548
912 996
410 462
77 123
886 916
217 248
391 517
220 231
398 489
385 453
432 581
635 807
373 393
203 228
671 790
639 793
191 285
87 118
459 579
639 718
372 383
381 405
559 602
28 126
25 163
508 579
11 52
5 12
893 940
896 988
854 865
657 817
22 41
76 119
203 236
895 935
93 174
599 627
634 811
59 100
653 751
399 465
623 633
40 152
818 836
59 107
865 879
65 155
17 57
20 58
209 232
386 505
862 888
646 776
39 91
219 349
186 218
59 122
633 758
21 73
581 597
501 572
664 740
617 671
20 40
908 946
641 798
883 896
370 400
414 459
34 127
76 153
192 249
393 474
383 491
419 511
215 334
90 92
624 650
46 146
698 847
646 763
213 236
26 118
15 73
123 166
651 774
519 575
903 920
626 656
193 273
186 203
188 234
638 726
896 958
22 89
70 136
551 610
216 235
913 962
204 241
57 108
200 247
403 508
652 745
624 663
876 881
392 491
189 275
435 561
27 115
875 890
830 851
459 586
662 707
408 437
210 237
208 343
659 751
648 672
205 297
669 781
536 584
879 900
895 990
194 230
24 155
668 767
414 475
554 595
67 97
88 99
497 568
16 77
905 996
384 439
56 126
421 431
669 712
415 438
661 789
397 458
394 465
511 553
650 724
626 642
22 30
852 867
884 903
406 532
438 565
651 673
219 280
209 300
843 853
22 62
23 31
896 996
15 62
168 177
876 878
406 461
875 885
3 14
648 701
536 581
380 407
219 307
413 441
383 534
17 26
402 534
189 307
878 915
416 522
187 191
633 793
395 502
663 809
916 927
537 584
11 57
197 237
831 849
413 448
656 802
204 280
665 748
414 448
1 22
405 510
894 936
19 44
699 845
624 654
214 244
34 101
393 454
198 317
916 947
898 967
671 780
911 972
622 646
647 705
382 417
909 934
541 582
645 691
407 478
634 706
216 286
653 674
180 212
642 695
654 803
627 670
272 359
484 588
170 187
652 812
259 355
474 578
668 813
438 593
79 123
132 171
631 788
661 733
432 553
637 711
213 339
213 256
8 32
205 306
392 510
671 768
9 78
406 463
217 328
687 831
651 815
633 677
414 442
15 50
394 525
404 478
54 136
217 226
416 463
902 959
884 894
23 76
600 624
394 472
206 334
209 237
634 768
670 679
217 341
198 314
894 981
658 798
631 806
419 425
58 138
650 689
641 772
639 746
626 630
361 366
415 534
6 73
418 459
208 265
631 673
75 162
882 906
2 20
911 990
649 712
906 991
498 588
639 828
22 25
477 545
8 68
478 555
67 109
915 991
406 459
666 786
634 761
31 91
902 973
894 938
14 59
404 436
372 409
641 787
373 387
860 891
657 678
669 820
180 192
607 627
902 979
48 158
199 309
77 134
845 851
374 398
388 501
395 541
906 985
421 528
206 350
151 173
412 450
389 452
659 789
648 679
624 655
198 329
192 329
420 479
386 470
881 914
398 532
851 872
189 317
202 277
72 124
653 694
18 29
211 324
157 171
408 484
903 956
861 883
393 470
626 638
206 234
189 316
585 595
198 228
408 526
45 137
644 743
371 407
513 565
16 51
770 839
633 762
9 84
584 599
497 582
192 262
912 925
604 627
21 35
613 617
387 422
871 877
904 975
409 520
587 601
398 442
554 614
549 597
897 948
407 544
218 249
196 325
377 386
20 35
83 130
118 168
640 719
619 637
909 973
872 888
893 920
651 706
418 448
898 973
387 532
648 803
914 960
855 862
621 666
648 798
410 502
205 254
908 933
638 740
394 427
182 202
751 832
862 887
21 50
395 510
202 228
878 912
386 525
912 935
193 246
396 519
967 1000
86 160
21 56
865 892
9 51
206 301
190 304
892 904
636 692
183 218
364 379
662 751
203 259
402 543
635 732
86 112
210 318
373 408
870 886
394 520
664 675
891 895
517 574
190 280
13 48
178 201
83 92
616 641
172 178
632 714
203 346
204 306
199 323
5 21
204 319
894 926
496 564
18 58
616 656
198 268
20 86
177 205
17 76
215 305
219 237
850 868
207 334
10 33
71 125
221 254
15 38
881 900
899 987
19 50
659 678
220 262
560 609
43 105
655 796
867 879
667 793
384 520
632 722
642 716
638 785
903 988
183 201
649 767
15 79
725 831
386 448
9 66
69 114
203 268
28 145
634 726
395 516
217 344
205 230
651 817
387 469
146 171
562 604
885 909
207 251
207 282
549 602
68 101
663 752
850 867
543 587
194 294
637 813
150 169
499 574
211 312
403 424
4 18
388 462
191 254
405 490
915 998
5 22
888 901
608 620
215 250
375 387
891 913
652 738
652 826
899 969
193 340
659 802
65 94
607 619
902 991
397 434
197 281
69 142
850 870
846 852
433 581
59 118
370 416
858 869
492 565
399 489
671 739
201 283
5 6
599 619
472 562
2 18
541 570
14 36
407 427
8 38
903 981
210 254
384 456
665 692
385 432
652 720
371 399
387 502
467 571
404 453
601 629
59 93
401 477
660 772
899 953
667 743
183 206
397 502
669 731
412 525
189 329
410 426
230 360
619 635
643 732
180 217
703 841
53 105
635 678
622 639
635 802
12 66
32 136
372 399
8 57
630 780
389 455
71 93
186 194
211 286
215 272
362 369
81 116
463 583
390 444
507 550
915 978
512 581
624 646
22 56
636 777
19 26
29 117
179 201
617 651
215 297
665 737
204 240
380 391
384 543
147 170
401 484
886 895
188 263
404 539
188 295
884 905
210 340
915 930
386 441
914 961
857 866
27 133
7 60
36 159
389 464
892 906
2 22
7 71
648 716
191 321
181 188
406 506
200 252
394 442
402 541
11 64
892 896
541 559
655 691
404 503
398 519
51 130
178 205
617 643
843 857
625 655
203 351
666 759
248 359
561 607
885 916
641 697
652 783
168 183
204 334
656 779
242 362
208 332
210 297
637 777
634 789
591 614
670 823
209 343
63 93
412 455
1 8
399 543
167 180
16 42
19 63
650 828
191 312
238 356
654 792
419 471
499 568
421 475
892 907
666 680
642 703
207 239
216 270
605 621
178 202
381 416
634 794
393 436
15 67
402 429
64 127
398 522
375 401
216 246
366 376
650 733
22 40
914 975
184 194
928 1000
899 942
389 474
217 274
203 230
639 787
662 725
911 995
899 996
472 559
495 571
398 458
900 963
197 236
915 953
60 163
884 895
669 824
627 634
632 778
206 327
544 583
669 689
6 65
81 140
24 119
218 311
201 304
129 176
635 789
588 607
16 72
202 331
173 178
644 822
910 956
394 463
219 230
901 930
79 139
211 245
201 285
401 493
376 407
855 876
47 92
894 982
495 551
197 261
407 449
183 192
55 145
188 276
189 353
17 49
889 897
379 412
153 167
58 112
13 66
366 374
397 534
201 305
853 875
658 758
799 832
38 112
394 522
667 755
632 731
45 153
384 444
208 272
864 882
374 413
201 288
661 731
451 577
642 710
628 664
853 864
390 439
9 52
59 159
205 314
652 784
410 536
861 880
661 675
411 455
219 254
14 71
635 778
860 882
896 928
398 463
201 324
418 438
178 217
8 48
913 950
18 37
453 573
665 724
538 550
201 240
851 871
190 327
192 257
373 409
90 104
644 719
220 314
637 679
405 436
201 313
896 986
692 830
659 742
386 481
898 975
494 591
872 885
66 160
657 811
669 708
172 186
202 296
182 188
26 124
161 172
632 798
205 335
417 488
495 587
394 492
881 910
670 726
857 875
185 202
639 688
786 835
899 971
2 19
653 714
205 345
210 304
372 405
631 681
177 208
74 113
4 11
410 501
444 583
900 989
36 129
381 393
399 526
906 961
384 536
378 405
893 962
409 471
761 836
397 480
646 715
646 735
658 769
656 807
850 871
82 152
210 309
617 644
6 33
366 370
652 787
85 129
913 927
650 815
907 983
669 710
219 269
639 682
500 568
217 257
689 835
641 732
641 738
219 328
482 562
213 237
642 748
421 433
487 591
883 902
382 416
858 870
520 566
390 455
10 41
616 642
193 223
407 440
403 466
569 600
452 585
374 384
57 143
718 837
79 145
189 327
621 658
193 272
380 395
73 132
401 495
391 449
349 355
386 518
660 697
404 434
632 827
387 428
654 749
669 771
669 800
897 998
187 200
206 308
630 810
420 463
909 937
906 939
643 828
404 521
425 554
86 147
664 696
8 26
22 78
220 308
185 200
20 55
582 603
200 333
418 467
387 482
195 281
660 793
384 474
10 87
916 982
398 535
49 148
9 69
6 83
914 919
655 772
655 702
89 116
6 39
181 199
896 978
886 915
14 54
220 286
211 323
397 485
183 190
184 198
202 339
443 587
27 127
401 467
14 42
650 787
655 744
386 527
669 766
899 993
898 965
12 83
646 690
205 232
415 487
408 427
9 83
199 259
519 549
213 287
13 34
82 115
219 315
894 998
670 799
143 172
899 962
411 494
653 793
667 824
691 845
909 958
916 953
78 139
637 733
509 560
864 885
399 488
7 66
401 530
204 285
195 334
436 580
14 38
190 333
204 353
860 888
24 109
901 922
382 384
8 66
665 820
849 872
15 78
660 727
17 80
392 493
9 56
409 540
185 213
211 223
626 634
488 550
23 72
900 940
18 65
383 485
625 641
386 490
34 160
189 223
628 633
971 1000
665 827
908 935
896 960
205 265
187 211
503 567
170 177
386 468
195 293
387 509
659 737
10 89
909 987
629 664
7 55
647 708
197 311
398 427
362 364
625 636
648 797
903 929
630 820
412 429
405 481
90 150
653 786
376 400
202 300
532 561
401 451
62 119
855 863
832 858
412 490
376 392
631 709
887 912
907 985
661 739
185 188
419 496
179 207
15 54
183 194
151 174
862 889
23 82
900 994
8 33
11 49
5 15
209 344
663 748
183 198
43 140
408 529
70 109
384 429
237 355
882 894
202 313
142 168
657 818
398 460
649 793
647 769
402 531
182 215
372 402
376 405
459 571
860 881
195 229
402 544
663 675
866 887
77 140
396 541
293 356
79 154
363 365
210 325
70 101
6 68
670 816
915 993
668 691
123 167
620 630
7 38
398 515
649 817
218 222
29 155
177 212
438 551
209 305
193 292
380 403
398 477
638 815
647 819
680 848
85 162
201 311
71 116
491 575
193 233
390 460
628 653
667 684
207 300
550 601
378 391
660 715
381 412
213 331
535 591
200 280
865 878
370 404
13 47
190 226
899 952
540 578
198 225
5 11
365 379
668 758
185 217
903 980
346 359
172 177
417 540
671 675
35 117
16 45
632 810
407 528
653 702
198 240
889 894
636 710
376 387
901 952
637 778
372 411
647 794
71 130
601 621
410 510
593 597
193 341
202 317
180 214
180 216
3 10
630 826
10 69
201 274
408 522
410 488
453 567
208 247
66 163
365 377
660 690
668 794
86 98
31 125
69 109
13 39
913 943
384 534
407 456
387 470
184 214
413 427
394 517
211 331
205 330
411 423
18 43
583 610
838 849
893 936
908 940
670 808
49 139
665 745
409 498
388 425
768 845
604 617
187 214
410 438
646 724
1 12
376 417
193 305
638 742
5 16
650 699
624 645
395 483
182 209
770 838
77 131
177 191
13 59
834 855
895 982
903 944
414 463
155 166
535 561
32 115
196 242
215 281
191 256
898 944
1 23
45 160
399 480
898 958
850 860
32 107
194 231
410 470
219 250
400 435
420 490
63 153
636 773
395 542
205 333
398 517
390 456
666 733
623 661
622 637
658 808
830 857
220 293
584 600
24 110
654 758
218 263
188 320
195 280
185 214
647 756
635 756
89 134
617 630
219 243
477 593
189 338
393 427
671 823
718 834
393 493
384 468
195 302
374 415
620 642
212 308
