1000 3000 100
6 11 11 11 11 11 11 11 11 11 10 10 10 10 10 10 10 10 10 10 10 10 10 10 10 10 10 10 10 10 10 10 10 10 10 10 10 10 10 10 10 10 10 10 10 10 10 10 10 10 10 10 10 10 10 10 10 10 10 10 10 10 10 10 10 10 10 10 10 10 10 10 10 10 10 10 10 10 10 10 10 10 10 10 10 10 10 10 10 10 10 10 10 10 10 10 10 10 10 5 
1 7
7 18
18 29
29 40
40 51
51 62
62 73
73 84
84 95
95 106
106 116
116 126
126 136
136 146
146 156
156 166
166 176
176 186
186 196
196 206
206 216
216 226
226 236
236 246
246 256
256 266
266 276
276 286
286 296
296 306
306 316
316 326
326 336
336 346
346 356
356 366
366 376
376 386
386 396
396 406
406 416
416 426
426 436
436 446
446 456
456 466
466 476
476 486
486 496
496 506
506 516
516 526
526 536
536 546
546 556
556 566
566 576
576 586
586 596
596 606
606 616
616 626
626 636
636 646
646 656
656 666
666 676
676 686
686 696
696 706
706 716
716 726
726 736
736 746
746 756
756 766
766 776
776 786
786 796
796 806
806 816
816 826
826 836
836 846
846 856
856 866
866 876
876 886
886 896
896 906
906 916
916 926
926 936
936 946
946 956
956 966
966 976
976 986
986 996
987 996
977 987
967 977
957 967
947 957
937 947
927 937
917 927
907 917
897 907
887 897
877 887
867 877
857 867
847 857
837 847
827 837
817 827
807 817
797 807
787 797
777 787
767 777
757 767
747 757
737 747
727 737
717 727
707 717
697 707
687 697
677 687
667 677
657 667
647 657
637 647
627 637
617 627
607 617
597 607
587 597
577 587
567 577
557 567
547 557
537 547
527 537
517 527
507 517
497 507
487 497
477 487
467 477
457 467
447 457
437 447
427 437
417 427
407 417
397 407
387 397
377 387
367 377
357 367
347 357
337 347
327 337
317 327
307 317
297 307
287 297
277 287
267 277
257 267
247 257
237 247
227 237
217 227
207 217
197 207
187 197
177 187
167 177
157 167
147 157
137 147
127 137
117 127
107 117
96 107
85 96
74 85
63 74
52 63
41 52
30 41
19 30
8 19
2 8
2 9
9 20
20 31
31 42
42 53
53 64
64 75
75 86
86 97
97 108
108 118
118 128
128 138
138 148
148 158
158 168
168 178
178 188
188 198
198 208
208 218
218 228
228 238
238 248
248 258
258 268
268 278
278 288
288 298
298 308
308 318
318 328
328 338
338 348
348 358
358 368
368 378
378 388
388 398
398 408
408 418
418 428
428 438
438 448
448 458
458 468
468 478
478 488
488 498
498 508
508 518
518 528
528 538
538 548
548 558
558 568
568 578
578 588
588 598
598 608
608 618
618 628
628 638
638 648
648 658
658 668
668 678
678 688
688 698
698 708
708 718
718 728
728 738
738 748
748 758
758 768
768 778
778 788
788 798
798 808
808 818
818 828
828 838
838 848
848 858
858 868
868 878
878 888
888 898
898 908
908 918
918 928
928 938
938 948
948 958
958 968
968 978
978 988
988 997
989 997
979 989
969 979
959 969
949 959
939 949
929 939
919 929
909 919
899 909
889 899
879 889
869 879
859 869
849 859
839 849
829 839
819 829
809 819
799 809
789 799
779 789
769 779
759 769
749 759
739 749
729 739
719 729
709 719
699 709
689 699
679 689
669 679
659 669
649 659
639 649
629 639
619 629
609 619
599 609
589 599
579 589
569 579
559 569
549 559
539 549
529 539
519 529
509 519
499 509
489 499
479 489
469 479
459 469
449 459
439 449
429 439
419 429
409 419
399 409
389 399
379 389
369 379
359 369
349 359
339 349
329 339
319 329
309 319
299 309
289 299
279 289
269 279
259 269
249 259
239 249
229 239
219 229
209 219
199 209
189 199
179 189
169 179
159 169
149 159
139 149
129 139
119 129
109 119
98 109
87 98
76 87
65 76
54 65
43 54
32 43
21 32
10 21
3 10
3 11
11 22
22 33
33 44
44 55
55 66
66 77
77 88
88 99
99 110
110 120
120 130
130 140
140 150
150 160
160 170
170 180
180 190
190 200
200 210
210 220
220 230
230 240
240 250
250 260
260 270
270 280
280 290
290 300
300 310
310 320
320 330
330 340
340 350
350 360
360 370
370 380
380 390
390 400
400 410
410 420
420 430
430 440
440 450
450 460
460 470
470 480
480 490
490 500
500 510
510 520
520 530
530 540
540 550
550 560
560 570
570 580
580 590
590 600
600 610
610 620
620 630
630 640
640 650
650 660
660 670
670 680
680 690
690 700
700 710
710 720
720 730
730 740
740 750
750 760
760 770
770 780
780 790
790 800
800 810
810 820
820 830
830 840
840 850
850 860
860 870
870 880
880 890
890 900
900 910
910 920
920 930
930 940
940 950
950 960
960 970
970 980
980 990
990 998
991 998
981 991
971 981
961 971
951 961
941 951
931 941
921 931
911 921
901 911
891 901
881 891
871 881
861 871
851 861
841 851
831 841
821 831
811 821
801 811
791 801
781 791
771 781
761 771
751 761
741 751
731 741
721 731
711 721
701 711
691 701
681 691
671 681
661 671
651 661
641 651
631 641
621 631
611 621
601 611
591 601
581 591
571 581
561 571
551 561
541 551
531 541
521 531
511 521
501 511
491 501
481 491
471 481
461 471
451 461
441 451
431 441
421 431
411 421
401 411
391 401
381 391
371 381
361 371
351 361
341 351
331 341
321 331
311 321
301 311
291 301
281 291
271 281
261 271
251 261
241 251
231 241
221 231
211 221
201 211
191 201
181 191
171 181
161 171
151 161
141 151
131 141
121 131
111 121
100 111
89 100
78 89
67 78
56 67
45 56
34 45
23 34
12 23
4 12
4 13
13 24
24 35
35 46
46 57
57 68
68 79
79 90
90 101
101 112
112 122
122 132
132 142
142 152
152 162
162 172
172 182
182 192
192 202
202 212
212 222
222 232
232 242
242 252
252 262
262 272
272 282
282 292
292 302
302 312
312 322
322 332
332 342
342 352
352 362
362 372
372 382
382 392
392 402
402 412
412 422
422 432
432 442
442 452
452 462
462 472
472 482
482 492
492 502
502 512
512 522
522 532
532 542
542 552
552 562
562 572
572 582
582 592
592 602
602 612
612 622
622 632
632 642
642 652
652 662
662 672
672 682
682 692
692 702
702 712
712 722
722 732
732 742
742 752
752 762
762 772
772 782
782 792
792 802
802 812
812 822
822 832
832 842
842 852
852 862
862 872
872 882
882 892
892 902
902 912
912 922
922 932
932 942
942 952
952 962
962 972
972 982
982 992
992 999
993 999
983 993
973 983
963 973
953 963
943 953
933 943
923 933
913 923
903 913
893 903
883 893
873 883
863 873
853 863
843 853
833 843
823 833
813 823
803 813
793 803
783 793
773 783
763 773
753 763
743 753
733 743
723 733
713 723
703 713
693 703
683 693
673 683
663 673
653 663
643 653
633 643
623 633
613 623
603 613
593 603
583 593
573 583
563 573
553 563
543 553
533 543
523 533
513 523
503 513
493 503
483 493
473 483
463 473
453 463
443 453
433 443
423 433
413 423
403 413
393 403
383 393
373 383
363 373
353 363
343 353
333 343
323 333
313 323
303 313
293 303
283 293
273 283
263 273
253 263
243 253
233 243
223 233
213 223
203 213
193 203
183 193
173 183
163 173
153 163
143 153
133 143
123 133
113 123
102 113
91 102
80 91
69 80
58 69
47 58
36 47
25 36
14 25
5 14
5 15
15 26
26 37
37 48
48 59
59 70
70 81
81 92
92 103
103 114
114 124
124 134
134 144
144 154
154 164
164 174
174 184
184 194
194 204
204 214
214 224
224 234
234 244
244 254
254 264
264 274
274 284
284 294
294 304
304 314
314 324
324 334
334 344
344 354
354 364
364 374
374 384
384 394
394 404
404 414
414 424
424 434
434 444
444 454
454 464
464 474
474 484
484 494
494 504
504 514
514 524
524 534
534 544
544 554
554 564
564 574
574 584
584 594
594 604
604 614
614 624
624 634
634 644
644 654
654 664
664 674
674 684
684 694
694 704
704 714
714 724
724 734
734 744
744 754
754 764
764 774
774 784
784 794
794 804
804 814
814 824
824 834
834 844
844 854
854 864
864 874
874 884
884 894
894 904
904 914
914 924
924 934
934 944
944 954
954 964
964 974
974 984
984 994
994 1000
995 1000
985 995
975 985
965 975
955 965
945 955
935 945
925 935
915 925
905 915
895 905
885 895
875 885
865 875
855 865
845 855
835 845
825 835
815 825
805 815
795 805
785 795
775 785
765 775
755 765
745 755
735 745
725 735
715 725
705 715
695 705
685 695
675 685
665 675
655 665
645 655
635 645
625 635
615 625
605 615
595 605
585 595
575 585
565 575
555 565
545 555
535 545
525 535
515 525
505 515
495 505
485 495
475 485
465 475
455 465
445 455
435 445
425 435
415 425
405 415
395 405
385 395
375 385
365 375
355 365
345 355
335 345
325 335
315 325
305 315
295 305
285 295
275 285
265 275
255 265
245 255
235 245
225 235
215 225
205 215
195 205
185 195
175 185
165 175
155 165
145 155
135 145
125 135
115 125
104 115
93 104
82 93
71 82
60 71
49 60
38 49
27 38
16 27
6 16
6 17
17 28
28 39
39 50
50 61
61 72
72 83
83 94
94 105
249 260
625 629
617 629
391 397
330 345
308 323
177 195
758 773
578 594
865 870
190 198
251 257
877 891
316 329
647 658
263 267
575 581
357 374
823 828
636 654
546 559
441 449
835 841
767 781
827 836
856 867
884 891
730 742
928 940
440 447
568 577
565 571
416 432
340 355
325 333
221 234
822 829
939 954
395 396
588 601
269 282
790 802
574 583
973 978
411 425
429 437
722 730
312 324
274 277
826 842
306 323
726 739
980 987
750 756
420 426
655 662
910 918
734 740
432 441
135 139
649 657
922 929
92 104
717 732
228 245
51 63
884 895
668 677
243 247
742 753
153 157
908 920
213 221
621 626
573 585
984 991
569 577
660 673
96 115
894 900
906 919
295 296
916 935
320 331
468 482
102 106
659 673
28 36
839 853
523 535
967 980
816 833
846 865
187 202
436 452
253 260
367 384
179 187
955 956
244 246
442 447
248 261
206 225
226 239
369 380
65 78
945 946
947 961
570 579
496 513
861 866
471 479
110 116
653 657
189 203
748 761
420 429
745 747
609 618
219 230
805 813
870 883
595 603
585 593
811 819
869 876
746 762
448 464
66 75
375 381
68 77
977 995
475 480
354 359
183 189
921 933
903 914
907 925
47 56
432 439
420 435
362 366
908 917
686 705
842 850
36 50
753 757
570 585
788 799
593 605
831 843
424 427
691 696
46 61
271 277
255 261
85 103
577 592
561 569
488 503
915 916
672 681
858 874
739 747
152 158
946 961
16 26
545 549
37 45
35 42
374 382
590 598
894 902
271 278
537 551
182 195
404 412
672 683
381 395
762 770
567 579
909 924
671 682
522 531
522 529
663 669
959 968
355 363
676 694
845 854
371 385
974 978
526 545
136 155
976 991
570 583
812 824
339 347
535 538
406 423
332 337
941 949
787 796
473 481
877 890
335 341
663 671
985 990
507 521
754 757
115 117
494 502
15 27
756 769
178 186
674 680
966 983
895 901
562 567
981 986
764 770
612 624
45 59
468 481
782 791
846 864
413 421
347 356
914 917
490 496
692 704
710 719
323 330
289 303
826 837
150 159
133 137
983 987
125 130
870 884
800 809
92 100
272 283
602 615
982 995
355 362
405 413
301 309
4 10
322 330
549 564
622 626
349 362
984 987
496 511
762 769
642 647
819 835
619 626
918 932
146 164
425 434
10 24
58 71
718 729
687 700
533 539
81 90
364 369
866 884
664 675
634 637
358 367
782 794
352 357
186 204
793 801
916 928
989 999
566 579
979 990
150 158
789 800
537 553
191 204
209 224
953 961
590 601
685 690
503 509
717 726
517 533
572 576
6 15
826 838
254 259
15 24
910 924
273 281
76 92
366 380
608 620
706 721
943 948
608 619
584 587
431 436
572 579
252 256
586 602
889 898
343 354
62 75
286 297
294 298
739 751
226 238
912 924
138 149
409 421
138 152
241 253
664 672
205 209
249 257
950 964
793 802
849 860
612 625
438 446
111 118
450 463
300 309
327 343
499 513
49 55
269 277
367 383
709 716
84 101
478 495
120 126
155 164
381 389
963 975
402 407
320 332
173 185
246 260
129 140
37 44
52 69
403 409
144 150
375 382
621 630
103 106
335 337
746 764
638 655
405 408
866 883
323 331
653 660
975 981
564 571
594 597
741 750
37 43
520 531
613 621
486 503
437 451
716 733
580 587
531 542
69 82
978 993
357 372
760 769
558 571
956 970
914 922
840 853
101 114
81 91
871 876
411 417
74 90
462 471
32 49
485 494
508 516
604 612
863 870
593 599
225 228
981 993
138 146
839 848
772 784
153 156
919 934
970 979
376 388
400 407
227 236
707 723
616 628
881 895
512 517
887 896
434 440
172 176
207 219
830 841
121 135
192 199
370 377
412 424
712 717
86 105
796 809
466 484
272 281
904 910
242 255
389 400
372 376
142 148
556 575
811 817
796 812
368 382
95 108
591 604
436 448
507 520
820 832
291 297
587 605
176 187
986 997
937 952
56 72
50 55
694 696
198 210
879 892
923 931
755 757
13 25
366 378
515 520
455 461
665 671
132 136
312 321
52 71
332 343
160 173
715 716
396 408
905 912
941 950
166 183
112 123
324 330
665 668
339 353
460 475
227 243
131 145
592 598
560 567
761 770
1 13
513 518
712 720
357 371
936 949
268 285
383 386
142 146
374 380
753 762
653 662
987 998
833 839
736 753
291 296
468 480
72 73
828 839
814 821
957 966
687 696
27 30
970 984
272 279
74 84
882 893
969 978
183 190
323 329
530 538
120 128
539 553
46 52
317 332
451 465
12 21
145 154
603 610
27 37
83 91
901 914
214 221
892 901
303 309
710 724
17 25
924 928
371 377
931 936
65 79
536 547
567 582
53 67
514 520
767 778
336 355
667 679
500 514
406 425
890 905
699 712
189 204
672 684
596 608
991 997
960 968
376 391
731 737
555 558
711 716
880 894
732 743
290 299
50 53
632 643
61 69
514 522
884 888
129 144
516 529
93 97
12 20
193 197
201 213
864 875
442 450
882 895
892 900
117 134
427 442
406 424
518 530
726 738
383 391
81 87
657 670
66 82
510 519
688 704
183 195
635 642
790 805
360 372
574 576
570 577
328 344
735 744
380 389
291 302
861 869
161 170
956 969
785 787
316 330
452 461
548 563
430 438
405 411
640 652
397 411
772 779
949 961
879 891
785 789
875 877
678 689
123 127
555 556
895 902
50 56
893 896
611 624
135 138
77 91
839 847
700 709
418 426
912 917
314 323
267 278
329 338
122 128
960 975
874 880
823 826
531 536
153 158
824 829
856 872
439 452
445 448
322 334
667 680
9 18
841 855
955 960
240 247
624 632
965 967
264 273
480 495
314 325
651 660
14 24
77 86
393 400
578 590
476 493
356 370
552 560
275 277
932 940
550 561
116 131
739 748
35 49
262 274
629 642
175 178
855 864
826 843
646 659
716 731
499 510
664 668
276 290
9 26
200 213
695 698
249 262
834 843
556 568
465 469
314 316
484 492
212 217
260 271
865 871
939 953
18 38
732 740
24 29
730 738
902 908
122 127
197 209
274 276
765 767
24 33
233 236
378 389
944 952
112 117
320 328
407 418
238 249
896 909
719 731
414 425
104 109
324 332
624 630
172 177
244 247
140 146
625 626
620 632
571 583
623 629
381 387
872 881
549 556
369 376
886 902
282 289
505 510
527 545
389 397
86 98
419 426
818 833
95 109
969 976
207 220
640 653
812 817
665 674
699 710
612 618
893 897
612 619
301 306
762 773
208 224
819 834
8 21
250 264
445 449
974 985
45 51
768 785
940 949
110 117
352 359
972 977
500 506
512 525
852 859
858 872
778 795
423 431
41 53
666 682
523 528
539 548
370 381
874 877
403 411
669 682
740 746
278 293
273 278
883 895
880 893
161 169
436 455
380 387
922 930
255 262
159 170
330 344
517 530
363 369
879 895
602 611
172 184
365 372
751 762
641 652
279 293
914 921
218 227
686 699
232 245
387 402
940 948
574 578
30 44
509 517
8 28
614 620
876 895
487 499
482 493
687 704
964 970
283 289
286 304
895 898
81 89
154 162
162 175
335 343
657 672
879 890
435 444
401 407
879 886
674 682
523 531
282 295
754 763
113 117
576 587
723 726
896 914
984 990
36 43
102 114
410 419
21 34
556 571
464 475
919 930
488 501
343 346
503 511
312 319
613 622
125 132
946 963
828 836
62 77
581 594
981 995
211 216
68 74
994 998
429 440
732 739
354 363
658 673
556 572
964 972
284 292
323 335
55 65
236 253
49 59
529 536
370 384
358 371
612 621
845 851
203 215
458 469
80 92
140 151
124 133
387 404
295 303
187 196
822 831
563 568
304 313
64 78
11 19
402 411
692 697
605 607
984 988
143 152
60 68
741 753
863 874
336 352
428 444
881 889
913 922
849 863
27 33
875 884
129 142
341 355
164 170
212 218
461 466
472 484
144 148
703 707
678 687
265 267
217 230
853 858
617 632
596 614
434 441
259 266
74 91
2 17
169 184
737 746
16 18
736 754
930 941
171 182
471 485
313 317
489 502
736 749
230 242
977 989
77 84
44 52
482 487
423 429
607 618
381 386
519 528
223 234
707 720
221 232
730 744
103 110
446 460
707 719
10 27
526 538
213 225
835 839
738 755
102 109
110 119
767 780
154 161
133 145
223 230
728 736
530 544
43 52
851 863
461 473
459 471
807 824
777 788
147 163
221 226
896 907
253 261
421 428
869 882
56 63
695 696
516 527
940 955
150 165
47 51
223 227
326 340
814 816
848 862
511 518
262 268
743 755
673 682
554 560
164 166
443 450
262 271
977 988
481 489
13 19
151 163
261 267
334 340
199 213
652 660
297 310
730 739
785 794
964 973
278 290
706 724
386 400
548 564
239 248
90 98
568 582
453 459
492 503
504 506
983 989
404 415
315 318
163 174
861 874
474 479
471 477
830 843
838 847
216 228
435 440
445 450
809 817
473 477
818 835
589 600
488 505
968 977
440 455
725 727
165 166
23 36
825 833
923 928
948 957
32 47
132 138
195 204
748 760
20 34
561 573
678 692
912 918
78 88
930 945
958 966
375 384
423 427
708 722
96 109
743 746
607 616
816 835
426 443
554 565
622 629
78 93
128 137
157 168
218 234
557 569
716 734
118 127
67 76
456 470
15 28
855 861
711 718
725 729
784 790
284 287
398 413
712 719
74 93
16 22
686 702
513 517
317 326
357 368
209 216
522 535
339 354
908 919
113 124
21 30
118 126
708 721
659 667
888 899
584 586
413 420
235 236
677 689
521 527
49 61
821 826
16 19
455 462
726 742
307 323
257 269
242 250
357 373
12 22
521 535
301 308
674 677
388 400
846 862
172 181
79 85
663 667
863 869
409 423
973 980
579 591
132 140
27 34
6 8
821 827
691 700
765 774
395 403
342 355
197 212
766 783
5 11
144 155
629 644
789 798
93 100
114 116
63 79
904 909
293 299
913 921
814 820
982 993
261 275
685 694
670 683
262 275
152 156
167 178
988 998
347 363
742 751
386 404
148 157
622 631
703 710
917 929
627 636
445 447
34 42
901 913
25 38
151 160
727 745
5 16
674 679
931 938
653 664
566 581
64 81
819 828
210 223
325 330
221 228
169 177
497 506
54 63
803 806
555 557
492 499
15 21
28 29
39 47
4 15
171 177
628 636
270 281
815 819
480 488
906 918
797 811
695 699
681 687
832 844
211 223
67 77
591 598
558 566
551 564
730 745
370 385
887 899
395 402
877 889
170 176
925 926
321 330
788 800
796 814
472 483
448 457
526 541
84 100
285 290
798 814
378 386
138 154
128 140
504 507
371 383
884 890
87 96
113 125
180 188
169 178
593 600
765 766
86 100
182 194
378 391
903 910
367 378
26 29
488 497
536 550
2 11
226 244
136 147
933 936
654 663
793 799
969 977
73 85
553 559
362 374
22 31
959 974
176 194
225 226
621 627
206 217
528 542
600 608
781 792
449 464
305 307
347 359
366 381
658 666
432 438
333 344
749 762
630 642
311 322
870 881
707 718
735 740
925 929
83 85
587 604
82 86
321 333
700 708
551 560
532 544
260 266
681 692
916 927
369 381
922 933
600 613
22 30
483 492
208 219
135 136
603 606
503 510
440 452
396 411
755 760
354 360
870 882
147 161
295 298
940 946
73 90
895 903
859 871
396 409
98 106
120 135
756 775
434 439
163 169
119 135
403 408
505 512
194 203
704 707
455 464
925 933
625 631
695 703
695 697
282 294
604 609
149 157
953 956
636 649
549 563
483 486
105 114
769 780
811 825
668 680
59 64
2 12
483 491
472 478
155 163
828 837
485 489
924 926
176 192
666 677
698 706
769 783
275 280
331 345
230 238
124 131
244 248
795 804
181 186
289 298
434 443
645 647
888 902
885 893
453 462
18 32
671 683
399 413
746 763
843 850
582 594
879 888
142 153
123 135
387 401
809 818
759 774
72 81
841 848
770 779
934 938
976 990
603 608
850 856
665 672
144 149
276 294
352 360
162 170
359 371
731 742
482 490
993 1000
654 658
90 95
982 989
254 258
338 353
299 308
704 706
531 537
985 991
780 794
373 380
912 919
816 830
334 345
541 555
409 416
943 946
425 429
17 21
824 832
475 483
201 208
59 63
507 525
872 885
147 162
230 236
454 461
873 877
329 343
38 45
422 426
799 814
894 899
512 524
392 403
108 125
708 720
504 515
691 703
490 501
181 195
840 851
121 128
918 933
530 536
602 606
319 326
197 214
647 664
240 254
967 978
746 759
718 732
943 954
465 473
457 475
130 137
155 159
906 920
95 115
533 536
677 691
703 708
676 690
78 84
590 605
615 621
614 622
714 719
668 676
485 491
6 14
685 689
35 40
763 774
925 934
49 56
66 76
639 650
32 41
863 867
226 240
502 510
625 628
624 628
885 887
563 571
184 193
842 854
570 578
333 342
51 66
385 388
603 609
380 388
930 942
99 112
318 327
257 273
801 808
641 646
627 638
25 33
803 809
660 667
177 190
311 319
617 633
682 691
452 464
748 757
174 178
189 200
965 974
625 632
36 41
808 825
662 670
906 923
361 366
369 384
946 957
172 178
928 943
476 488
34 50
151 159
529 537
40 61
721 730
382 389
843 851
869 880
780 792
789 801
485 487
739 755
277 293
785 786
160 172
705 711
91 96
23 31
566 583
322 335
383 394
773 777
559 572
354 361
650 659
101 106
516 533
982 987
293 298
301 307
307 321
850 863
223 226
494 498
68 75
433 437
317 329
380 392
857 874
508 522
671 678
348 364
951 962
795 799
936 954
681 689
361 372
126 137
661 668
358 372
430 442
218 226
975 977
456 471
282 288
113 121
729 738
887 898
673 679
582 595
152 163
710 717
303 310
514 521
307 316
348 356
451 460
103 112
902 913
535 536
542 550
675 680
59 69
655 664
784 788
177 186
201 207
865 868
487 496
568 576
883 886
191 203
377 386
606 622
317 331
794 796
315 321
122 131
28 35
98 111
869 878
904 908
387 396
969 980
500 512
475 477
839 846
308 325
248 262
787 801
504 509
581 592
191 205
963 972
697 706
899 910
841 854
785 788
861 873
783 792
880 888
363 370
606 617
495 498
786 801
891 898
7 22
170 178
817 831
866 882
262 266
291 304
924 933
201 212
897 908
382 386
424 432
243 246
523 532
345 352
277 292
533 542
859 870
42 55
823 830
10 23
494 505
347 361
633 645
669 676
37 42
285 286
546 565
228 244
341 347
459 473
522 530
807 819
327 345
684 692
697 711
951 956
458 472
474 485
127 139
634 641
645 650
552 558
843 848
257 268
457 473
319 334
663 668
317 330
556 573
942 954
477 495
840 852
812 818
413 418
400 413
790 797
848 864
688 696
334 342
943 952
905 911
688 700
146 160
334 343
647 661
349 358
38 50
450 462
216 230
616 630
889 905
330 343
545 554
190 196
528 540
656 672
925 932
805 810
788 805
233 245
469 477
30 42
628 641
196 207
384 388
239 250
742 750
489 503
521 533
276 291
758 769
43 60
285 294
17 19
631 645
855 860
166 185
26 39
12 28
300 307
234 236
924 930
911 925
819 831
402 408
820 833
382 388
727 739
361 368
968 980
112 125
623 628
702 707
923 935
373 382
400 412
306 325
920 934
413 425
250 257
978 987
630 641
989 998
259 273
723 731
264 268
154 159
698 710
720 728
621 628
443 451
497 515
945 947
183 187
259 271
620 627
615 624
327 339
760 775
228 239
691 697
217 228
917 935
55 63
732 738
259 267
247 265
571 580
510 518
56 68
61 67
871 880
953 965
149 163
107 122
275 278
673 677
660 671
883 887
67 73
862 869
353 364
688 697
693 696
270 284
984 993
328 341
950 956
881 890
766 779
885 889
324 335
946 960
306 317
157 173
979 986
222 235
941 947
689 704
433 440
134 137
364 370
559 574
774 785
139 151
932 939
217 226
764 768
393 396
228 240
428 440
570 581
555 560
868 882
837 849
958 971
516 534
618 630
164 172
825 826
799 815
813 816
400 406
559 566
819 830
927 938
928 939
611 623
477 490
486 499
603 612
737 750
48 52
38 46
935 941
849 864
741 755
240 255
156 173
935 940
40 53
689 703
598 613
470 485
270 278
605 612
555 559
292 301
600 615
694 705
295 297
429 444
306 324
934 942
900 912
801 807
76 90
644 650
519 526
707 725
348 359
511 524
313 325
114 125
211 219
738 747
523 527
697 710
843 854
346 360
476 487
43 61
131 140
676 692
266 278
864 867
983 986
223 229
257 272
921 926
958 975
228 236
36 46
78 90
751 758
303 308
115 124
70 74
633 642
129 141
426 445
596 611
73 89
300 315
600 614
626 640
920 928
500 511
877 892
136 150
520 532
881 894
411 422
730 736
49 54
309 320
934 940
692 699
657 668
143 151
341 349
226 245
683 686
684 695
758 770
369 383
404 406
732 737
558 570
553 558
28 31
547 564
312 318
680 688
147 159
383 392
255 263
392 404
126 140
950 963
506 521
458 475
743 752
274 280
624 627
6 11
640 655
660 666
197 206
24 31
421 435
632 641
615 620
792 798
304 306
465 468
188 204
889 900
411 418
376 392
598 609
544 552
30 43
914 919
727 742
530 542
458 473
480 492
939 955
482 488
215 223
622 627
209 217
383 387
165 174
488 500
437 448
289 296
383 389
271 283
150 164
905 914
724 732
511 516
185 192
486 497
903 911
755 762
700 714
767 779
145 150
191 199
606 625
408 422
540 554
590 599
722 735
154 165
930 937
431 438
862 867
267 276
861 872
952 963
84 96
976 994
654 662
324 331
240 252
318 326
171 178
643 646
382 387
512 518
734 745
861 870
856 869
534 539
592 604
89 103
886 900
163 170
443 447
556 570
36 44
900 906
236 251
571 578
57 72
921 930
295 299
818 832
302 314
832 839
817 830
921 935
406 420
883 891
45 58
