1000 3000 50
1 2 11 42 1 5 16 58 1 2 7 28 1 6 16 47 1 4 13 55 2 3 10 80 19 10 18 79 3 7 30 21 12 20 75 24 8 8 25 2 47 19 8 10 56 6 6 17 57 1 
1 2
1 3
2 4
2 5
2 6
2 7
2 8
2 9
2 10
3 11
3 12
3 13
3 14
4 15
4 16
4 17
4 18
4 19
4 20
4 21
5 22
5 23
5 24
5 25
5 26
6 27
6 28
8 29
8 30
8 31
8 32
8 33
9 34
10 35
10 36
10 37
11 38
11 39
11 40
11 41
11 42
11 43
12 44
12 45
12 46
13 47
13 48
13 49
13 50
13 51
14 52
14 53
14 54
14 55
14 56
56 57
57 58
57 59
57 60
57 61
57 62
58 63
58 64
58 65
59 66
59 67
59 68
59 69
60 70
60 71
60 72
60 73
60 74
61 75
61 76
62 77
62 78
63 79
63 80
63 81
63 82
63 83
63 84
63 85
64 86
65 87
65 88
65 89
65 90
67 91
67 92
67 93
67 94
67 95
69 96
69 97
70 98
70 99
70 100
70 101
70 102
70 103
71 104
71 105
71 106
71 107
71 108
72 109
72 110
72 111
72 112
72 113
72 114
72 115
73 116
73 117
73 118
73 119
73 120
73 121
74 122
74 123
74 124
74 125
74 126
75 127
76 128
76 129
77 130
77 131
78 132
78 133
78 134
78 135
78 136
136 137
137 138
137 139
138 140
138 141
139 142
139 143
139 144
139 145
139 146
140 147
140 148
140 149
141 150
141 151
141 152
141 153
142 154
142 155
142 156
142 157
142 158
142 159
142 160
143 161
143 162
143 163
143 164
143 165
144 166
144 167
144 168
144 169
144 170
144 171
144 172
145 173
145 174
174 175
175 176
175 177
175 178
175 179
175 180
175 181
176 182
176 183
176 184
176 185
177 186
177 187
177 188
179 189
179 190
179 191
179 192
180 193
180 194
180 195
180 196
180 197
182 198
182 199
182 200
182 201
182 202
182 203
182 204
183 205
183 206
183 207
184 208
185 209
185 210
185 211
186 212
186 213
186 214
186 215
187 216
187 217
187 218
188 219
188 220
189 221
190 222
190 223
190 224
190 225
190 226
190 227
190 228
191 229
192 230
192 231
192 232
192 233
194 234
194 235
194 236
194 237
195 238
195 239
197 240
197 241
197 242
197 243
197 244
244 245
245 246
245 247
245 248
246 250
246 251
246 252
246 253
246 254
246 255
246 256
247 257
247 258
247 259
247 260
247 261
250 263
250 264
250 265
251 266
252 267
252 268
252 269
252 270
252 271
252 272
253 273
253 274
253 275
253 276
253 277
253 278
253 279
254 280
254 281
254 282
254 283
254 284
254 285
255 286
256 287
256 288
256 289
256 290
257 291
257 292
257 293
257 294
257 295
257 296
257 297
258 298
258 299
258 300
258 301
258 302
258 303
259 304
260 305
260 306
260 307
260 308
260 309
260 310
261 311
261 312
261 313
313 318
318 320
318 321
320 323
320 324
320 325
320 326
320 327
320 328
320 329
321 330
321 331
323 333
323 334
323 335
323 336
323 337
324 338
325 339
325 340
325 341
327 342
328 343
328 344
328 345
328 346
328 347
329 348
329 349
330 350
330 351
330 352
330 353
353 413
413 432
413 433
413 434
413 435
413 436
432 442
432 443
432 444
433 445
433 446
433 447
433 448
433 449
435 450
435 451
435 452
436 453
436 454
436 455
436 456
436 457
436 458
442 460
442 461
442 462
442 463
442 464
443 465
443 466
443 467
443 468
443 469
444 470
444 471
444 472
445 473
445 474
445 475
445 476
445 477
446 478
446 479
446 480
446 481
446 482
446 483
446 484
447 485
447 486
447 487
447 488
447 489
447 490
447 491
448 492
448 493
450 494
450 495
450 496
450 497
450 498
450 499
450 500
451 501
451 502
451 503
452 504
452 505
452 506
452 507
452 508
452 509
452 510
453 511
453 512
453 513
453 514
453 515
454 516
454 517
454 518
454 519
454 520
454 521
456 522
456 523
456 524
456 525
457 526
457 527
458 528
458 529
458 530
458 531
458 532
458 533
533 539
539 542
539 543
539 544
539 545
539 546
539 547
542 549
542 550
542 551
542 552
542 553
542 554
543 555
543 556
543 557
543 558
544 559
544 560
544 561
544 562
544 563
544 564
544 565
545 566
545 567
545 568
545 569
545 570
546 571
546 572
546 573
546 574
546 575
546 576
546 577
577 579
579 600
579 601
579 602
579 603
579 604
600 612
600 613
600 614
600 615
600 616
600 617
601 618
601 619
601 620
601 621
601 622
601 623
602 624
602 625
602 626
602 627
602 628
602 629
602 630
613 632
614 633
614 634
614 635
614 636
615 637
615 638
615 639
616 640
616 641
617 642
617 643
617 644
618 645
618 646
618 647
618 648
619 649
619 650
619 651
619 652
619 653
619 654
619 655
620 656
620 657
620 658
620 659
621 660
621 661
622 662
622 663
623 664
623 665
623 666
624 667
624 668
624 669
624 670
624 671
625 672
625 673
625 674
625 675
625 676
625 677
626 678
626 679
626 680
626 681
626 682
626 683
626 684
627 685
627 686
627 687
627 688
627 689
627 690
628 691
628 692
628 693
628 694
628 695
628 696
628 697
629 698
629 699
629 700
629 701
629 702
629 703
629 704
630 705
705 707
707 731
731 739
731 740
731 741
731 742
731 743
731 744
731 745
739 747
740 748
740 749
740 750
740 751
740 752
740 753
740 754
742 755
742 756
742 757
742 758
742 759
742 760
743 761
743 762
744 763
744 764
744 765
744 766
744 767
745 768
768 772
772 774
774 821
774 822
774 823
823 840
823 841
823 842
840 848
840 849
840 850
840 851
840 852
840 853
841 854
841 855
842 856
849 858
849 859
849 860
849 861
849 862
849 863
849 864
850 865
850 866
850 867
851 868
851 869
851 870
851 871
851 872
852 873
852 874
852 875
854 876
854 877
854 878
854 879
854 880
854 881
854 882
855 883
855 884
855 885
855 886
855 887
855 888
855 889
856 890
856 891
856 892
856 893
856 894
894 914
914 920
914 921
914 922
914 923
920 926
920 927
920 928
920 929
920 930
920 931
920 932
921 933
921 934
922 935
922 936
922 937
922 938
922 939
922 940
923 941
926 943
927 944
927 945
927 946
928 947
928 948
929 949
930 950
930 951
930 952
930 953
931 954
931 955
931 956
932 957
933 958
934 959
934 960
934 961
935 962
935 963
935 964
935 965
936 966
936 967
936 968
936 969
936 970
936 971
937 972
937 973
938 974
938 975
938 976
938 977
938 978
938 979
939 980
939 981
939 982
939 983
939 984
939 985
939 986
940 987
940 988
940 989
940 990
940 991
940 992
940 993
941 994
941 995
941 996
996 1000
997 1000
998 1000
999 1000
942 999
924 942
925 942
915 924
916 924
917 924
918 924
919 925
895 916
896 916
897 916
898 916
899 917
900 917
901 917
902 917
903 917
904 917
905 917
906 918
907 918
908 918
909 918
910 918
911 919
912 919
913 919
857 913
843 857
844 857
845 857
846 857
847 857
824 843
825 843
826 843
827 843
828 843
829 843
830 844
831 844
832 844
833 844
834 844
835 845
836 845
837 845
838 845
839 847
775 824
776 824
777 824
778 824
779 824
780 826
781 826
782 826
783 826
784 826
785 827
786 827
787 827
788 827
789 828
790 828
791 828
792 828
793 828
794 830
795 830
796 830
797 830
798 831
799 832
800 833
801 833
802 833
803 833
804 834
805 834
806 834
807 836
808 836
809 836
810 836
811 837
812 838
813 838
814 838
815 839
816 839
817 839
818 839
819 839
820 839
773 820
769 773
770 773
771 773
746 771
732 746
733 746
734 746
735 746
736 746
737 746
738 746
708 732
709 732
710 732
711 732
712 732
713 732
714 733
715 733
716 733
717 733
718 734
719 734
720 734
721 735
722 736
723 736
724 736
725 737
726 737
727 738
728 738
729 738
730 738
706 730
631 706
605 631
606 631
607 631
608 631
609 631
610 631
611 631
580 605
581 606
582 606
583 606
584 606
585 606
586 606
587 608
588 608
589 608
590 608
591 608
592 610
593 610
594 610
595 610
596 611
597 611
598 611
599 611
578 599
548 578
540 548
541 548
534 540
535 540
536 540
537 540
538 540
459 538
437 459
438 459
439 459
440 459
441 459
414 437
415 437
416 437
417 437
418 437
419 438
420 438
421 438
422 438
423 438
424 438
425 438
426 439
427 439
428 439
429 439
430 439
431 440
354 414
355 414
356 414
357 414
358 414
359 414
360 414
361 415
362 415
363 415
364 415
365 416
366 416
367 416
368 416
369 416
370 417
371 419
372 419
373 419
374 419
375 419
376 419
377 420
378 420
379 420
380 421
381 423
382 423
383 424
384 424
385 424
386 424
387 424
388 425
389 425
390 427
391 427
392 427
393 427
394 427
395 428
396 428
397 428
398 428
399 428
400 428
401 428
402 429
403 429
404 430
405 430
406 430
407 430
408 430
409 430
410 430
411 431
412 431
332 412
322 332
319 322
314 319
315 319
316 319
317 319
262 317
249 262
933 951
631 677
933 997
772 781
574 596
772 820
114 137
773 816
739 764
74 91
193 225
255 273
259 284
851 906
248 261
70 105
323 380
328 358
614 657
627 647
923 933
255 311
323 379
935 946
323 367
331 384
256 270
331 367
616 697
455 481
625 682
69 110
863 917
60 68
617 649
259 287
250 312
652 718
278 319
249 259
940 984
620 681
248 257
185 225
707 732
321 332
934 954
186 210
420 434
71 109
146 148
187 226
848 912
140 161
582 611
558 599
459 534
249 253
610 630
765 772
4 32
432 453
256 292
7 42
926 953
141 168
716 732
253 309
330 362
607 628
741 770
254 299
449 525
3 7
331 345
14 15
332 390
139 140
257 268
617 657
441 446
593 603
12 37
557 591
742 751
250 298
76 125
668 708
435 444
812 824
740 764
744 757
920 942
68 79
446 517
554 593
77 113
605 612
58 76
803 835
329 383
603 617
773 795
81 137
857 885
3 4
10 49
745 757
663 718
935 956
64 111
773 809
604 631
772 798
76 97
262 269
453 484
646 730
245 249
361 417
745 769
187 230
409 418
926 997
424 436
612 696
622 651
455 498
942 996
184 228
686 730
928 995
6 53
853 900
178 185
180 191
331 385
608 612
626 663
610 612
669 720
612 703
76 94
932 954
4 43
430 441
830 847
640 710
854 909
921 931
248 262
733 739
143 157
10 54
184 229
772 785
621 632
330 365
256 275
807 837
452 468
191 218
146 161
940 996
3 8
850 883
569 583
741 760
630 657
933 955
584 610
628 667
138 145
613 638
452 494
627 644
613 704
443 483
5 38
544 567
329 396
323 375
569 595
323 350
250 305
249 261
186 234
548 556
855 912
78 115
429 432
62 75
601 630
197 210
146 163
853 912
328 370
180 187
320 331
772 780
191 202
66 107
9 39
540 547
932 984
381 430
631 673
923 934
631 655
921 928
553 597
458 520
849 886
583 600
543 572
621 654
851 885
457 474
4 29
856 899
330 367
545 550
932 966
772 778
353 414
452 500
457 473
20 57
144 173
8 44
772 794
832 840
138 146
329 372
578 598
598 607
612 666
348 418
261 305
73 130
617 682
72 126
330 345
840 857
443 527
61 63
71 79
327 411
181 186
541 544
12 41
806 832
12 22
585 602
189 237
617 668
848 879
703 721
10 29
652 714
625 701
928 960
741 771
933 991
440 449
545 556
725 731
615 689
922 930
261 282
11 27
325 342
601 613
444 524
76 112
598 602
941 975
459 524
330 360
773 783
253 303
181 190
781 830
140 171
64 81
582 603
624 704
969 1000
141 161
455 523
660 730
930 982
261 317
143 174
772 782
925 934
547 560
741 748
331 357
332 407
606 621
377 416
850 900
738 743
552 592
454 507
324 385
183 232
426 438
321 324
934 978
445 482
145 171
455 489
452 535
194 230
204 245
933 945
854 863
617 669
454 493
442 527
557 595
261 301
246 261
6 26
324 337
578 596
543 554
239 245
922 929
451 509
74 104
746 758
446 522
772 799
66 132
606 630
324 352
327 410
328 393
331 383
247 262
185 208
941 961
323 362
401 418
7 16
585 609
848 895
606 617
938 992
14 45
630 676
619 674
628 690
254 270
262 291
855 867
438 454
578 583
326 340
561 589
852 886
613 681
617 640
4 28
324 379
459 528
348 419
190 234
444 489
421 437
183 226
76 83
442 476
745 747
138 143
61 72
856 884
11 22
572 579
541 546
184 206
717 731
741 763
442 480
837 841
772 803
855 902
360 413
328 342
646 726
332 365
560 585
72 132
261 296
197 204
196 215
857 877
848 911
615 696
430 438
921 938
357 419
614 665
75 136
857 869
542 561
190 236
331 379
367 423
932 951
932 948
933 995
146 169
141 172
344 418
68 95
253 308
931 958
739 762
920 936
448 520
330 342
773 797
541 542
454 530
138 144
12 52
187 219
742 769
251 300
329 377
665 710
330 366
556 586
389 427
332 341
453 517
929 963
63 99
626 669
940 985
177 191
195 203
63 117
142 172
876 917
772 805
745 750
76 86
429 433
727 733
448 505
641 721
773 784
67 86
568 591
856 909
187 209
452 477
443 523
192 213
454 476
450 531
444 535
146 155
601 628
666 727
259 288
654 707
332 343
534 539
324 367
856 858
553 591
544 557
704 711
543 549
445 480
618 693
256 263
631 667
328 367
622 665
182 237
927 960
632 709
930 976
911 918
248 253
924 926
142 150
588 610
2 12
75 100
248 258
800 822
10 27
329 382
673 727
735 740
145 160
772 807
73 134
59 71
445 491
457 489
327 343
766 773
652 710
193 205
743 756
569 592
545 577
456 518
617 691
221 245
451 488
63 123
256 298
853 902
453 465
444 517
185 224
75 131
455 507
327 389
933 987
9 51
69 117
622 689
589 611
622 678
941 964
443 463
867 917
588 609
252 317
774 834
632 720
7 21
772 775
195 212
929 988
619 686
921 932
253 285
8 40
450 464
746 759
439 456
59 63
811 826
438 446
190 200
615 641
622 647
195 218
11 37
621 633
624 694
456 492
69 133
691 715
736 743
702 727
939 973
4 36
546 556
260 275
455 504
772 806
851 867
332 398
620 694
444 492
939 959
422 439
800 830
329 369
556 593
826 846
331 373
189 223
67 116
831 846
328 369
772 777
72 120
924 940
459 498
330 399
772 797
327 357
926 951
328 336
632 729
73 94
188 207
772 811
608 621
603 629
545 558
253 314
332 353
334 418
247 251
178 197
927 955
459 465
4 44
548 572
857 861
772 809
627 665
454 514
366 420
772 783
853 858
326 359
459 503
189 232
553 579
180 185
445 504
330 340
841 848
247 255
327 393
146 159
773 776
749 773
852 890
138 142
331 399
612 653
758 773
257 304
252 302
178 186
604 625
262 306
327 335
854 862
450 487
845 852
607 626
188 215
11 47
78 105
344 421
77 88
184 242
185 206
619 701
327 355
70 85
615 684
615 687
929 944
12 42
922 926
848 884
324 353
448 506
145 147
805 837
855 904
584 602
745 767
11 50
919 924
868 917
432 450
787 824
612 639
620 692
442 528
258 273
332 405
258 287
827 840
594 600
254 310
691 719
561 579
919 922
746 764
438 447
815 826
942 989
853 906
773 807
63 128
184 230
791 831
601 624
7 41
569 588
937 983
848 904
261 288
328 395
435 445
453 520
799 828
572 587
142 153
451 499
614 641
530 539
548 555
456 499
447 493
73 115
449 538
773 812
554 588
627 641
564 582
261 315
10 15
77 87
257 289
250 279
10 44
254 306
63 92
630 662
146 162
67 117
563 591
621 696
195 210
432 448
70 93
932 991
60 76
327 406
936 957
773 792
576 593
616 706
324 409
457 516
545 553
442 490
11 49
936 962
415 433
853 885
443 533
321 328
68 107
76 110
616 702
628 678
629 679
865 918
197 198
794 839
775 837
625 658
451 528
742 752
177 189
626 689
546 551
932 999
447 535
853 898
330 358
607 629
6 44
197 199
773 789
922 933
453 516
64 85
452 530
588 600
254 273
941 982
856 888
853 882
781 834
446 534
592 601
7 38
594 603
12 16
450 476
439 445
188 228
72 122
600 620
326 347
849 900
180 192
450 490
323 372
179 194
331 360
3 6
674 709
605 630
405 426
61 66
631 687
615 703
849 889
799 836
72 94
456 482
197 201
618 696
371 416
459 466
185 201
853 909
412 414
449 529
838 847
631 654
325 399
259 295
77 101
6 25
197 207
693 719
541 547
543 573
434 459
458 527
851 887
196 231
323 341
937 945
325 404
262 302
772 817
325 387
595 608
779 830
849 893
802 821
133 137
849 883
727 731
918 922
9 47
942 967
615 682
441 450
324 346
576 581
78 113
613 677
704 708
348 414
188 216
693 730
619 640
738 740
258 305
793 829
191 231
939 975
191 216
542 560
847 849
773 790
740 759
186 225
327 374
616 662
258 307
556 583
705 716
589 603
625 700
940 977
322 323
551 598
451 464
262 271
923 928
327 360
772 787
191 212
75 122
251 301
923 942
459 501
854 907
425 435
773 811
742 754
251 291
447 496
252 263
852 860
251 273
5 33
543 561
189 212
925 936
452 479
545 574
447 528
443 531
820 838
143 173
615 681
145 151
256 317
734 745
325 374
888 916
588 601
982 1000
702 711
934 973
624 635
144 162
328 351
548 570
601 614
326 354
575 592
927 969
193 203
184 205
615 683
262 307
255 296
626 706
624 706
186 223
442 509
67 106
329 385
324 358
323 405
669 719
71 134
9 48
322 328
663 726
448 511
927 967
191 237
547 557
196 223
260 279
75 91
680 718
257 264
67 85
376 430
935 976
450 461
141 171
856 870
780 830
620 648
773 798
853 887
67 119
455 518
332 374
861 915
257 267
163 175
450 484
547 576
379 424
741 766
179 195
332 372
544 549
326 370
73 106
146 150
886 915
11 54
928 964
387 413
252 278
543 574
457 518
261 314
448 513
326 341
193 201
331 358
614 697
545 561
326 395
248 256
59 78
445 526
440 457
60 77
629 641
797 829
398 414
69 85
445 507
381 429
455 528
867 916
384 423
604 624
930 998
791 835
783 830
719 737
459 499
743 770
545 578
456 469
74 116
323 369
324 377
437 449
8 36
687 720
318 322
259 303
452 490
853 879
924 938
795 827
5 16
257 282
59 72
552 588
703 725
852 908
640 721
455 519
854 869
324 391
816 837
613 676
69 125
772 800
772 810
3 9
70 94
2 13
456 495
606 616
791 829
455 506
250 306
63 119
830 840
601 631
5 29
615 690
448 486
625 687
353 424
144 164
250 271
329 351
624 679
610 617
625 661
773 793
623 640
192 201
10 38
72 125
928 984
436 443
352 420
434 458
76 87
732 742
926 967
764 772
442 504
76 108
921 940
743 767
331 396
7 25
451 470
852 892
932 953
708 731
936 965
852 879
641 714
856 905
74 111
194 243
610 628
852 909
451 496
142 151
659 730
432 455
739 752
542 570
568 582
627 696
251 269
546 566
855 875
181 187
925 939
929 981
615 636
856 886
8 42
444 538
330 402
187 242
435 456
256 269
608 614
662 720
849 905
852 911
745 754
850 913
598 603
65 111
184 209
322 326
418 432
249 256
851 876
190 206
329 376
13 17
605 621
182 230
140 166
618 666
544 554
449 461
247 256
441 448
358 429
615 706
921 935
256 276
630 686
439 449
621 650
258 306
625 696
621 639
630 634
937 975
787 836
626 674
196 208
11 17
932 945
74 129
574 598
853 888
177 197
846 854
586 600
696 710
941 971
916 922
612 671
6 41
260 292
936 956
433 454
63 97
854 905
631 696
928 966
550 598
183 237
830 842
323 365
926 954
455 500
573 582
457 484
452 523
937 985
935 972
787 839
935 997
190 217
443 501
849 909
773 785
705 723
75 109
181 195
773 778
855 864
321 325
327 363
7 54
773 810
262 284
328 392
250 296
570 593
442 477
782 822
322 331
622 677
920 937
597 606
629 671
745 749
552 585
14 17
70 81
192 208
429 435
332 369
821 845
642 714
690 717
922 931
622 686
186 224
853 873
455 502
325 338
557 579
70 96
69 127
456 538
630 688
65 91
454 538
457 512
852 889
924 927
853 911
331 350
627 640
7 55
626 664
444 523
930 971
323 351
745 763
299 318
602 618
772 816
629 644
850 876
323 411
929 947
385 419
316 318
937 947
571 580
7 28
553 593
440 456
144 152
451 482
250 311
440 448
733 742
624 664
76 135
326 360
622 699
600 622
571 583
331 352
931 973
69 123
140 169
328 375
557 581
442 510
142 164
813 831
571 582
61 69
76 79
184 204
326 405
811 834
142 168
453 481
615 700
561 597
418 440
936 978
650 730
454 509
250 284
442 500
455 492
453 498
939 947
693 728
449 528
854 874
450 527
753 773
71 120
331 412
251 274
397 426
329 379
194 244
856 883
78 92
189 199
258 314
511 541
611 618
10 53
924 936
393 428
141 154
196 205
578 594
772 804
685 730
328 385
841 852
422 434
4 47
984 1000
939 977
719 736
62 66
653 712
848 872
567 593
183 209
262 299
923 940
443 482
548 558
189 217
620 685
605 614
430 436
547 554
325 353
249 260
67 118
252 275
254 278
326 412
248 252
188 211
451 506
253 298
938 968
587 609
194 241
215 245
140 154
446 505
434 443
327 408
58 77
319 321
620 644
854 906
326 349
574 587
141 169
261 265
255 309
773 813
856 898
857 888
607 618
13 53
400 430
546 562
331 362
547 563
195 224
613 645
188 233
262 288
432 452
626 701
941 991
642 711
850 904
255 285
618 681
328 361
855 903
450 520
602 612
850 873
74 114
631 644
441 455
672 730
853 867
75 105
66 94
448 466
888 917
563 579
330 412
140 173
329 347
330 359
729 735
261 298
323 396
873 918
325 351
75 121
73 127
925 926
654 724
327 412
795 835
456 461
938 984
679 729
255 299
9 56
118 137
412 422
179 187
741 753
448 467
621 665
627 694
604 628
664 710
616 704
195 216
455 532
359 425
851 859
931 986
772 792
677 710
928 961
58 75
814 834
746 768
591 607
184 220
614 687
187 227
772 801
593 604
329 361
931 987
236 245
627 666
330 337
262 300
14 40
548 571
59 74
585 600
854 867
786 833
941 945
855 905
191 238
61 65
62 73
551 581
849 892
5 51
191 220
834 845
620 641
624 681
449 462
405 431
249 251
617 660
545 549
606 622
852 887
326 386
78 89
193 240
68 116
846 853
934 946
4 39
640 717
773 779
630 693
932 968
543 563
617 687
64 114
744 750
627 654
546 559
929 978
439 450
854 865
320 332
182 241
324 356
942 944
852 913
589 607
857 908
573 595
255 314
14 33
456 515
255 274
141 148
523 540
922 927
736 745
773 794
459 523
327 366
772 818
64 80
257 275
842 854
773 786
449 533
772 779
183 238
250 282
187 243
330 388
932 998
72 80
611 624
742 753
850 872
196 221
261 283
933 952
435 454
849 907
604 616
327 381
789 834
697 713
252 277
573 584
618 691
181 182
192 234
619 680
145 164
855 866
186 204
323 393
188 243
144 156
71 133
330 344
459 469
442 507
602 614
62 63
249 250
783 833
60 69
851 911
931 970
260 315
260 296
773 796
63 88
607 623
785 828
852 902
566 586
445 466
59 73
941 979
329 355
177 182
112 137
443 489
924 939
698 715
930 964
734 743
324 383
621 687
615 663
145 166
142 169
622 632
68 86
325 370
254 303
277 319
930 979
326 367
929 993
656 727
735 741
610 622
330 395
322 325
554 581
926 963
261 271
328 396
391 419
928 994
773 817
844 855
931 951
146 167
189 230
850 858
331 401
736 744
857 909
323 390
655 713
850 880
805 829
70 90
191 213
259 294
742 766
144 155
325 350
442 534
596 605
919 920
404 418
450 485
61 68
788 826
262 279
854 883
71 82
852 898
444 476
746 769
551 594
328 366
141 163
9 41
798 824
614 704
328 354
326 337
543 553
621 672
543 565
619 688
741 756
341 414
745 762
576 583
662 719
772 819
762 773
855 897
76 131
193 241
852 872
624 639
65 104
921 927
614 688
8 22
4 33
541 543
328 360
191 209
187 223
849 901
346 421
597 605
262 277
827 846
822 841
457 482
442 529
445 533
620 702
939 978
453 463
451 519
142 171
259 291
616 654
70 136
262 267
176 191
853 899
432 459
450 460
857 903
331 334
256 286
773 814
616 647
10 55
60 66
775 838
622 639
596 604
540 544
25 57
853 866
67 99
923 939
74 113
848 910
933 998
194 233
457 483
7 31
69 88
188 223
78 107
178 193
181 188
185 243
399 429
616 667
330 368
584 607
385 421
189 209
68 111
326 378
332 392
941 952
10 34
851 883
704 722
923 938
743 747
773 819
447 474
459 474
251 284
78 100
928 976
562 580
616 643
197 221
708 735
231 245
459 537
257 283
705 710
836 846
774 835
545 557
66 114
796 831
446 506
709 731
76 104
332 364
395 414
329 342
823 845
823 843
326 342
929 992
437 445
305 318
616 649
444 534
64 87
739 760
451 532
253 272
327 378
3 5
326 394
329 335
857 878
72 82
773 804
446 503
734 744
454 471
355 426
145 156
739 763
62 70
849 871
442 472
76 136
329 387
860 919
614 666
330 387
623 704
856 871
612 669
856 885
646 723
64 112
556 579
933 961
567 594
259 281
684 716
449 491
5 34
939 988
631 633
14 21
260 313
327 405
542 566
187 208
71 103
196 225
183 210
773 782
329 411
625 688
324 393
101 137
324 399
623 697
69 109
849 911
612 686
620 663
442 512
58 66
327 333
849 872
13 39
452 497
258 271
144 158
456 465
939 943
624 654
776 837
58 73
146 152
823 847
617 674
388 431
14 29
604 626
647 708
773 799
329 375
606 626
6 19
929 961
616 648
849 868
77 82
631 670
620 642
382 421
440 445
807 826
802 824
934 965
770 772
543 551
557 584
177 193
797 821
447 502
258 277
459 514
387 431
331 386
254 296
438 452
13 54
329 364
932 983
546 564
178 189
254 313
628 660
456 508
194 238
877 916
856 904
923 926
576 592
67 81
323 403
457 479
7 33
328 333
458 496
613 653
856 908
181 192
855 906
567 583
813 834
615 697
862 916
77 136
374 413
794 821
624 700
827 847
402 430
739 761
452 488
76 120
257 279
849 880
445 460
454 492
457 467
75 134
850 897
620 670
444 518
924 934
176 189
918 920
454 503
141 158
599 607
575 594
574 588
453 538
797 839
72 87
327 407
849 912
927 981
545 564
262 285
622 637
329 341
926 998
854 898
855 872
772 786
457 537
732 743
744 752
629 652
614 696
329 389
445 512
453 482
444 475
332 336
741 769
938 947
72 84
331 365
458 492
325 401
803 821
548 574
772 796
931 943
815 824
844 853
589 601
620 671
924 932
848 873
856 877
67 135
332 342
563 593
737 743
67 112
455 522
545 555
628 701
326 366
189 219
625 655
624 684
332 393
