1000 2000 50
11 21 21 21 21 21 21 21 21 21 21 21 21 21 21 21 21 21 21 21 20 20 20 20 20 20 20 20 20 20 20 20 20 20 20 20 20 20 20 20 20 20 20 20 20 20 20 20 20 10 
1 12
12 33
33 54
54 75
75 96
96 117
117 138
138 159
159 180
180 201
201 222
222 243
243 264
264 285
285 306
306 327
327 348
348 369
369 390
390 411
411 431
431 451
451 471
471 491
491 511
511 531
531 551
551 571
571 591
591 611
611 631
631 651
651 671
671 691
691 711
711 731
731 751
751 771
771 791
791 811
811 831
831 851
851 871
871 891
891 911
911 931
931 951
951 971
971 991
972 991
952 972
932 952
912 932
892 912
872 892
852 872
832 852
812 832
792 812
772 792
752 772
732 752
712 732
692 712
672 692
652 672
632 652
612 632
592 612
572 592
552 572
532 552
512 532
492 512
472 492
452 472
432 452
412 432
391 412
370 391
349 370
328 349
307 328
286 307
265 286
244 265
223 244
202 223
181 202
160 181
139 160
118 139
97 118
76 97
55 76
34 55
13 34
2 13
2 14
14 35
35 56
56 77
77 98
98 119
119 140
140 161
161 182
182 203
203 224
224 245
245 266
266 287
287 308
308 329
329 350
350 371
371 392
392 413
413 433
433 453
453 473
473 493
493 513
513 533
533 553
553 573
573 593
593 613
613 633
633 653
653 673
673 693
693 713
713 733
733 753
753 773
773 793
793 813
813 833
833 853
853 873
873 893
893 913
913 933
933 953
953 973
973 992
974 992
954 974
934 954
914 934
894 914
874 894
854 874
834 854
814 834
794 814
774 794
754 774
734 754
714 734
694 714
674 694
654 674
634 654
614 634
594 614
574 594
554 574
534 554
514 534
494 514
474 494
454 474
434 454
414 434
393 414
372 393
351 372
330 351
309 330
288 309
267 288
246 267
225 246
204 225
183 204
162 183
141 162
120 141
99 120
78 99
57 78
36 57
15 36
3 15
3 16
16 37
37 58
58 79
79 100
100 121
121 142
142 163
163 184
184 205
205 226
226 247
247 268
268 289
289 310
310 331
331 352
352 373
373 394
394 415
415 435
435 455
455 475
475 495
495 515
515 535
535 555
555 575
575 595
595 615
615 635
635 655
655 675
675 695
695 715
715 735
735 755
755 775
775 795
795 815
815 835
835 855
855 875
875 895
895 915
915 935
935 955
955 975
975 993
976 993
956 976
936 956
916 936
896 916
876 896
856 876
836 856
816 836
796 816
776 796
756 776
736 756
716 736
696 716
676 696
656 676
636 656
616 636
596 616
576 596
556 576
536 556
516 536
496 516
476 496
456 476
436 456
416 436
395 416
374 395
353 374
332 353
311 332
290 311
269 290
248 269
227 248
206 227
185 206
164 185
143 164
122 143
101 122
80 101
59 80
38 59
17 38
4 17
4 18
18 39
39 60
60 81
81 102
102 123
123 144
144 165
165 186
186 207
207 228
228 249
249 270
270 291
291 312
312 333
333 354
354 375
375 396
396 417
417 437
437 457
457 477
477 497
497 517
517 537
537 557
557 577
577 597
597 617
617 637
637 657
657 677
677 697
697 717
717 737
737 757
757 777
777 797
797 817
817 837
837 857
857 877
877 897
897 917
917 937
937 957
957 977
977 994
978 994
958 978
938 958
918 938
898 918
878 898
858 878
838 858
818 838
798 818
778 798
758 778
738 758
718 738
698 718
678 698
658 678
638 658
618 638
598 618
578 598
558 578
538 558
518 538
498 518
478 498
458 478
438 458
418 438
397 418
376 397
355 376
334 355
313 334
292 313
271 292
250 271
229 250
208 229
187 208
166 187
145 166
124 145
103 124
82 103
61 82
40 61
19 40
5 19
5 20
20 41
41 62
62 83
83 104
104 125
125 146
146 167
167 188
188 209
209 230
230 251
251 272
272 293
293 314
314 335
335 356
356 377
377 398
398 419
419 439
439 459
459 479
479 499
499 519
519 539
539 559
559 579
579 599
599 619
619 639
639 659
659 679
679 699
699 719
719 739
739 759
759 779
779 799
799 819
819 839
839 859
859 879
879 899
899 919
919 939
939 959
959 979
979 995
980 995
960 980
940 960
920 940
900 920
880 900
860 880
840 860
820 840
800 820
780 800
760 780
740 760
720 740
700 720
680 700
660 680
640 660
620 640
600 620
580 600
560 580
540 560
520 540
500 520
480 500
460 480
440 460
420 440
399 420
378 399
357 378
336 357
315 336
294 315
273 294
252 273
231 252
210 231
189 210
168 189
147 168
126 147
105 126
84 105
63 84
42 63
21 42
6 21
6 22
22 43
43 64
64 85
85 106
106 127
127 148
148 169
169 190
190 211
211 232
232 253
253 274
274 295
295 316
316 337
337 358
358 379
379 400
400 421
421 441
441 461
461 481
481 501
501 521
521 541
541 561
561 581
581 601
601 621
621 641
641 661
661 681
681 701
701 721
721 741
741 761
761 781
781 801
801 821
821 841
841 861
861 881
881 901
901 921
921 941
941 961
961 981
981 996
982 996
962 982
942 962
922 942
902 922
882 902
862 882
842 862
822 842
802 822
782 802
762 782
742 762
722 742
702 722
682 702
662 682
642 662
622 642
602 622
582 602
562 582
542 562
522 542
502 522
482 502
462 482
442 462
422 442
401 422
380 401
359 380
338 359
317 338
296 317
275 296
254 275
233 254
212 233
191 212
170 191
149 170
128 149
107 128
86 107
65 86
44 65
23 44
7 23
7 24
24 45
45 66
66 87
87 108
108 129
129 150
150 171
171 192
192 213
213 234
234 255
255 276
276 297
297 318
318 339
339 360
360 381
381 402
402 423
423 443
443 463
463 483
483 503
503 523
523 543
543 563
563 583
583 603
603 623
623 643
643 663
663 683
683 703
703 723
723 743
743 763
763 783
783 803
803 823
823 843
843 863
863 883
883 903
903 923
923 943
943 963
963 983
983 997
984 997
964 984
944 964
924 944
904 924
884 904
864 884
844 864
824 844
804 824
784 804
764 784
744 764
724 744
704 724
684 704
664 684
644 664
624 644
604 624
584 604
564 584
544 564
524 544
504 524
484 504
464 484
444 464
424 444
403 424
382 403
361 382
340 361
319 340
298 319
277 298
256 277
235 256
214 235
193 214
172 193
151 172
130 151
109 130
88 109
67 88
46 67
25 46
8 25
8 26
26 47
47 68
68 89
89 110
110 131
131 152
152 173
173 194
194 215
215 236
236 257
257 278
278 299
299 320
320 341
341 362
362 383
383 404
404 425
425 445
445 465
465 485
485 505
505 525
525 545
545 565
565 585
585 605
605 625
625 645
645 665
665 685
685 705
705 725
725 745
745 765
765 785
785 805
805 825
825 845
845 865
865 885
885 905
905 925
925 945
945 965
965 985
985 998
986 998
966 986
946 966
926 946
906 926
886 906
866 886
846 866
826 846
806 826
786 806
766 786
746 766
726 746
706 726
686 706
666 686
646 666
626 646
606 626
586 606
566 586
546 566
526 546
506 526
486 506
466 486
446 466
426 446
405 426
384 405
363 384
342 363
321 342
300 321
279 300
258 279
237 258
216 237
195 216
174 195
153 174
132 153
111 132
90 111
69 90
48 69
27 48
9 27
9 28
28 49
49 70
70 91
91 112
112 133
133 154
154 175
175 196
196 217
217 238
238 259
259 280
280 301
301 322
322 343
343 364
364 385
385 406
406 427
427 447
447 467
467 487
487 507
507 527
527 547
547 567
567 587
587 607
607 627
627 647
647 667
667 687
687 707
707 727
727 747
747 767
767 787
787 807
807 827
827 847
847 867
867 887
887 907
907 927
927 947
947 967
967 987
987 999
988 999
968 988
948 968
928 948
908 928
888 908
868 888
848 868
828 848
808 828
788 808
768 788
748 768
728 748
708 728
688 708
668 688
648 668
628 648
608 628
588 608
568 588
548 568
528 548
508 528
488 508
468 488
448 468
428 448
407 428
386 407
365 386
344 365
323 344
302 323
281 302
260 281
239 260
218 239
197 218
176 197
155 176
134 155
113 134
92 113
71 92
50 71
29 50
10 29
10 30
30 51
51 72
72 93
93 114
114 135
135 156
156 177
177 198
198 219
219 240
240 261
261 282
282 303
303 324
324 345
345 366
366 387
387 408
408 429
429 449
449 469
469 489
489 509
509 529
529 549
549 569
569 589
589 609
609 629
629 649
649 669
669 689
689 709
709 729
729 749
749 769
769 789
789 809
809 829
829 849
849 869
869 889
889 909
909 929
929 949
949 969
969 989
989 1000
990 1000
970 990
950 970
930 950
910 930
890 910
870 890
850 870
830 850
810 830
790 810
770 790
750 770
730 750
710 730
690 710
670 690
650 670
630 650
610 630
590 610
570 590
550 570
530 550
510 530
490 510
470 490
450 470
430 450
409 430
388 409
367 388
346 367
325 346
304 325
283 304
262 283
241 262
220 241
199 220
178 199
157 178
136 157
115 136
94 115
73 94
52 73
31 52
11 31
11 32
32 53
53 74
74 95
95 116
116 137
137 158
158 179
179 200
200 221
221 242
242 263
263 284
284 305
305 326
326 347
347 368
368 389
389 410
585 596
875 898
468 483
284 301
714 741
110 126
705 722
386 401
609 630
774 795
672 694
72 76
315 347
752 774
892 917
374 406
546 561
43 60
332 359
4 19
118 150
935 966
150 165
401 415
581 596
210 222
918 946
719 750
655 683
66 80
91 99
301 315
240 259
642 661
675 694
700 726
828 836
558 581
780 793
436 454
961 980
549 551
69 84
450 466
480 504
771 796
669 686
32 41
672 709
255 272
317 341
43 58
301 311
758 771
294 310
65 85
819 837
673 702
56 82
32 38
242 261
674 693
303 306
235 247
319 333
103 135
4 22
553 588
310 336
519 546
825 846
268 294
70 82
259 270
824 838
686 695
757 773
828 849
353 372
770 786
304 320
208 231
361 378
394 416
198 214
576 592
507 517
441 451
688 697
525 539
687 693
101 119
735 769
642 652
346 368
475 505
594 613
662 675
867 890
891 926
627 645
665 678
804 816
312 334
12 45
377 400
885 904
853 871
552 589
162 196
649 654
564 581
499 524
832 851
690 708
630 642
575 608
18 38
7 14
325 334
501 524
527 535
964 990
568 581
9 20
145 170
587 610
704 716
738 764
115 119
353 369
721 745
174 198
278 303
769 779
189 221
513 543
5 21
805 818
309 342
145 175
295 318
955 979
735 760
682 694
697 713
801 812
531 558
806 830
2 16
837 863
10 26
418 436
473 501
440 461
883 898
505 512
108 127
734 763
822 847
814 840
45 64
444 452
636 661
134 158
457 484
727 733
189 204
10 12
157 161
646 661
417 443
897 921
451 478
981 991
143 171
65 95
95 115
46 60
185 201
947 957
910 916
901 916
958 990
445 460
476 501
170 186
734 764
30 36
101 117
504 516
44 61
751 784
693 715
280 303
508 515
316 328
172 184
752 778
278 302
633 659
262 276
91 108
35 64
179 187
142 161
639 662
166 189
977 999
936 962
540 566
272 289
324 338
571 596
461 476
535 568
859 880
3 27
789 798
307 327
915 934
822 833
516 542
337 361
757 787
923 941
288 307
639 670
386 408
12 40
926 940
614 642
371 406
907 921
454 488
238 262
858 887
952 978
548 558
365 381
941 965
605 615
838 870
841 860
339 361
226 249
293 308
16 47
887 899
430 444
490 492
312 335
678 700
100 128
692 718
959 986
768 774
855 886
277 305
533 558
58 92
12 43
371 390
510 516
966 973
635 663
312 327
875 894
973 993
347 352
227 252
886 902
908 915
871 898
751 775
505 521
109 121
298 315
372 396
305 318
450 457
106 128
458 472
959 988
535 561
684 708
460 488
181 220
548 562
117 146
744 762
351 388
139 174
569 573
960 979
42 58
270 299
283 290
398 430
480 499
635 653
940 955
377 404
798 822
490 493
984 994
316 339
911 932
155 164
809 812
681 696
829 846
199 202
186 206
53 72
584 606
926 931
879 906
527 550
23 36
62 76
60 80
592 613
511 547
331 354
897 912
592 614
811 844
396 415
842 861
849 855
762 783
3 14
424 433
796 828
220 225
284 287
736 754
234 249
574 593
305 321
605 612
396 424
167 200
236 254
66 94
510 511
351 381
743 770
92 105
541 557
451 477
82 106
105 118
784 794
636 658
388 405
542 568
525 549
662 687
434 470
721 736
77 102
29 37
399 426
580 599
588 604
275 297
757 779
205 239
250 277
308 330
92 111
161 194
15 38
834 856
300 318
904 919
473 494
403 411
117 142
381 407
63 90
762 785
3 29
186 209
78 107
874 899
280 298
364 375
490 502
81 103
162 180
922 944
617 649
442 459
815 840
765 784
56 94
742 751
811 841
551 589
24 44
836 861
9 17
436 455
103 119
541 555
455 472
202 238
426 433
3 28
23 52
191 218
11 14
75 98
408 430
193 201
760 781
617 638
559 588
813 850
250 280
327 366
597 614
721 731
149 162
487 494
326 332
989 995
427 446
887 893
247 274
577 596
835 858
265 291
252 269
676 700
983 1000
130 150
8 31
379 398
1 25
60 79
9 21
341 353
865 871
885 897
789 800
943 962
574 603
24 49
493 518
357 382
169 184
656 688
798 827
475 497
28 47
536 552
312 343
307 331
434 468
813 848
739 766
42 74
464 473
906 914
941 970
747 752
937 952
949 962
968 975
29 52
146 179
666 682
352 379
422 437
860 875
730 749
222 251
213 227
778 802
201 229
973 997
411 449
687 705
747 757
660 672
677 705
424 448
499 511
181 206
182 213
357 371
882 908
32 50
953 981
274 296
848 852
404 422
750 763
901 920
236 247
940 953
305 311
875 908
819 833
888 893
674 698
152 174
755 780
728 741
427 433
827 848
569 577
692 721
426 448
531 561
256 274
379 402
676 710
426 431
368 373
188 220
301 314
5 26
614 648
126 154
190 204
915 939
93 111
42 54
841 869
258 269
905 929
372 401
317 327
694 713
386 409
695 718
698 720
737 753
544 559
500 525
949 966
634 652
881 894
824 847
334 352
210 223
231 261
241 256
719 742
878 894
670 682
805 816
356 375
249 267
732 769
722 736
273 295
153 162
688 706
599 627
417 435
395 422
389 397
650 658
803 820
51 60
723 745
944 965
475 509
681 692
94 111
213 231
372 394
596 626
591 629
680 710
139 164
642 668
186 221
455 490
351 386
62 80
286 306
918 937
830 841
250 274
411 439
357 384
175 199
506 527
710 723
143 172
342 366
468 481
591 617
34 56
584 594
593 617
740 762
624 639
153 179
335 349
570 574
69 89
741 759
57 95
394 425
43 72
857 885
939 951
166 199
453 476
557 587
418 449
809 817
451 479
435 451
882 897
207 229
559 590
431 453
374 399
120 138
369 392
572 599
619 646
170 190
900 929
352 383
923 945
625 650
46 65
142 168
50 56
796 822
94 103
354 373
546 568
439 455
70 84
916 941
935 957
736 761
495 513
337 352
307 345
623 637
272 295
476 509
359 383
421 444
911 934
719 736
142 159
108 131
306 328
520 545
775 799
374 408
742 757
242 256
22 51
35 70
112 122
36 70
481 500
343 357
713 747
336 349
965 979
414 441
564 589
622 633
983 991
327 367
750 767
367 381
122 152
391 427
36 58
277 300
912 938
257 268
942 968
578 599
262 265
646 668
631 660
750 754
925 933
916 950
504 511
361 383
581 605
436 467
390 422
400 422
664 683
397 416
914 945
422 441
636 670
87 113
601 618
891 922
36 74
83 109
362 382
596 627
100 123
460 481
729 739
503 522
213 239
853 872
13 45
679 705
653 683
491 521
889 893
734 760
491 529
260 279
74 79
430 446
505 520
369 395
439 454
397 426
69 95
323 328
271 303
671 694
350 387
571 604
402 429
943 956
783 797
903 916
559 582
732 758
91 107
436 464
268 288
687 698
140 170
880 897
491 525
143 161
102 117
500 519
68 75
139 177
784 799
946 970
7 22
147 159
659 674
593 620
802 821
57 76
42 56
716 732
242 245
939 954
347 353
280 285
308 339
316 345
937 962
771 809
396 425
657 681
110 128
406 414
795 827
155 163
497 528
558 572
710 717
39 55
142 164
501 512
635 665
522 537
444 451
169 199
597 612
801 825
225 254
551 586
543 559
628 637
181 212
970 975
483 497
358 385
703 728
510 517
944 968
509 520
209 237
72 75
891 921
574 606
446 454
582 604
39 72
956 971
691 719
582 605
234 261
689 695
601 611
534 570
369 394
651 688
931 963
682 700
913 945
22 44
18 49
139 169
875 909
302 312
12 41
73 80
894 924
282 291
194 209
65 78
861 877
405 414
968 977
568 589
843 865
988 992
200 212
530 539
245 271
92 114
605 611
391 417
127 151
80 100
689 700
54 88
167 182
463 476
690 693
63 89
711 743
900 923
226 243
749 758
30 45
3 13
204 230
408 428
469 483
10 13
864 872
759 781
801 819
859 876
364 371
177 187
757 774
938 968
770 787
384 397
815 843
211 235
534 566
168 197
567 573
136 144
212 229
666 675
296 324
349 374
55 80
840 858
225 259
774 805
826 833
945 956
807 811
436 458
299 324
869 886
227 262
616 650
398 429
29 47
609 611
372 398
494 524
559 580
573 592
610 616
117 143
707 712
802 817
926 950
900 916
324 331
964 985
836 864
376 408
665 684
751 787
180 220
500 514
205 227
640 661
976 995
516 540
93 107
41 64
886 903
330 362
78 114
990 993
420 446
223 260
688 709
298 320
407 417
316 344
166 195
583 595
779 806
481 504
54 83
771 806
736 760
206 237
887 891
925 936
261 276
36 66
16 46
461 473
720 731
275 289
51 57
566 572
292 324
201 232
2 31
109 117
137 149
76 101
484 493
935 962
637 670
852 874
138 174
449 451
786 800
825 844
605 619
125 152
691 715
141 159
640 670
780 808
281 294
768 787
126 150
284 303
449 457
730 732
711 733
939 958
521 550
766 778
434 453
679 704
195 207
643 654
929 934
516 550
423 440
455 473
720 750
831 853
925 934
340 350
258 268
255 283
795 824
338 351
677 703
969 976
