1000 3000 100
2 6 18 11 7 8 5 3 3 3 4 13 9 6 10 26 8 8 8 16 6 9 6 8 22 8 6 10 19 11 10 11 24 7 8 14 6 10 17 20 3 14 10 6 5 11 14 4 7 6 9 17 8 8 7 5 6 9 15 11 12 17 4 5 10 16 4 6 7 11 12 19 6 6 5 12 11 11 23 11 6 5 10 14 24 8 5 6 19 9 6 8 10 21 5 7 5 9 25 9 
1 3
1 4
3 9
9 27
27 38
38 45
45 53
53 58
58 61
61 64
64 67
64 68
68 71
71 84
71 85
71 86
84 93
84 94
85 95
93 99
93 100
93 101
94 102
95 103
95 104
95 105
99 109
99 110
99 111
100 112
100 113
101 114
101 115
102 116
102 117
103 118
104 119
104 120
104 121
105 122
122 135
135 143
143 151
151 159
151 160
151 161
160 175
160 176
160 177
161 178
176 181
176 182
177 183
177 184
178 185
178 186
178 187
181 190
183 191
185 192
187 193
190 196
190 197
192 198
192 199
192 200
193 201
196 204
196 205
196 206
197 207
197 208
197 209
198 210
198 211
198 212
199 213
200 214
201 215
201 216
216 226
226 234
226 235
234 240
234 241
235 242
241 250
241 251
242 252
242 253
251 269
251 270
251 271
252 272
253 273
269 280
269 281
270 282
270 283
272 284
272 285
273 286
280 290
281 291
281 292
281 293
283 294
284 295
284 296
285 297
285 298
290 301
291 302
292 303
292 304
293 305
294 306
294 307
294 308
295 309
298 310
298 311
311 325
325 332
332 340
340 354
340 355
340 356
354 360
354 361
355 362
355 363
356 364
356 365
360 370
360 371
361 372
361 373
361 374
364 375
364 376
364 377
365 378
365 379
370 387
370 388
371 389
372 390
372 391
372 392
373 393
374 394
374 395
375 396
375 397
375 398
376 399
378 400
378 401
379 402
379 403
379 404
404 407
407 410
410 424
410 425
410 426
425 434
425 435
434 440
434 441
434 442
440 445
440 446
440 447
441 448
441 449
441 450
442 451
445 456
445 457
445 458
446 459
447 460
448 461
448 462
448 463
449 464
449 465
449 466
466 470
470 474
474 481
474 482
474 483
481 487
481 488
481 489
482 490
482 491
483 492
483 493
487 496
487 497
487 498
489 499
489 500
490 501
490 502
490 503
492 504
493 505
493 506
506 513
513 521
521 529
529 536
529 537
529 538
536 541
536 542
536 543
541 547
541 548
541 549
543 550
543 551
547 556
547 557
548 558
548 559
548 560
551 561
551 562
551 563
557 571
557 572
558 573
558 574
559 575
562 576
562 577
562 578
563 579
571 582
571 583
571 584
572 585
572 586
573 587
574 588
574 589
575 590
576 591
583 594
584 595
584 596
584 597
586 598
588 599
588 600
588 601
589 602
589 603
590 604
590 605
591 606
606 611
611 615
615 620
620 630
630 646
630 647
646 650
646 651
650 656
650 657
651 658
651 659
651 660
656 663
657 664
657 665
657 666
658 667
658 668
659 669
660 670
663 674
663 675
665 676
665 677
665 678
667 679
669 680
669 681
670 682
670 683
674 686
675 687
676 688
677 689
677 690
677 691
679 692
680 693
680 694
681 695
681 696
681 697
682 698
698 705
705 711
711 717
711 718
717 722
717 723
717 724
718 725
718 726
722 734
722 735
722 736
723 737
723 738
723 739
725 740
734 745
735 746
735 747
735 748
737 749
737 750
739 751
739 752
740 753
745 756
746 757
746 758
749 759
749 760
750 761
750 762
751 763
751 764
752 765
752 766
753 767
767 779
779 790
790 796
790 797
796 801
796 802
796 803
797 804
797 805
797 806
801 811
802 812
802 813
802 814
803 815
804 816
805 817
806 818
806 819
811 825
811 826
812 827
812 828
812 829
813 830
813 831
814 832
814 833
814 834
815 835
817 836
819 837
819 838
838 849
849 857
857 862
862 868
862 869
862 870
869 887
869 888
887 896
887 897
896 902
896 903
897 904
902 910
902 911
902 912
903 913
904 914
904 915
904 916
910 920
910 921
910 922
911 923
911 924
912 925
912 926
912 927
913 928
914 929
914 930
915 931
915 932
915 933
933 941
941 946
946 953
946 954
953 958
953 959
954 960
954 961
958 967
958 968
958 969
961 970
961 971
967 992
967 993
968 994
968 995
968 996
969 997
971 998
971 999
972 992
973 992
974 992
975 993
976 993
977 994
978 995
979 995
980 995
981 996
982 997
983 997
984 998
985 998
962 985
955 962
947 955
942 947
934 942
935 942
917 935
905 917
898 905
899 905
889 898
890 898
891 899
892 899
893 899
871 889
872 890
873 890
874 890
875 891
876 891
877 892
878 892
879 893
880 893
863 880
858 863
850 858
851 858
852 858
839 850
840 850
841 850
842 851
843 851
844 851
845 852
846 852
820 846
807 820
808 820
809 820
798 807
799 808
791 798
792 799
793 799
794 799
780 791
781 791
782 792
783 792
784 792
785 793
786 793
787 793
788 794
768 781
769 781
770 782
771 783
772 783
773 785
774 785
775 785
776 787
777 788
754 777
741 754
742 754
743 754
727 741
728 741
729 741
730 742
731 742
732 742
719 732
712 719
713 719
706 712
707 712
708 712
709 713
699 706
700 708
701 708
702 708
703 709
684 703
671 684
661 671
652 661
648 652
631 648
621 631
616 621
612 616
613 616
607 613
608 613
609 613
592 609
580 592
564 580
565 580
566 580
552 566
544 552
545 552
539 545
530 539
531 539
532 539
522 530
523 531
524 532
525 532
514 522
515 522
516 523
517 524
518 524
519 525
507 514
508 514
509 517
510 517
511 517
494 511
484 494
475 484
476 484
477 484
471 475
472 477
467 472
468 472
452 468
443 452
436 443
437 443
438 443
427 436
428 436
429 436
430 437
431 437
432 437
411 428
412 429
413 429
414 430
415 430
416 431
417 431
418 431
419 432
420 432
421 432
408 421
405 408
380 405
366 380
357 366
358 366
341 357
342 357
343 357
344 358
345 358
346 358
333 342
334 342
335 343
336 345
326 333
327 333
328 333
329 334
330 335
312 326
313 326
314 326
315 327
316 327
317 327
318 329
319 329
320 329
321 330
322 330
323 330
299 323
287 299
288 299
274 287
275 287
276 287
277 288
278 288
254 274
255 274
256 275
257 275
258 275
259 277
260 277
261 277
262 278
263 278
264 278
243 264
236 243
237 243
227 236
228 236
229 236
230 237
231 237
232 237
217 227
218 227
219 227
220 228
221 229
222 229
223 231
202 223
194 202
188 194
179 188
162 179
163 179
164 179
152 162
153 162
154 164
144 153
145 154
146 154
147 154
136 144
137 145
138 146
139 146
140 147
141 147
123 138
124 139
125 139
126 139
127 140
128 140
129 140
130 141
131 141
106 131
96 106
97 106
87 96
88 96
89 96
90 97
91 97
72 87
73 87
74 87
75 88
76 88
77 88
78 89
79 90
80 91
81 91
82 91
69 82
65 69
62 65
59 62
54 59
55 59
56 59
46 55
47 55
48 55
49 56
39 47
40 48
41 48
42 49
43 49
28 39
29 39
30 39
31 41
32 42
33 42
34 43
35 43
36 43
10 29
11 29
12 29
13 31
14 31
15 31
16 32
17 32
18 33
19 34
20 34
21 34
22 36
23 36
24 36
5 24
2 5
2 6
2 7
2 8
6 25
7 26
26 37
37 44
44 50
44 51
44 52
52 57
57 60
60 63
63 66
66 70
70 83
83 92
92 98
98 107
98 108
107 132
108 133
108 134
134 142
142 148
142 149
142 150
148 155
148 156
150 157
150 158
155 165
155 166
155 167
156 168
156 169
157 170
157 171
157 172
158 173
158 174
174 180
180 189
189 195
195 203
203 224
203 225
225 233
233 238
233 239
238 244
238 245
238 246
239 247
239 248
239 249
246 265
249 266
249 267
249 268
268 279
279 289
289 300
300 324
324 331
331 337
331 338
331 339
337 347
337 348
338 349
338 350
338 351
339 352
339 353
353 359
359 367
359 368
359 369
367 381
367 382
367 383
368 384
368 385
369 386
386 406
406 409
409 422
409 423
423 433
433 439
439 444
444 453
444 454
444 455
455 469
469 473
473 478
473 479
473 480
479 485
479 486
486 495
495 512
512 520
520 526
520 527
520 528
526 533
528 534
528 535
534 540
540 546
546 553
546 554
546 555
553 567
553 568
553 569
555 570
570 581
581 593
593 610
610 614
614 617
614 618
614 619
617 622
617 623
618 624
618 625
618 626
619 627
619 628
619 629
622 632
623 633
623 634
623 635
624 636
624 637
625 638
626 639
626 640
626 641
627 642
627 643
627 644
628 645
645 649
649 653
649 654
649 655
654 662
662 672
662 673
673 685
685 704
704 710
710 714
710 715
710 716
715 720
715 721
721 733
733 744
744 755
755 778
778 789
789 795
795 800
800 810
810 821
810 822
810 823
823 847
847 853
853 859
859 864
859 865
859 866
865 881
865 882
865 883
866 884
866 885
885 894
894 900
900 906
906 918
918 936
936 943
943 948
943 949
943 950
948 956
956 963
956 964
956 965
963 986
964 987
964 988
964 989
989 1000
990 1000
991 1000
966 991
957 966
951 957
952 957
944 951
945 952
937 944
938 945
939 945
940 945
919 940
907 919
908 919
909 919
901 908
895 901
886 895
867 886
860 867
861 867
854 860
855 860
856 861
848 855
824 848
592 604
698 706
751 767
404 408
147 157
720 731
811 842
571 592
511 514
864 881
537 545
547 563
371 404
260 272
834 855
384 400
755 758
151 168
750 777
504 516
890 897
418 428
41 49
683 689
522 529
821 847
673 675
733 737
465 470
145 155
718 727
383 404
548 564
26 34
580 590
164 175
864 874
866 868
162 180
535 537
325 338
553 557
533 540
815 848
556 571
820 848
863 871
42 45
290 310
653 661
552 556
291 321
677 694
519 528
733 738
745 768
809 822
682 693
483 488
473 476
42 47
855 861
586 602
441 453
541 553
944 946
962 986
253 272
256 276
524 529
176 188
575 592
574 583
198 213
812 841
334 350
911 936
435 443
554 564
864 884
192 201
16 35
193 199
815 833
97 101
737 745
947 953
354 363
288 291
646 653
193 200
841 856
341 356
555 557
762 789
27 40
67 73
805 811
572 591
824 833
434 443
752 769
300 322
145 151
621 638
139 148
296 307
408 410
736 754
248 263
136 143
369 381
553 566
364 386
670 677
275 283
823 833
240 263
537 543
712 721
898 903
482 494
547 562
864 882
591 598
255 276
92 94
69 78
591 610
619 622
882 895
803 820
792 797
660 666
266 273
849 861
407 415
632 648
862 876
569 572
9 31
104 112
336 350
798 803
556 580
150 152
913 938
153 172
194 199
862 874
372 396
448 468
104 127
289 298
200 224
989 996
325 335
385 394
751 778
6 10
177 182
462 473
917 934
861 864
215 227
810 812
650 661
203 217
760 787
713 718
923 943
785 792
522 535
578 587
107 131
924 942
660 667
865 880
671 674
885 891
576 582
697 706
738 750
630 649
909 915
755 761
788 793
372 395
585 607
67 75
81 89
800 808
944 948
800 803
193 196
985 993
540 543
913 939
8 22
69 80
305 330
740 745
299 318
148 152
384 387
60 62
674 691
522 532
964 975
142 145
545 548
961 983
451 468
666 677
738 754
891 898
659 673
303 330
731 738
912 934
966 969
102 114
288 296
535 538
7 14
518 521
559 578
754 759
384 398
618 629
808 813
284 294
34 42
808 817
409 417
51 56
783 795
965 983
222 230
678 693
299 302
149 154
988 999
229 237
412 425
199 210
919 926
472 475
39 48
246 251
803 817
243 262
526 534
799 809
910 925
89 95
614 615
648 654
386 388
332 344
72 86
372 394
575 582
492 506
848 850
633 648
563 576
747 767
750 775
485 493
617 627
409 414
721 722
470 475
199 211
327 337
755 777
363 381
962 988
906 914
587 608
39 50
352 354
958 975
481 490
102 124
928 943
924 941
358 361
570 578
102 129
595 612
755 762
408 415
175 182
659 668
187 190
584 599
453 462
15 28
662 666
555 567
836 852
866 878
240 257
428 434
986 999
624 638
45 55
99 125
33 41
750 767
916 924
362 376
105 124
5 23
958 989
493 510
743 748
716 721
666 678
516 522
820 842
818 828
411 424
728 738
203 205
675 690
121 138
246 256
242 260
289 299
742 748
890 899
534 538
203 219
132 142
282 299
577 584
550 558
156 165
965 973
380 403
201 222
239 241
142 144
107 134
197 224
680 690
452 458
471 479
262 276
622 645
19 35
363 374
291 316
245 252
422 430
242 255
591 608
385 395
415 427
203 223
374 400
667 678
621 639
550 564
470 476
356 362
865 870
295 320
911 932
964 984
69 79
251 275
948 957
100 119
693 706
280 299
620 638
689 707
671 678
282 291
196 211
291 308
75 92
23 28
942 952
136 149
279 283
285 290
938 943
62 64
714 719
565 578
807 813
371 406
794 800
910 927
617 625
420 425
99 118
446 464
718 729
436 442
652 658
5 21
366 377
773 784
588 604
780 790
658 663
148 153
915 935
925 944
911 929
675 694
156 164
484 491
805 820
652 657
149 151
752 757
956 962
662 671
335 341
84 98
803 819
220 229
491 498
365 382
721 724
150 154
201 207
153 165
491 505
334 351
15 32
915 939
68 83
621 641
400 409
361 383
70 72
683 704
779 795
918 921
665 681
918 934
905 913
439 441
202 205
772 780
660 665
721 731
94 107
325 337
959 977
99 122
146 155
678 696
915 924
322 326
298 302
715 719
342 358
489 496
799 802
15 36
866 870
592 601
718 732
849 858
359 360
615 625
135 145
751 777
423 425
677 696
720 727
588 594
896 906
96 102
330 333
155 160
748 763
372 398
523 529
747 757
408 412
73 91
770 784
408 418
854 859
98 100
499 513
963 988
149 153
363 384
588 597
445 462
960 973
191 200
45 57
6 9
658 673
657 663
696 710
500 514
81 86
359 364
941 948
800 805
366 370
949 954
75 87
40 49
243 265
488 506
244 250
199 219
524 534
590 609
386 394
553 564
573 591
693 705
455 459
268 273
647 653
585 597
772 785
408 422
454 464
488 496
26 35
532 536
514 525
817 830
961 985
664 682
67 78
46 56
624 634
840 851
515 521
4 12
620 640
850 859
657 668
876 895
545 553
359 362
861 862
866 881
492 501
179 182
661 669
243 261
518 523
236 245
739 750
290 313
87 95
578 590
175 184
751 773
730 737
270 285
423 426
732 737
583 608
479 483
956 961
896 909
206 226
433 434
140 145
982 992
916 940
108 130
548 567
58 62
159 175
962 989
622 630
183 195
617 629
48 57
735 751
901 902
627 640
141 145
678 695
95 101
745 757
824 838
864 883
296 309
864 876
46 53
291 306
954 959
662 663
3 11
761 780
688 710
105 128
234 247
861 866
469 471
822 840
269 285
603 612
510 513
402 409
820 844
683 700
753 760
717 732
317 325
491 506
619 624
726 738
758 785
625 634
102 128
379 392
582 597
57 58
135 147
227 234
73 88
981 994
680 697
615 627
739 748
196 219
542 555
95 107
658 670
96 107
866 871
243 260
745 771
623 638
163 177
941 950
239 246
408 417
125 136
151 169
1 7
755 765
495 502
328 338
955 959
238 241
365 383
900 905
381 401
364 379
731 744
98 104
684 704
362 374
75 91
156 171
518 525
337 345
649 650
752 771
857 865
522 533
801 814
646 652
591 601
177 188
225 229
681 687
754 773
962 971
525 531
484 495
175 185
67 76
334 345
570 573
755 775
368 377
620 635
846 851
483 491
772 788
745 772
6 21
869 893
647 651
443 446
336 343
7 22
910 940
228 234
616 622
374 404
617 626
240 259
616 628
527 529
578 584
744 750
99 120
581 586
797 803
453 458
483 494
748 757
77 87
287 293
44 45
399 408
945 946
23 27
552 568
577 593
990 994
717 733
798 808
395 407
708 713
273 282
747 760
378 387
71 87
347 356
82 90
862 872
407 419
983 993
807 812
295 311
271 288
819 834
7 11
409 410
957 965
530 538
283 297
722 737
389 408
425 438
200 216
354 368
267 277
616 629
905 915
690 705
654 657
13 32
588 598
137 147
409 415
295 323
492 512
733 741
116 136
694 708
296 323
241 259
958 970
613 618
99 112
863 884
520 521
360 382
867 872
294 315
911 935
51 55
466 472
781 794
959 987
674 704
682 696
899 904
667 675
292 321
683 695
916 920
669 685
699 710
471 474
440 448
746 761
627 638
456 473
382 389
489 510
948 953
813 836
555 569
103 112
712 717
486 492
718 723
201 220
918 935
174 179
280 294
359 363
325 334
296 313
65 68
271 281
914 921
278 281
875 888
180 185
711 719
987 995
850 857
297 305
255 272
379 400
329 338
819 830
309 328
6 15
505 520
350 354
675 688
619 623
654 656
672 675
78 85
782 790
147 155
70 81
365 374
814 827
618 623
86 96
960 986
857 866
617 628
631 647
144 154
60 61
107 112
915 929
243 263
868 890
585 603
292 308
656 669
192 197
729 744
487 505
40 46
390 407
285 299
244 255
863 882
867 881
155 172
908 913
326 334
721 727
871 892
472 476
792 798
295 312
106 127
547 569
8 21
475 486
105 125
713 717
470 478
35 44
545 549
21 30
240 264
908 911
11 30
941 947
8 26
407 412
151 163
291 310
108 118
489 503
478 481
203 206
778 782
480 484
673 674
291 311
858 865
38 50
953 962
277 287
957 960
570 576
553 559
55 58
859 863
235 247
412 428
720 722
191 196
358 365
755 764
292 309
248 254
376 392
863 885
588 603
818 847
748 775
360 375
295 304
755 757
955 965
272 288
443 451
338 346
437 441
581 584
290 316
224 233
239 243
617 620
508 516
34 39
683 694
818 832
554 567
791 800
485 490
872 888
904 913
713 720
863 883
202 207
701 709
552 567
412 430
706 711
355 366
68 79
946 956
624 631
719 728
225 227
15 29
52 53
382 404
754 760
629 630
805 816
14 37
67 71
296 314
481 493
754 757
370 401
801 813
367 378
472 480
327 335
919 939
365 373
675 702
726 741
977 1000
486 493
254 272
476 485
878 887
586 603
98 99
811 837
638 646
554 568
866 877
986 995
569 580
424 437
140 143
443 450
891 897
329 336
216 229
331 335
186 191
524 535
280 295
862 883
325 339
78 84
246 262
419 429
727 744
65 67
233 236
903 910
965 985
452 460
373 405
661 673
860 862
280 298
313 329
268 272
808 816
913 922
611 619
291 314
245 261
103 127
441 447
369 373
196 208
107 123
101 118
104 129
383 396
587 605
18 32
879 889
428 438
650 659
619 621
567 581
337 350
828 851
5 22
985 1000
680 696
753 764
273 281
629 642
951 956
659 663
831 854
222 231
238 247
496 514
754 771
796 808
743 753
942 949
792 800
832 855
11 35
639 648
502 517
499 520
579 589
907 912
983 992
191 201
877 887
790 799
242 265
568 573
364 380
194 203
712 720
673 677
492 510
153 173
625 635
812 846
5 25
94 105
3 18
271 285
364 374
495 505
681 691
217 230
293 317
442 450
614 616
5 13
475 485
798 809
767 786
581 592
8 19
494 506
421 431
537 542
270 289
684 694
979 993
680 700
242 259
367 384
108 124
978 999
560 579
37 43
299 320
11 31
579 592
152 159
708 716
156 172
199 216
420 429
492 500
751 765
97 102
336 344
821 827
941 949
513 523
735 752
7 20
452 456
246 252
76 91
199 205
245 268
54 60
751 759
408 423
109 137
229 234
323 331
527 530
112 141
691 706
69 74
296 310
806 815
916 936
769 779
202 224
281 300
494 503
426 437
515 524
723 742
797 809
68 78
198 225
960 970
925 945
289 290
586 601
827 853
841 852
574 592
950 957
681 700
503 516
749 764
960 972
158 160
33 43
248 268
2 4
292 323
384 388
737 746
493 499
824 826
732 743
497 518
615 629
296 306
448 458
297 319
294 311
702 705
228 238
479 484
774 786
85 93
747 775
902 915
928 941
413 433
100 132
154 169
173 180
198 223
677 703
236 240
205 233
661 665
86 95
289 292
354 365
798 801
912 924
905 911
622 631
685 690
256 279
768 782
378 393
442 449
306 327
178 184
728 743
961 978
547 568
243 267
368 373
882 891
964 976
769 788
447 456
149 157
739 745
584 598
747 772
659 672
408 416
620 637
616 620
986 998
163 178
34 41
149 152
963 983
718 730
754 765
729 739
50 53
774 787
155 171
335 342
507 519
905 912
47 54
180 181
917 923
242 251
369 385
99 119
495 508
378 399
230 234
3 17
56 58
306 326
67 81
491 500
746 771
966 989
811 847
184 194
450 461
958 982
412 427
905 919
99 127
244 260
364 372
870 888
446 463
258 279
90 98
900 908
947 957
485 492
22 27
745 763
965 988
964 991
639 646
173 176
383 400
114 137
580 589
749 768
573 586
628 641
729 742
284 297
117 137
108 132
201 205
962 979
724 734
104 110
825 849
416 424
202 208
537 541
178 182
823 825
945 951
744 754
812 838
378 390
813 825
445 463
720 728
455 468
104 111
865 869
420 428
964 971
587 594
8 25
100 124
70 74
471 477
599 614
495 503
14 35
612 619
179 189
167 180
592 597
69 81
627 637
351 358
241 258
589 600
70 79
100 128
247 265
283 292
120 135
960 976
966 988
765 780
878 894
263 274
261 272
197 212
683 701
246 260
193 203
908 914
264 276
59 63
256 272
40 47
194 197
25 30
593 604
845 850
429 434
895 900
107 127
808 812
909 916
807 821
7 10
54 58
864 873
300 310
858 867
333 349
369 372
814 847
101 109
424 438
554 562
156 159
444 450
369 380
863 870
8 10
547 566
231 238
582 605
91 94
328 339
964 970
224 227
158 164
292 306
314 328
6 19
3 16
63 65
725 742
412 426
668 680
778 779
797 802
573 592
320 330
969 1000
200 218
964 972
612 618
39 45
274 280
918 939
964 983
620 636
273 284
196 213
679 699
153 170
488 504
196 214
464 471
677 697
248 252
629 636
719 723
963 970
961 972
371 402
68 74
129 139
862 881
415 428
280 300
238 243
440 454
283 296
353 356
563 574
964 967
158 171
548 570
512 516
293 303
106 123
578 589
17 35
172 178
35 41
705 714
275 284
751 774
798 806
661 672
396 407
165 176
620 639
245 265
620 645
676 698
8 17
34 40
108 127
494 500
627 634
179 187
533 538
625 631
232 234
675 686
488 511
297 313
542 550
719 729
373 399
559 579
102 112
34 44
483 489
808 815
715 717
303 331
753 771
657 670
444 445
228 235
671 681
674 696
629 633
213 230
104 124
730 739
280 292
257 278
664 675
748 769
647 650
935 944
378 388
136 150
669 682
455 467
201 206
154 162
946 957
562 579
865 877
822 836
819 835
955 958
41 52
793 800
4 17
4 26
853 860
104 123
300 311
328 337
71 90
772 782
577 585
276 285
416 433
139 147
865 878
656 664
385 400
887 901
862 875
277 286
745 778
430 438
756 784
152 165
804 817
246 267
106 115
744 747
87 98
590 595
862 880
292 316
492 503
6 14
199 221
442 452
94 99
555 560
435 444
454 461
589 606
141 146
779 791
296 308
178 188
451 462
549 565
41 50
714 721
872 892
455 456
301 325
198 220
986 993
912 929
291 304
237 247
867 883
541 552
43 45
117 135
961 974
621 633
326 332
899 908
494 508
13 35
834 852
141 148
565 576
514 528
680 692
303 328
336 348
385 405
919 936
544 555
84 96
333 348
564 579
899 907
203 218
407 418
985 996
414 432
367 375
370 397
575 593
268 275
328 335
438 442
826 850
922 941
748 774
168 178
730 741
335 340
758 786
276 280
226 237
343 359
811 835
176 186
157 162
202 218
98 102
673 680
335 353
384 392
105 110
915 938
317 329
494 504
775 787
249 260
481 492
792 796
96 108
824 834
172 177
134 140
833 850
336 341
291 303
5 16
806 821
477 483
912 939
541 554
740 747
717 729
598 611
107 130
8 18
464 472
247 266
347 359
949 956
988 998
677 700
153 169
407 423
748 773
472 479
559 581
820 829
744 749
501 516
539 546
865 871
615 628
618 620
426 439
960 977
359 361
865 884
295 317
33 40
579 583
103 131
684 696
4 11
451 457
339 348
286 297
668 677
627 641
496 517
679 686
287 296
894 896
748 760
914 939
35 42
332 343
661 668
97 103
102 130
966 980
538 542
618 621
754 774
64 69
241 268
449 468
914 937
748 777
480 486
180 188
362 375
500 519
459 473
150 153
805 813
794 798
1 5
784 794
359 365
445 465
867 876
857 863
128 136
737 754
294 305
331 332
596 613
11 34
656 667
98 103
64 70
957 961
295 302
69 77
741 750
51 54
781 793
622 634
186 194
676 691
72 84
214 226
914 933
900 907
643 646
409 411
906 911
126 142
556 579
165 175
584 606
747 770
25 27
489 504
958 987
560 576
552 565
915 940
240 256
253 276
944 952
106 125
822 832
602 611
817 831
373 390
746 765
177 189
907 914
195 196
288 293
235 240
966 977
735 745
268 274
910 930
540 542
955 963
495 500
360 383
864 871
615 624
363 376
580 591
671 680
939 943
156 170
680 704
621 645
865 879
356 366
806 812
61 66
332 342
639 649
822 829
362 371
386 401
151 172
214 228
560 574
487 500
294 302
270 287
526 532
956 960
788 795
506 517
223 230
808 822
79 91
572 588
19 28
495 499
813 843
796 810
197 217
99 133
553 556
629 637
68 72
954 962
276 288
175 186
461 470
748 770
926 944
943 946
988 996
759 787
28 44
572 583
332 350
462 472
164 178
954 963
99 121
678 690
12 36
824 836
747 763
554 559
33 39
511 515
94 100
962 969
579 593
286 296
103 120
385 401
646 655
581 588
176 183
955 960
363 379
237 246
468 470
904 918
818 846
77 86
266 276
819 826
488 502
15 30
593 594
376 403
514 526
953 965
595 613
969 999
154 174
919 934
339 345
561 572
107 129
557 581
626 644
195 198
344 359
713 721
973 998
884 895
813 844
869 890
278 282
337 342
778 787
363 385
527 532
431 438
296 320
742 747
571 589
824 844
407 420
697 710
962 987
296 319
144 155
59 61
495 509
294 310
443 453
678 699
476 483
661 666
647 652
966 974
750 760
621 643
809 818
124 137
67 80
809 815
158 169
856 860
863 886
183 194
718 728
550 560
139 144
865 885
431 436
700 705
718 731
658 669
963 990
835 849
93 105
815 836
806 816
894 899
199 209
439 443
364 381
785 795
479 481
436 440
313 330
337 343
446 458
937 945
510 518
904 911
527 535
367 372
277 289
486 490
22 28
28 41
378 389
151 173
973 994
881 893
663 682
238 248
177 186
24 29
284 299
136 145
625 632
39 46
225 228
621 634
674 689
284 293
259 276
613 615
785 791
420 426
295 310
777 782
815 830
296 312
488 505
749 761
50 56
183 192
635 647
677 704
799 807
586 607
648 653
136 147
41 46
384 397
408 413
985 992
101 125
115 141
460 470
295 315
153 160
263 279
918 920
333 340
551 568
245 263
260 274
538 545
985 994
864 885
515 527
330 334
699 708
282 298
246 250
29 44
408 414
916 928
177 187
5 12
547 558
907 915
75 90
538 544
376 387
137 148
795 799
585 596
686 708
962 972
940 941
749 776
674 698
