1000 2000 25
32 61 43 30 33 28 34 39 56 50 41 32 32 29 24 26 40 77 37 45 106 41 29 24 11 
1 33
1 34
33 94
33 95
33 96
94 137
94 138
94 139
95 140
96 141
96 142
138 167
139 168
140 169
140 170
140 171
141 172
141 173
142 174
142 175
142 176
167 200
168 201
169 202
170 203
171 204
171 205
172 206
173 207
173 208
173 209
174 210
174 211
175 212
175 213
200 228
201 229
201 230
201 231
202 232
202 233
202 234
203 235
203 236
203 237
204 238
204 239
205 240
205 241
207 242
207 243
207 244
208 245
209 246
209 247
210 248
210 249
211 250
211 251
212 252
229 262
230 263
231 264
232 265
233 266
233 267
233 268
235 269
235 270
237 271
239 272
239 273
240 274
240 275
241 276
241 277
241 278
243 279
244 280
244 281
244 282
245 283
245 284
247 285
247 286
248 287
249 288
249 289
249 290
251 291
252 292
252 293
262 301
262 302
263 303
263 304
263 305
264 306
267 307
269 308
269 309
270 310
270 311
271 312
272 313
272 314
272 315
273 316
273 317
274 318
275 319
276 320
276 321
277 322
277 323
278 324
279 325
281 326
282 327
283 328
285 329
285 330
285 331
286 332
286 333
287 334
287 335
287 336
289 337
290 338
290 339
290 340
291 341
292 342
292 343
292 344
293 345
345 357
357 407
407 448
407 449
407 450
449 480
449 481
449 482
450 483
480 512
480 513
480 514
481 515
481 516
483 517
513 541
515 542
515 543
516 544
516 545
517 546
542 565
543 566
543 567
544 568
544 569
544 570
545 571
565 591
565 592
565 593
566 594
566 595
567 596
568 597
568 598
568 599
569 600
569 601
571 602
591 631
591 632
592 633
592 634
593 635
593 636
593 637
594 638
594 639
594 640
595 641
595 642
596 643
596 644
596 645
597 646
597 647
598 648
598 649
598 650
599 651
599 652
601 653
601 654
601 655
632 708
634 709
634 710
634 711
635 712
635 713
635 714
636 715
637 716
637 717
637 718
639 719
639 720
639 721
640 722
640 723
641 724
642 725
642 726
642 727
643 728
647 729
647 730
649 731
651 732
651 733
651 734
652 735
653 736
653 737
653 738
654 739
708 745
710 746
710 747
710 748
711 749
711 750
713 751
713 752
713 753
714 754
714 755
715 756
716 757
716 758
716 759
717 760
719 761
720 762
721 763
723 764
723 765
723 766
724 767
724 768
726 769
727 770
727 771
729 772
730 773
731 774
732 775
732 776
732 777
733 778
736 779
737 780
739 781
739 782
745 790
746 791
746 792
746 793
748 794
749 795
749 796
750 797
750 798
750 799
751 800
751 801
752 802
752 803
754 804
754 805
754 806
755 807
755 808
755 809
756 810
758 811
758 812
758 813
759 814
760 815
760 816
761 817
761 818
761 819
762 820
762 821
763 822
765 823
765 824
765 825
766 826
766 827
767 828
768 829
768 830
769 831
769 832
769 833
770 834
771 835
771 836
773 837
773 838
774 839
774 840
774 841
775 842
775 843
775 844
776 845
776 846
776 847
777 848
777 849
778 850
778 851
778 852
779 853
780 854
781 855
781 856
782 857
782 858
782 859
859 896
896 937
937 966
966 990
966 991
966 992
967 990
968 992
969 992
970 992
938 967
939 967
940 968
941 969
942 970
943 970
944 970
897 938
898 939
899 939
900 939
901 940
902 940
903 940
904 941
905 941
906 943
907 943
908 943
909 944
910 944
911 944
860 897
861 897
862 897
863 898
864 899
865 899
866 902
867 902
868 903
869 903
870 904
871 904
872 904
873 905
874 905
875 907
876 907
877 908
878 908
879 908
880 909
881 909
882 909
783 882
740 783
656 740
657 740
658 740
603 656
604 656
605 658
606 658
572 603
573 605
574 605
575 606
576 606
547 572
548 572
549 572
550 574
551 574
552 575
518 548
519 549
520 549
521 549
522 550
523 550
524 551
525 552
484 518
485 518
486 518
487 519
488 520
489 520
490 520
491 521
492 521
493 521
494 523
495 524
496 525
497 525
498 525
451 485
452 485
453 487
454 488
455 489
456 489
457 490
458 493
459 494
460 494
461 495
462 495
463 497
464 497
408 451
409 451
410 452
411 452
412 454
413 454
414 454
415 455
416 456
417 456
418 456
419 458
420 458
421 458
422 459
423 459
424 460
425 461
426 461
427 462
428 463
429 464
430 464
431 464
358 408
359 408
360 410
361 410
362 410
363 411
364 412
365 413
366 414
367 414
368 415
369 415
370 415
371 416
372 416
373 417
374 417
375 418
376 418
377 418
378 420
379 421
380 423
381 423
382 423
383 424
384 424
385 425
386 425
387 426
388 426
389 427
390 427
391 428
392 428
393 429
394 429
395 429
396 430
397 431
398 431
346 398
294 346
253 294
214 253
215 253
177 214
178 214
179 214
180 215
181 215
182 215
143 177
144 179
145 181
146 181
147 182
97 143
98 143
99 143
100 144
101 144
102 144
103 145
104 145
105 146
106 147
107 147
108 147
35 97
36 97
37 98
38 99
39 99
40 102
41 102
42 102
43 103
44 104
45 104
46 105
47 106
48 106
49 107
50 107
51 108
52 108
53 108
2 35
3 35
4 35
5 37
6 38
7 38
8 38
9 39
10 40
11 40
12 40
13 41
14 41
15 42
16 44
17 44
18 45
19 45
20 48
21 48
22 48
23 49
24 49
25 49
26 51
27 51
28 52
29 53
30 53
31 53
3 54
3 55
4 56
6 57
6 58
8 59
9 60
10 61
10 62
12 63
12 64
12 65
13 66
14 67
14 68
14 69
16 70
16 71
17 72
17 73
18 74
19 75
20 76
21 77
21 78
22 79
23 80
23 81
23 82
24 83
25 84
28 85
30 86
30 87
31 88
31 89
89 109
109 148
148 183
148 184
183 216
183 217
183 218
184 219
216 254
218 255
219 256
256 295
256 296
256 297
295 347
295 348
296 349
297 350
297 351
297 352
352 399
399 432
432 465
432 466
466 499
466 500
466 501
499 526
499 527
500 528
500 529
501 530
528 553
528 554
528 555
529 556
529 557
530 558
530 559
553 577
554 578
555 579
555 580
555 581
556 582
556 583
557 584
559 585
559 586
559 587
577 607
578 608
579 609
579 610
579 611
581 612
581 613
582 614
582 615
583 616
583 617
584 618
584 619
584 620
585 621
585 622
585 623
586 624
586 625
586 626
587 627
607 659
607 660
607 661
608 662
608 663
608 664
609 665
609 666
609 667
610 668
610 669
610 670
611 671
611 672
612 673
613 674
614 675
614 676
614 677
615 678
615 679
616 680
616 681
617 682
617 683
620 684
620 685
620 686
621 687
621 688
622 689
622 690
622 691
623 692
623 693
624 694
624 695
624 696
626 697
627 698
698 741
741 784
784 883
784 884
784 885
885 912
912 945
945 971
971 993
971 994
971 995
972 993
973 993
974 994
975 994
976 994
946 972
947 972
948 973
949 973
950 973
951 974
952 975
913 946
914 946
915 947
916 947
917 947
918 948
919 949
920 949
921 950
922 950
923 951
924 951
925 951
886 913
887 914
888 914
889 915
890 918
891 919
892 921
893 923
785 893
742 785
699 742
700 742
701 742
628 701
588 628
560 588
561 588
531 561
502 531
503 531
467 502
468 503
469 503
470 503
433 467
434 467
435 467
436 468
400 433
401 433
402 435
403 436
404 436
353 404
298 353
257 298
258 298
259 298
220 257
221 257
222 257
223 258
224 258
225 258
185 220
186 220
187 220
188 221
189 222
190 222
191 222
192 223
193 223
194 223
195 224
196 225
149 187
150 188
151 189
152 189
153 190
154 190
155 190
156 191
157 192
158 192
159 194
160 195
161 195
162 196
163 196
164 196
110 149
111 151
112 152
113 152
114 152
115 153
116 153
117 155
118 155
119 155
120 156
121 157
122 157
123 157
124 158
125 158
126 160
127 160
128 160
129 161
130 161
131 162
132 162
133 162
134 164
135 164
90 135
32 90
32 91
32 92
32 93
93 136
136 165
165 197
165 198
198 226
226 260
260 299
299 354
299 355
355 405
405 437
437 471
437 472
437 473
471 504
471 505
472 506
472 507
504 532
505 533
505 534
506 535
507 536
507 537
532 562
537 563
563 589
589 629
629 702
629 703
629 704
704 743
743 786
743 787
743 788
788 894
894 926
926 953
926 954
953 977
953 978
953 979
954 980
978 996
978 997
979 998
980 999
980 1000
981 997
982 998
983 998
984 998
985 999
986 999
987 1000
988 1000
989 1000
955 981
956 981
957 983
958 983
959 983
960 984
961 984
962 987
963 987
964 987
965 989
927 957
928 957
929 958
930 960
931 961
932 962
933 963
934 963
935 964
936 964
895 936
789 895
744 789
705 744
706 744
707 744
630 707
590 630
564 590
538 564
539 564
540 564
508 538
509 540
510 540
511 540
474 508
475 508
476 508
477 509
478 509
479 511
438 474
439 474
440 474
441 475
442 476
443 476
444 476
445 477
446 478
447 479
406 447
356 406
300 356
261 300
227 261
199 227
166 199
573 614
71 108
605 692
26 33
513 560
415 472
137 195
299 344
158 191
608 695
17 59
245 291
681 729
708 780
787 798
945 976
721 769
277 302
289 312
794 934
960 986
159 179
316 396
544 578
748 825
844 933
566 609
935 960
742 789
742 777
915 960
680 709
149 168
314 372
85 120
767 882
743 782
199 218
752 801
753 826
48 115
352 406
733 767
627 678
13 38
742 765
645 729
106 153
392 446
589 617
699 714
982 991
262 316
506 512
689 730
555 566
20 90
469 505
481 534
741 761
331 380
22 64
189 209
816 898
748 806
213 233
589 616
587 592
603 646
103 153
773 823
927 955
352 378
234 263
560 579
110 150
755 895
473 490
133 137
151 169
548 590
366 407
710 775
152 179
911 939
600 657
336 360
206 228
241 262
264 354
188 200
762 818
349 403
700 718
748 837
214 230
807 898
775 826
206 261
674 726
286 322
341 364
299 342
205 245
275 339
480 515
786 792
286 344
1 70
215 255
594 694
743 757
626 698
374 431
10 48
215 248
573 616
75 98
29 65
607 637
337 399
780 817
714 780
493 534
479 497
521 556
73 120
571 617
787 793
174 206
15 48
693 725
596 685
515 564
692 732
71 127
14 81
604 689
217 244
782 826
967 994
605 637
605 643
631 744
131 154
121 145
319 362
184 213
61 117
247 281
139 189
273 306
166 174
787 876
22 54
60 122
319 393
345 361
604 707
850 904
564 579
98 158
904 958
718 782
768 892
782 860
666 722
541 566
612 690
987 994
115 138
815 926
297 349
23 93
19 55
733 766
145 179
589 618
48 135
62 98
456 481
326 387
611 657
721 760
320 393
252 294
322 372
776 877
860 926
519 551
699 735
337 359
932 955
704 722
624 644
572 604
269 301
59 115
825 904
421 477
859 926
372 418
269 354
697 736
630 636
372 420
713 755
298 313
27 59
446 455
514 563
744 759
756 836
395 420
442 462
270 321
316 367
378 407
226 249
501 523
468 497
163 186
44 112
699 723
665 726
76 111
161 193
977 999
14 50
262 307
359 410
865 934
273 347
849 906
399 428
657 743
551 572
754 832
787 865
219 248
584 597
331 400
23 69
456 482
117 166
912 965
455 504
515 553
80 132
47 97
765 894
778 819
290 337
2 39
532 551
292 333
782 852
802 913
597 684
471 492
231 263
240 279
361 444
628 638
417 454
565 597
213 232
767 887
117 152
525 555
335 359
711 746
54 99
242 296
128 138
57 118
71 131
50 111
406 437
949 970
287 354
44 117
857 912
426 475
989 990
901 958
669 709
188 208
955 985
476 501
744 762
600 638
576 624
31 78
116 154
928 945
224 256
758 859
832 913
144 168
587 602
582 600
74 109
551 578
745 887
793 929
258 273
220 246
553 584
689 731
167 205
10 90
546 566
22 76
381 427
366 440
417 463
425 478
425 452
345 388
627 677
49 95
323 391
123 147
443 470
564 576
331 368
755 864
605 672
757 874
281 315
577 595
767 881
496 535
655 734
708 754
569 608
51 128
21 86
70 100
593 656
454 492
330 380
425 471
51 133
752 815
741 769
180 203
776 844
424 472
425 463
729 754
526 551
295 311
322 382
175 208
751 799
612 662
484 516
879 930
875 902
645 714
442 461
442 470
854 907
612 663
801 910
21 74
433 454
572 613
262 338
619 686
226 236
61 107
39 105
21 47
731 777
759 805
91 109
866 899
148 167
10 93
748 847
224 260
535 559
2 38
338 389
881 933
469 493
853 926
664 738
756 881
548 589
678 730
251 283
772 868
585 606
741 748
582 617
765 868
225 231
751 810
596 665
127 155
290 322
518 542
183 224
204 261
969 995
789 804
29 84
528 550
750 852
24 71
712 749
484 520
433 461
219 252
724 757
919 957
595 632
383 413
722 771
621 702
542 583
814 926
297 343
146 183
373 446
393 413
606 631
727 745
834 933
949 978
590 614
570 611
618 689
588 593
589 596
746 894
289 302
764 822
567 621
9 57
216 250
553 581
464 485
762 849
441 450
318 403
222 251
434 452
458 495
472 480
562 566
223 243
109 149
752 814
864 931
136 162
935 959
734 757
149 169
144 197
974 997
549 588
754 848
507 524
583 626
598 638
68 100
597 679
144 191
620 655
299 324
588 596
725 784
5 33
167 221
330 381
143 168
418 448
539 561
182 204
838 928
555 565
584 603
417 477
194 218
928 943
749 822
256 265
145 173
758 815
649 729
113 163
776 822
773 802
218 239
758 890
148 181
257 270
48 129
528 546
177 212
762 790
742 756
220 239
273 308
839 931
147 198
479 487
59 106
673 740
910 940
21 87
459 511
599 635
553 580
236 291
483 513
704 709
12 52
617 647
187 217
93 135
105 142
775 824
263 307
682 739
6 67
195 204
878 936
454 507
80 124
30 69
146 191
612 652
768 825
575 622
331 375
627 684
100 162
55 95
851 926
426 455
86 133
319 395
886 899
26 48
716 754
168 214
54 103
781 880
272 330
762 812
124 166
937 972
845 909
502 524
669 728
291 338
276 345
537 549
384 407
579 630
593 681
208 242
268 324
16 90
15 35
582 627
283 345
729 784
39 134
788 889
89 117
411 453
131 142
158 175
658 742
601 682
20 43
560 577
774 799
224 231
832 908
32 54
865 901
760 834
819 921
907 939
196 204
607 652
312 390
347 396
644 710
663 722
203 228
582 610
318 382
13 51
876 898
691 740
294 340
92 112
518 559
768 882
906 964
410 455
739 788
19 61
139 193
838 934
602 641
790 931
550 568
834 929
118 152
269 348
720 789
761 850
12 51
4 80
573 591
293 315
207 230
639 727
276 323
806 917
363 415
899 962
617 700
294 327
563 585
576 605
47 96
413 474
353 403
941 985
555 584
587 614
770 843
86 126
298 301
683 711
325 371
344 379
389 410
291 356
825 896
756 894
720 759
814 919
595 649
587 618
224 235
394 424
30 84
183 225
128 147
484 521
745 796
496 531
28 81
939 987
486 531
558 575
77 125
683 736
381 430
619 637
544 576
757 847
26 72
740 764
735 763
502 539
525 546
614 699
430 466
408 449
426 474
176 214
748 818
625 638
747 820
779 842
29 85
753 879
14 76
304 376
632 719
203 238
112 166
281 312
931 954
260 288
676 710
269 352
751 824
724 758
784 890
759 844
578 627
617 684
785 877
877 916
531 548
455 483
576 593
771 892
943 974
334 359
23 62
218 241
626 696
735 784
905 943
860 919
463 481
448 493
736 780
396 438
759 801
11 69
359 430
511 530
16 59
904 940
859 921
574 593
601 683
955 976
222 250
436 458
179 223
310 393
277 335
693 734
748 886
208 232
625 637
605 677
958 974
772 802
453 508
449 485
876 923
160 198
596 692
373 443
480 517
586 606
756 862
311 390
422 464
535 547
587 606
602 656
524 562
142 187
169 226
352 390
8 92
250 300
161 169
234 287
762 803
248 292
105 144
555 567
282 324
294 354
18 53
664 714
919 941
255 293
609 685
259 276
371 439
574 620
398 435
310 405
91 128
388 442
487 523
431 462
454 503
215 240
635 710
589 625
778 817
970 990
271 351
473 498
266 314
287 317
101 165
759 861
766 814
566 619
73 106
439 465
617 658
319 369
626 688
94 143
662 732
709 771
765 811
166 175
193 200
176 218
393 434
337 376
594 644
214 241
594 636
763 854
614 643
28 40
666 715
641 722
15 81
771 797
414 475
566 605
954 986
156 184
772 815
550 583
124 154
340 386
611 699
129 141
352 376
592 699
203 249
645 718
398 446
575 595
121 161
606 646
941 988
70 96
939 988
131 161
326 380
251 266
4 44
730 764
73 94
616 696
396 440
651 711
305 383
22 90
538 552
752 816
715 775
786 836
250 294
798 898
608 652
130 144
272 322
775 871
9 90
746 817
81 116
432 457
782 801
768 847
533 563
640 735
755 848
573 608
783 816
153 192
778 837
642 721
12 58
3 44
227 231
380 414
786 829
342 371
405 435
776 810
754 817
547 573
761 853
623 707
169 201
802 925
317 368
283 351
570 627
568 612
24 78
625 650
772 852
741 786
198 224
985 997
527 550
968 996
454 500
226 233
737 752
789 798
265 337
798 896
792 921
650 744
173 203
276 316
382 433
738 764
246 270
655 729
389 415
187 226
913 963
767 806
569 620
44 100
777 831
80 97
464 504
855 908
719 778
371 408
533 556
938 988
440 468
702 716
272 329
755 815
612 695
546 573
935 946
984 992
755 854
410 456
453 501
156 186
913 949
580 603
737 770
29 83
726 780
168 210
387 413
331 370
416 474
675 716
445 455
564 581
21 37
746 871
376 426
461 493
171 225
465 496
567 597
488 515
191 227
778 820
766 848
333 365
408 462
658 722
717 776
601 702
435 455
188 216
710 762
554 582
237 265
568 614
14 57
204 245
499 534
149 183
595 640
753 807
63 117
784 820
14 75
339 401
419 464
131 144
210 257
575 624
209 252
588 624
522 559
343 369
495 530
