1000 2000 25
21 41 41 41 41 41 41 41 41 42 42 42 42 42 42 42 42 42 42 42 42 42 42 42 21 
1 22
22 63
63 104
104 145
145 186
186 227
227 268
268 309
309 350
350 392
392 434
434 476
476 518
518 560
560 602
602 644
644 686
686 728
728 770
770 812
812 854
854 896
896 938
938 980
939 980
897 939
855 897
813 855
771 813
729 771
687 729
645 687
603 645
561 603
519 561
477 519
435 477
393 435
351 393
310 351
269 310
228 269
187 228
146 187
105 146
64 105
23 64
2 23
2 24
24 65
65 106
106 147
147 188
188 229
229 270
270 311
311 352
352 394
394 436
436 478
478 520
520 562
562 604
604 646
646 688
688 730
730 772
772 814
814 856
856 898
898 940
940 981
941 981
899 941
857 899
815 857
773 815
731 773
689 731
647 689
605 647
563 605
521 563
479 521
437 479
395 437
353 395
312 353
271 312
230 271
189 230
148 189
107 148
66 107
25 66
3 25
3 26
26 67
67 108
108 149
149 190
190 231
231 272
272 313
313 354
354 396
396 438
438 480
480 522
522 564
564 606
606 648
648 690
690 732
732 774
774 816
816 858
858 900
900 942
942 982
943 982
901 943
859 901
817 859
775 817
733 775
691 733
649 691
607 649
565 607
523 565
481 523
439 481
397 439
355 397
314 355
273 314
232 273
191 232
150 191
109 150
68 109
27 68
4 27
4 28
28 69
69 110
110 151
151 192
192 233
233 274
274 315
315 356
356 398
398 440
440 482
482 524
524 566
566 608
608 650
650 692
692 734
734 776
776 818
818 860
860 902
902 944
944 983
945 983
903 945
861 903
819 861
777 819
735 777
693 735
651 693
609 651
567 609
525 567
483 525
441 483
399 441
357 399
316 357
275 316
234 275
193 234
152 193
111 152
70 111
29 70
5 29
5 30
30 71
71 112
112 153
153 194
194 235
235 276
276 317
317 358
358 400
400 442
442 484
484 526
526 568
568 610
610 652
652 694
694 736
736 778
778 820
820 862
862 904
904 946
946 984
947 984
905 947
863 905
821 863
779 821
737 779
695 737
653 695
611 653
569 611
527 569
485 527
443 485
401 443
359 401
318 359
277 318
236 277
195 236
154 195
113 154
72 113
31 72
6 31
6 32
32 73
73 114
114 155
155 196
196 237
237 278
278 319
319 360
360 402
402 444
444 486
486 528
528 570
570 612
612 654
654 696
696 738
738 780
780 822
822 864
864 906
906 948
948 985
949 985
907 949
865 907
823 865
781 823
739 781
697 739
655 697
613 655
571 613
529 571
487 529
445 487
403 445
361 403
320 361
279 320
238 279
197 238
156 197
115 156
74 115
33 74
7 33
7 34
34 75
75 116
116 157
157 198
198 239
239 280
280 321
321 362
362 404
404 446
446 488
488 530
530 572
572 614
614 656
656 698
698 740
740 782
782 824
824 866
866 908
908 950
950 986
951 986
909 951
867 909
825 867
783 825
741 783
699 741
657 699
615 657
573 615
531 573
489 531
447 489
405 447
363 405
322 363
281 322
240 281
199 240
158 199
117 158
76 117
35 76
8 35
8 36
36 77
77 118
118 159
159 200
200 241
241 282
282 323
323 364
364 406
406 448
448 490
490 532
532 574
574 616
616 658
658 700
700 742
742 784
784 826
826 868
868 910
910 952
952 987
953 987
911 953
869 911
827 869
785 827
743 785
701 743
659 701
617 659
575 617
533 575
491 533
449 491
407 449
365 407
324 365
283 324
242 283
201 242
160 201
119 160
78 119
37 78
9 37
9 38
38 79
79 120
120 161
161 202
202 243
243 284
284 325
325 366
366 408
408 450
450 492
492 534
534 576
576 618
618 660
660 702
702 744
744 786
786 828
828 870
870 912
912 954
954 988
955 988
913 955
871 913
829 871
787 829
745 787
703 745
661 703
619 661
577 619
535 577
493 535
451 493
409 451
367 409
326 367
285 326
244 285
203 244
162 203
121 162
80 121
39 80
10 39
10 40
40 81
81 122
122 163
163 204
204 245
245 286
286 327
327 368
368 410
410 452
452 494
494 536
536 578
578 620
620 662
662 704
704 746
746 788
788 830
830 872
872 914
914 956
956 989
957 989
915 957
873 915
831 873
789 831
747 789
705 747
663 705
621 663
579 621
537 579
495 537
453 495
411 453
369 411
328 369
287 328
246 287
205 246
164 205
123 164
82 123
41 82
11 41
11 42
42 83
83 124
124 165
165 206
206 247
247 288
288 329
329 370
370 412
412 454
454 496
496 538
538 580
580 622
622 664
664 706
706 748
748 790
790 832
832 874
874 916
916 958
958 990
959 990
917 959
875 917
833 875
791 833
749 791
707 749
665 707
623 665
581 623
539 581
497 539
455 497
413 455
371 413
330 371
289 330
248 289
207 248
166 207
125 166
84 125
43 84
12 43
12 44
44 85
85 126
126 167
167 208
208 249
249 290
290 331
331 372
372 414
414 456
456 498
498 540
540 582
582 624
624 666
666 708
708 750
750 792
792 834
834 876
876 918
918 960
960 991
961 991
919 961
877 919
835 877
793 835
751 793
709 751
667 709
625 667
583 625
541 583
499 541
457 499
415 457
373 415
332 373
291 332
250 291
209 250
168 209
127 168
86 127
45 86
13 45
13 46
46 87
87 128
128 169
169 210
210 251
251 292
292 333
333 374
374 416
416 458
458 500
500 542
542 584
584 626
626 668
668 710
710 752
752 794
794 836
836 878
878 920
920 962
962 992
963 992
921 963
879 921
837 879
795 837
753 795
711 753
669 711
627 669
585 627
543 585
501 543
459 501
417 459
375 417
334 375
293 334
252 293
211 252
170 211
129 170
88 129
47 88
14 47
14 48
48 89
89 130
130 171
171 212
212 253
253 294
294 335
335 376
376 418
418 460
460 502
502 544
544 586
586 628
628 670
670 712
712 754
754 796
796 838
838 880
880 922
922 964
964 993
965 993
923 965
881 923
839 881
797 839
755 797
713 755
671 713
629 671
587 629
545 587
503 545
461 503
419 461
377 419
336 377
295 336
254 295
213 254
172 213
131 172
90 131
49 90
15 49
15 50
50 91
91 132
132 173
173 214
214 255
255 296
296 337
337 378
378 420
420 462
462 504
504 546
546 588
588 630
630 672
672 714
714 756
756 798
798 840
840 882
882 924
924 966
966 994
967 994
925 967
883 925
841 883
799 841
757 799
715 757
673 715
631 673
589 631
547 589
505 547
463 505
421 463
379 421
338 379
297 338
256 297
215 256
174 215
133 174
92 133
51 92
16 51
16 52
52 93
93 134
134 175
175 216
216 257
257 298
298 339
339 380
380 422
422 464
464 506
506 548
548 590
590 632
632 674
674 716
716 758
758 800
800 842
842 884
884 926
926 968
968 995
969 995
927 969
885 927
843 885
801 843
759 801
717 759
675 717
633 675
591 633
549 591
507 549
465 507
423 465
381 423
340 381
299 340
258 299
217 258
176 217
135 176
94 135
53 94
17 53
17 54
54 95
95 136
136 177
177 218
218 259
259 300
300 341
341 382
382 424
424 466
466 508
508 550
550 592
592 634
634 676
676 718
718 760
760 802
802 844
844 886
886 928
928 970
970 996
971 996
929 971
887 929
845 887
803 845
761 803
719 761
677 719
635 677
593 635
551 593
509 551
467 509
425 467
383 425
342 383
301 342
260 301
219 260
178 219
137 178
96 137
55 96
18 55
18 56
56 97
97 138
138 179
179 220
220 261
261 302
302 343
343 384
384 426
426 468
468 510
510 552
552 594
594 636
636 678
678 720
720 762
762 804
804 846
846 888
888 930
930 972
972 997
973 997
931 973
889 931
847 889
805 847
763 805
721 763
679 721
637 679
595 637
553 595
511 553
469 511
427 469
385 427
344 385
303 344
262 303
221 262
180 221
139 180
98 139
57 98
19 57
19 58
58 99
99 140
140 181
181 222
222 263
263 304
304 345
345 386
386 428
428 470
470 512
512 554
554 596
596 638
638 680
680 722
722 764
764 806
806 848
848 890
890 932
932 974
974 998
975 998
933 975
891 933
849 891
807 849
765 807
723 765
681 723
639 681
597 639
555 597
513 555
471 513
429 471
387 429
346 387
305 346
264 305
223 264
182 223
141 182
100 141
59 100
20 59
20 60
60 101
101 142
142 183
183 224
224 265
265 306
306 347
347 388
388 430
430 472
472 514
514 556
556 598
598 640
640 682
682 724
724 766
766 808
808 850
850 892
892 934
934 976
976 999
977 999
935 977
893 935
851 893
809 851
767 809
725 767
683 725
641 683
599 641
557 599
515 557
473 515
431 473
389 431
348 389
307 348
266 307
225 266
184 225
143 184
102 143
61 102
21 61
21 62
62 103
103 144
144 185
185 226
226 267
267 308
308 349
349 390
390 432
432 474
474 516
516 558
558 600
600 642
642 684
684 726
726 768
768 810
810 852
852 894
894 936
936 978
978 1000
979 1000
937 979
895 937
853 895
811 853
769 811
727 769
685 727
643 685
601 643
559 601
517 559
475 517
433 475
391 433
700 756
767 792
668 716
19 22
814 887
710 762
295 314
521 594
787 842
890 921
222 230
617 653
237 279
327 381
746 780
289 313
49 102
943 999
8 43
393 455
13 50
797 824
92 143
517 546
596 641
31 103
841 865
600 641
336 373
121 161
951 991
490 522
915 969
752 772
340 371
580 628
139 156
853 866
233 303
597 643
655 696
65 134
898 960
562 612
637 653
80 124
956 997
669 727
850 882
684 694
420 448
470 480
583 611
96 135
616 650
521 596
557 597
332 387
407 444
828 874
657 711
684 687
332 361
896 953
16 34
240 269
806 840
918 944
17 30
971 997
696 740
793 851
765 790
35 91
840 888
11 62
268 333
291 321
339 374
255 287
888 925
370 427
231 301
517 536
488 526
145 201
4 54
826 857
54 90
422 475
355 433
181 193
493 530
166 219
818 862
617 657
433 467
350 393
899 953
812 866
454 517
750 779
710 732
148 206
351 397
165 188
483 523
202 233
481 529
410 459
701 754
737 800
264 278
901 968
40 82
768 770
585 625
281 311
780 840
4 52
325 372
640 669
297 316
764 797
670 696
436 488
715 739
338 387
625 663
128 172
40 98
812 882
443 487
586 625
797 821
365 422
243 291
707 742
4 41
812 864
500 538
407 437
521 573
32 76
891 914
963 986
677 702
199 256
62 75
825 863
873 906
631 647
158 194
472 510
57 67
666 715
757 770
771 825
364 433
54 87
472 482
170 188
464 485
666 719
655 693
877 916
657 725
703 760
931 947
565 632
593 633
260 268
237 306
916 965
694 764
886 920
637 654
18 43
886 924
481 554
342 372
795 833
654 702
358 402
537 581
59 86
224 243
555 579
552 600
252 307
712 765
136 159
519 572
739 780
239 277
909 956
80 135
723 732
318 364
879 899
819 874
79 135
661 694
713 734
313 391
453 515
209 234
551 573
858 929
310 358
20 22
389 396
362 393
585 620
710 766
561 624
905 940
60 91
78 125
142 172
624 681
149 203
803 839
45 82
331 369
144 166
825 881
67 119
795 813
626 675
595 641
647 704
968 996
50 101
936 954
836 867
130 160
781 819
151 187
456 501
21 28
317 391
360 431
583 639
263 295
369 428
301 331
194 265
557 572
594 607
965 991
624 661
17 35
12 53
338 380
48 81
557 562
722 731
748 811
243 275
463 494
782 819
283 310
486 550
898 972
173 213
698 742
932 962
173 226
473 489
441 508
91 134
446 517
489 534
294 343
72 105
741 807
612 658
858 933
150 221
761 801
717 768
655 710
379 406
678 725
437 484
701 729
920 976
488 545
446 486
228 275
927 954
781 841
85 129
910 973
643 674
826 888
695 759
738 796
201 241
21 53
477 518
582 609
659 693
319 376
2 50
512 550
247 307
566 624
954 981
218 229
261 296
839 855
541 596
613 650
166 211
62 69
219 246
935 979
842 872
850 894
377 410
795 814
744 791
48 93
120 145
610 665
236 290
500 551
449 501
312 370
169 201
304 333
233 298
604 684
204 228
963 998
358 426
591 640
437 502
582 641
854 901
883 908
744 801
893 905
171 197
857 936
109 179
267 268
267 279
91 141
392 454
322 370
706 732
429 446
744 782
917 958
727 729
192 238
503 547
219 227
228 274
205 266
767 785
372 404
651 694
752 788
506 551
419 449
233 293
443 494
554 565
118 169
436 510
726 757
854 910
637 666
636 667
751 811
392 475
224 227
168 199
266 301
420 472
119 178
111 179
3 42
121 181
171 209
427 455
257 270
632 667
25 99
325 381
584 613
161 218
525 573
882 912
817 882
30 67
633 669
317 351
147 198
383 421
865 931
711 732
383 398
116 146
190 261
15 33
83 130
652 703
6 35
371 417
14 31
448 493
739 788
262 271
467 478
510 525
784 831
832 864
180 197
11 59
283 333
317 388
635 666
26 98
449 498
747 770
39 94
436 502
579 602
973 995
543 596
854 899
761 788
648 696
406 458
393 475
197 235
184 189
423 467
413 443
790 851
458 478
972 985
660 716
655 720
722 748
30 69
630 669
757 787
596 612
834 868
63 142
148 204
771 826
934 978
425 445
412 445
859 926
581 609
268 321
586 617
623 663
836 889
106 164
637 655
9 33
694 762
710 763
506 556
235 288
101 121
269 332
649 700
23 67
112 177
808 845
869 916
115 150
782 845
887 897
295 348
598 608
733 786
778 852
560 628
878 910
831 892
672 698
618 646
814 877
724 728
387 404
448 507
620 653
550 595
794 853
565 606
289 333
468 480
627 676
21 44
831 856
235 304
546 566
558 561
598 613
197 237
14 23
124 149
150 225
888 932
84 121
669 708
729 784
199 253
627 684
366 399
92 132
215 230
130 151
444 484
53 71
535 586
162 210
897 955
771 841
780 837
358 418
472 496
76 115
221 260
696 743
354 407
308 334
461 501
533 594
232 276
811 824
618 664
322 380
591 637
136 145
256 306
502 536
400 470
104 180
776 831
371 411
886 911
280 333
344 384
872 909
82 116
629 647
68 143
725 741
850 867
108 147
846 877
87 109
226 257
800 816
549 596
802 834
679 715
243 273
905 969
464 512
413 475
561 634
422 452
395 434
791 812
818 886
743 778
239 298
801 835
500 543
807 839
274 314
898 962
487 557
623 651
926 959
714 760
355 407
655 707
410 455
489 526
935 947
465 477
527 588
927 958
462 499
920 953
592 618
448 481
355 427
2 49
502 534
215 251
35 99
308 338
489 519
282 342
900 956
626 655
825 871
107 179
318 376
580 618
889 925
4 59
409 466
777 849
79 136
337 389
715 737
346 372
760 774
93 136
688 747
491 557
902 970
901 942
279 337
835 870
177 186
649 726
146 219
930 976
716 756
375 405
141 181
102 107
528 568
323 384
785 832
920 957
544 601
233 282
223 265
346 360
182 218
135 153
888 924
451 491
159 187
334 369
77 130
258 302
260 290
416 451
276 347
740 803
170 215
343 386
528 562
298 313
577 626
532 571
437 515
158 219
427 458
18 58
140 161
161 208
704 735
887 928
749 804
628 671
64 109
670 726
174 207
970 992
742 804
494 530
393 446
258 275
624 664
574 614
426 447
118 171
382 408
164 211
675 706
890 904
341 391
288 313
344 388
315 353
10 32
493 526
174 209
450 482
826 892
453 479
737 793
401 462
267 269
209 254
894 923
758 787
53 69
965 983
721 760
409 465
13 60
697 756
166 225
880 923
451 508
619 675
306 327
654 707
306 329
634 684
149 210
255 286
20 54
189 228
121 148
79 122
403 463
275 348
5 45
935 938
295 324
930 947
381 422
500 539
702 729
319 366
661 718
617 685
724 760
282 312
680 696
618 665
547 601
450 498
545 560
889 933
821 888
69 105
4 37
599 635
944 992
735 796
762 785
191 267
893 912
241 283
310 368
881 914
777 829
874 912
643 660
567 620
688 732
181 223
367 426
667 707
653 722
512 559
390 395
62 74
464 487
183 187
593 614
185 189
141 167
664 692
802 816
862 933
383 415
649 694
786 826
123 148
368 422
827 857
968 1000
969 994
698 755
779 849
198 263
815 895
343 367
801 830
476 534
870 929
676 719
509 523
281 335
366 393
471 517
922 959
561 629
125 158
90 111
796 848
280 324
340 362
911 966
683 708
680 713
686 744
382 412
384 395
483 548
69 126
486 527
847 864
202 239
787 812
856 896
581 628
432 467
680 706
20 29
15 24
340 357
19 36
28 70
927 961
700 736
913 947
51 82
724 739
17 52
14 41
408 435
16 42
601 602
460 478
685 700
9 36
8 29
514 534
48 103
611 679
1 30
872 935
168 186
876 935
823 874
524 598
659 688
731 793
548 570
63 127
165 203
655 718
73 107
155 202
280 317
376 415
225 255
114 183
285 317
211 258
32 101
104 163
108 177
111 166
136 157
228 273
136 149
958 980
186 262
565 620
493 537
643 666
141 156
192 240
144 182
61 81
745 797
785 825
380 401
178 199
438 504
880 936
415 446
564 636
614 657
340 373
156 226
429 470
433 466
27 91
481 545
237 302
447 496
360 425
146 198
39 76
440 488
938 988
538 589
939 991
313 370
836 881
404 448
669 715
627 672
102 129
180 194
16 35
75 142
765 789
209 261
820 864
573 640
906 977
544 598
248 269
49 73
815 864
231 279
572 607
254 282
264 300
91 144
902 939
466 480
818 856
640 653
698 747
937 974
459 515
17 34
948 994
397 449
72 127
280 345
625 648
574 637
212 256
96 118
465 489
797 819
323 350
788 840
512 519
730 779
151 224
109 164
199 242
173 196
502 520
573 606
405 471
245 296
162 217
364 408
342 373
244 299
152 188
454 484
37 79
640 648
124 160
219 233
62 76
202 263
658 697
788 823
225 264
33 91
11 54
433 437
321 359
675 704
907 960
197 233
419 475
587 614
276 333
714 730
283 348
954 995
10 41
930 959
683 692
478 528
157 200
426 453
184 206
781 850
832 891
449 505
373 400
446 484
847 872
925 961
620 656
