1000 3000 50
11 21 21 21 21 21 21 21 21 21 21 21 21 21 21 21 21 21 21 21 20 20 20 20 20 20 20 20 20 20 20 20 20 20 20 20 20 20 20 20 20 20 20 20 20 20 20 20 20 10 
1 12
12 33
33 54
54 75
75 96
96 117
117 138
138 159
159 180
180 201
201 222
222 243
243 264
264 285
285 306
306 327
327 348
348 369
369 390
390 411
411 431
431 451
451 471
471 491
491 511
511 531
531 551
551 571
571 591
591 611
611 631
631 651
651 671
671 691
691 711
711 731
731 751
751 771
771 791
791 811
811 831
831 851
851 871
871 891
891 911
911 931
931 951
951 971
971 991
972 991
952 972
932 952
912 932
892 912
872 892
852 872
832 852
812 832
792 812
772 792
752 772
732 752
712 732
692 712
672 692
652 672
632 652
612 632
592 612
572 592
552 572
532 552
512 532
492 512
472 492
452 472
432 452
412 432
391 412
370 391
349 370
328 349
307 328
286 307
265 286
244 265
223 244
202 223
181 202
160 181
139 160
118 139
97 118
76 97
55 76
34 55
13 34
2 13
2 14
14 35
35 56
56 77
77 98
98 119
119 140
140 161
161 182
182 203
203 224
224 245
245 266
266 287
287 308
308 329
329 350
350 371
371 392
392 413
413 433
433 453
453 473
473 493
493 513
513 533
533 553
553 573
573 593
593 613
613 633
633 653
653 673
673 693
693 713
713 733
733 753
753 773
773 793
793 813
813 833
833 853
853 873
873 893
893 913
913 933
933 953
953 973
973 992
974 992
954 974
934 954
914 934
894 914
874 894
854 874
834 854
814 834
794 814
774 794
754 774
734 754
714 734
694 714
674 694
654 674
634 654
614 634
594 614
574 594
554 574
534 554
514 534
494 514
474 494
454 474
434 454
414 434
393 414
372 393
351 372
330 351
309 330
288 309
267 288
246 267
225 246
204 225
183 204
162 183
141 162
120 141
99 120
78 99
57 78
36 57
15 36
3 15
3 16
16 37
37 58
58 79
79 100
100 121
121 142
142 163
163 184
184 205
205 226
226 247
247 268
268 289
289 310
310 331
331 352
352 373
373 394
394 415
415 435
435 455
455 475
475 495
495 515
515 535
535 555
555 575
575 595
595 615
615 635
635 655
655 675
675 695
695 715
715 735
735 755
755 775
775 795
795 815
815 835
835 855
855 875
875 895
895 915
915 935
935 955
955 975
975 993
976 993
956 976
936 956
916 936
896 916
876 896
856 876
836 856
816 836
796 816
776 796
756 776
736 756
716 736
696 716
676 696
656 676
636 656
616 636
596 616
576 596
556 576
536 556
516 536
496 516
476 496
456 476
436 456
416 436
395 416
374 395
353 374
332 353
311 332
290 311
269 290
248 269
227 248
206 227
185 206
164 185
143 164
122 143
101 122
80 101
59 80
38 59
17 38
4 17
4 18
18 39
39 60
60 81
81 102
102 123
123 144
144 165
165 186
186 207
207 228
228 249
249 270
270 291
291 312
312 333
333 354
354 375
375 396
396 417
417 437
437 457
457 477
477 497
497 517
517 537
537 557
557 577
577 597
597 617
617 637
637 657
657 677
677 697
697 717
717 737
737 757
757 777
777 797
797 817
817 837
837 857
857 877
877 897
897 917
917 937
937 957
957 977
977 994
978 994
958 978
938 958
918 938
898 918
878 898
858 878
838 858
818 838
798 818
778 798
758 778
738 758
718 738
698 718
678 698
658 678
638 658
618 638
598 618
578 598
558 578
538 558
518 538
498 518
478 498
458 478
438 458
418 438
397 418
376 397
355 376
334 355
313 334
292 313
271 292
250 271
229 250
208 229
187 208
166 187
145 166
124 145
103 124
82 103
61 82
40 61
19 40
5 19
5 20
20 41
41 62
62 83
83 104
104 125
125 146
146 167
167 188
188 209
209 230
230 251
251 272
272 293
293 314
314 335
335 356
356 377
377 398
398 419
419 439
439 459
459 479
479 499
499 519
519 539
539 559
559 579
579 599
599 619
619 639
639 659
659 679
679 699
699 719
719 739
739 759
759 779
779 799
799 819
819 839
839 859
859 879
879 899
899 919
919 939
939 959
959 979
979 995
980 995
960 980
940 960
920 940
900 920
880 900
860 880
840 860
820 840
800 820
780 800
760 780
740 760
720 740
700 720
680 700
660 680
640 660
620 640
600 620
580 600
560 580
540 560
520 540
500 520
480 500
460 480
440 460
420 440
399 420
378 399
357 378
336 357
315 336
294 315
273 294
252 273
231 252
210 231
189 210
168 189
147 168
126 147
105 126
84 105
63 84
42 63
21 42
6 21
6 22
22 43
43 64
64 85
85 106
106 127
127 148
148 169
169 190
190 211
211 232
232 253
253 274
274 295
295 316
316 337
337 358
358 379
379 400
400 421
421 441
441 461
461 481
481 501
501 521
521 541
541 561
561 581
581 601
601 621
621 641
641 661
661 681
681 701
701 721
721 741
741 761
761 781
781 801
801 821
821 841
841 861
861 881
881 901
901 921
921 941
941 961
961 981
981 996
982 996
962 982
942 962
922 942
902 922
882 902
862 882
842 862
822 842
802 822
782 802
762 782
742 762
722 742
702 722
682 702
662 682
642 662
622 642
602 622
582 602
562 582
542 562
522 542
502 522
482 502
462 482
442 462
422 442
401 422
380 401
359 380
338 359
317 338
296 317
275 296
254 275
233 254
212 233
191 212
170 191
149 170
128 149
107 128
86 107
65 86
44 65
23 44
7 23
7 24
24 45
45 66
66 87
87 108
108 129
129 150
150 171
171 192
192 213
213 234
234 255
255 276
276 297
297 318
318 339
339 360
360 381
381 402
402 423
423 443
443 463
463 483
483 503
503 523
523 543
543 563
563 583
583 603
603 623
623 643
643 663
663 683
683 703
703 723
723 743
743 763
763 783
783 803
803 823
823 843
843 863
863 883
883 903
903 923
923 943
943 963
963 983
983 997
984 997
964 984
944 964
924 944
904 924
884 904
864 884
844 864
824 844
804 824
784 804
764 784
744 764
724 744
704 724
684 704
664 684
644 664
624 644
604 624
584 604
564 584
544 564
524 544
504 524
484 504
464 484
444 464
424 444
403 424
382 403
361 382
340 361
319 340
298 319
277 298
256 277
235 256
214 235
193 214
172 193
151 172
130 151
109 130
88 109
67 88
46 67
25 46
8 25
8 26
26 47
47 68
68 89
89 110
110 131
131 152
152 173
173 194
194 215
215 236
236 257
257 278
278 299
299 320
320 341
341 362
362 383
383 404
404 425
425 445
445 465
465 485
485 505
505 525
525 545
545 565
565 585
585 605
605 625
625 645
645 665
665 685
685 705
705 725
725 745
745 765
765 785
785 805
805 825
825 845
845 865
865 885
885 905
905 925
925 945
945 965
965 985
985 998
986 998
966 986
946 966
926 946
906 926
886 906
866 886
846 866
826 846
806 826
786 806
766 786
746 766
726 746
706 726
686 706
666 686
646 666
626 646
606 626
586 606
566 586
546 566
526 546
506 526
486 506
466 486
446 466
426 446
405 426
384 405
363 384
342 363
321 342
300 321
279 300
258 279
237 258
216 237
195 216
174 195
153 174
132 153
111 132
90 111
69 90
48 69
27 48
9 27
9 28
28 49
49 70
70 91
91 112
112 133
133 154
154 175
175 196
196 217
217 238
238 259
259 280
280 301
301 322
322 343
343 364
364 385
385 406
406 427
427 447
447 467
467 487
487 507
507 527
527 547
547 567
567 587
587 607
607 627
627 647
647 667
667 687
687 707
707 727
727 747
747 767
767 787
787 807
807 827
827 847
847 867
867 887
887 907
907 927
927 947
947 967
967 987
987 999
988 999
968 988
948 968
928 948
908 928
888 908
868 888
848 868
828 848
808 828
788 808
768 788
748 768
728 748
708 728
688 708
668 688
648 668
628 648
608 628
588 608
568 588
548 568
528 548
508 528
488 508
468 488
448 468
428 448
407 428
386 407
365 386
344 365
323 344
302 323
281 302
260 281
239 260
218 239
197 218
176 197
155 176
134 155
113 134
92 113
71 92
50 71
29 50
10 29
10 30
30 51
51 72
72 93
93 114
114 135
135 156
156 177
177 198
198 219
219 240
240 261
261 282
282 303
303 324
324 345
345 366
366 387
387 408
408 429
429 449
449 469
469 489
489 509
509 529
529 549
549 569
569 589
589 609
609 629
629 649
649 669
669 689
689 709
709 729
729 749
749 769
769 789
789 809
809 829
829 849
849 869
869 889
889 909
909 929
929 949
949 969
969 989
989 1000
990 1000
970 990
950 970
930 950
910 930
890 910
870 890
850 870
830 850
810 830
790 810
770 790
750 770
730 750
710 730
690 710
670 690
650 670
630 650
610 630
590 610
570 590
550 570
530 550
510 530
490 510
470 490
450 470
430 450
409 430
388 409
367 388
346 367
325 346
304 325
283 304
262 283
241 262
220 241
199 220
178 199
157 178
136 157
115 136
94 115
73 94
52 73
31 52
11 31
11 32
32 53
53 74
74 95
95 116
116 137
137 158
158 179
179 200
200 221
221 242
242 263
263 284
284 305
305 326
326 347
347 368
368 389
389 410
584 599
810 817
792 817
736 754
465 490
453 486
154 178
603 625
633 668
140 168
425 435
466 474
312 337
561 578
622 636
488 494
950 961
882 907
279 290
521 548
941 957
796 818
420 441
532 561
289 307
318 337
369 403
1 21
835 854
120 155
863 873
960 981
475 510
480 506
596 627
390 417
62 93
780 791
903 921
98 133
214 224
248 277
979 998
6 18
371 396
12 37
746 758
163 196
791 814
934 970
141 164
688 698
836 853
290 309
193 221
951 972
526 550
553 578
730 743
740 769
760 788
842 855
372 390
975 994
472 510
203 222
603 629
853 885
277 302
20 33
217 226
398 415
361 378
453 490
544 553
243 280
512 539
857 874
321 336
10 20
636 670
600 611
589 602
713 734
650 659
278 290
403 429
185 210
91 107
839 853
749 765
624 642
781 799
476 495
56 89
2 19
472 496
375 403
300 319
334 366
195 202
107 124
720 735
484 505
604 611
458 484
293 311
750 764
830 838
500 521
657 689
5 29
924 943
83 103
125 143
870 884
845 866
830 833
709 712
783 798
222 251
706 727
858 879
580 608
798 820
355 385
520 542
436 463
392 430
588 609
894 927
643 667
733 767
332 360
168 191
769 781
851 880
893 911
48 70
740 762
97 124
194 217
310 337
115 118
432 464
711 747
605 614
754 778
904 919
368 375
344 348
627 634
400 423
602 619
8 18
572 602
188 214
346 359
854 889
482 494
177 181
449 462
561 587
524 533
345 352
163 190
199 217
332 350
970 977
894 919
29 37
813 850
462 481
608 613
392 427
914 938
796 813
80 106
583 599
605 615
756 774
723 738
823 844
890 900
286 318
813 847
407 415
435 454
153 171
545 556
249 264
571 601
723 744
305 311
546 570
3 18
177 182
861 890
57 94
68 86
303 307
26 43
100 127
814 850
975 998
179 197
860 876
661 686
895 917
617 634
158 165
375 391
818 842
115 126
550 562
984 1000
758 781
65 85
892 922
499 513
168 183
869 884
138 179
511 537
71 84
634 666
167 194
301 316
877 893
663 679
19 52
264 304
718 746
447 456
222 244
748 754
360 387
2 16
149 169
832 854
485 509
45 54
728 739
424 446
346 350
210 229
201 225
20 35
311 335
864 878
45 71
445 457
51 65
389 405
957 989
186 219
820 843
640 666
526 538
39 62
727 739
704 728
717 732
814 843
13 35
170 195
556 581
185 217
524 549
714 732
803 828
878 901
525 547
244 281
615 647
181 215
198 208
614 638
738 751
413 448
197 202
632 663
5 17
806 823
433 465
761 790
307 347
482 500
45 63
761 777
604 630
910 923
25 50
3 17
553 588
926 940
589 597
662 686
167 197
499 520
92 109
38 67
305 321
162 182
378 398
5 23
924 948
932 959
645 663
422 438
527 539
874 901
406 426
206 236
625 632
824 837
663 680
620 650
14 38
813 837
866 871
507 511
651 684
911 932
455 490
123 143
952 982
848 867
173 184
65 92
541 554
629 635
594 621
491 515
8 30
534 556
190 208
426 441
694 722
407 423
313 342
31 37
240 262
171 180
804 816
55 83
751 790
229 243
538 568
557 588
730 733
247 269
130 157
962 984
429 439
346 366
116 126
501 524
68 90
814 849
763 790
230 243
470 487
676 698
224 261
767 774
765 783
124 157
334 365
571 599
338 356
142 167
24 49
989 999
357 377
860 883
592 613
636 660
198 201
620 634
296 323
883 909
850 855
378 404
528 542
959 987
588 600
460 487
959 981
829 833
402 420
276 290
604 626
414 445
416 431
63 91
104 120
918 943
614 637
585 600
881 893
591 621
689 702
883 893
953 989
676 691
63 90
833 864
855 882
638 661
868 889
973 998
19 43
21 39
791 821
982 991
447 461
5 24
843 860
713 739
242 254
256 280
825 833
90 96
660 681
806 815
495 519
790 798
847 858
483 505
929 935
892 924
358 377
680 709
41 69
448 470
446 467
380 408
238 256
588 596
447 462
338 361
918 941
490 509
690 696
353 380
99 137
141 159
340 353
766 773
130 152
503 518
29 34
968 982
33 55
602 630
359 385
842 863
693 721
57 89
707 714
920 950
215 238
742 753
811 838
528 537
358 387
427 448
317 329
913 932
733 763
813 839
621 650
906 914
408 430
305 322
800 823
302 322
98 134
361 384
56 95
507 526
540 552
831 855
30 46
946 968
792 820
881 909
599 618
177 191
575 608
920 943
508 525
135 140
953 986
683 691
466 482
476 505
880 903
169 182
259 276
320 328
625 635
228 259
441 470
680 702
288 314
906 929
341 364
680 696
823 837
854 883
518 545
784 798
807 823
747 762
237 245
900 924
161 189
144 160
560 588
959 986
69 88
806 825
163 183
502 528
761 785
489 502
744 765
957 988
178 188
625 637
517 538
4 24
835 867
383 406
833 868
824 834
69 80
677 710
614 632
114 119
323 335
314 342
784 795
652 682
855 876
35 59
846 860
81 109
57 79
693 724
960 988
552 582
635 654
863 871
502 530
933 965
751 776
769 773
118 155
847 869
46 72
502 517
651 682
610 617
265 303
834 864
800 821
757 786
445 458
829 844
146 164
424 447
961 978
578 599
218 226
63 79
858 885
524 546
329 351
233 258
284 289
439 469
957 979
393 429
91 105
674 710
408 427
972 997
981 999
571 592
461 476
187 203
562 580
44 74
694 716
945 958
143 178
580 604
585 609
835 863
829 832
777 793
410 412
797 823
855 873
331 365
979 999
675 698
706 723
8 24
837 864
395 419
201 240
107 123
440 453
721 739
787 802
933 966
905 915
555 584
672 702
507 517
395 413
315 337
490 497
204 228
301 320
248 266
683 697
184 204
870 872
40 67
11 24
586 608
20 50
292 310
857 884
843 851
174 182
469 486
572 595
694 715
278 289
239 261
586 603
118 147
324 328
906 912
341 352
407 417
99 130
897 924
486 502
954 984
920 935
856 882
542 560
24 33
476 509
2 22
599 624
701 714
72 77
689 708
360 384
841 851
755 790
419 450
586 600
189 205
724 738
713 740
323 341
791 819
777 800
510 514
440 469
7 21
975 996
434 456
503 517
127 155
376 394
860 889
81 113
451 485
123 150
731 757
631 661
884 900
480 510
599 616
641 659
835 860
231 258
195 218
550 556
624 643
459 485
801 816
750 758
840 858
619 631
879 904
369 393
396 422
367 379
226 257
118 158
417 440
455 476
115 122
182 204
549 551
490 493
596 615
131 146
458 471
683 698
25 47
685 695
862 875
391 418
24 43
231 249
644 661
629 650
74 94
75 103
769 783
440 470
639 660
294 309
711 739
449 454
730 732
605 624
808 817
726 734
333 358
310 346
854 872
744 751
799 828
51 67
487 498
852 890
94 103
834 851
160 195
473 505
116 124
10 13
492 519
835 865
389 392
490 508
484 500
697 716
219 224
606 611
307 341
607 625
583 607
150 176
234 249
32 41
322 337
665 687
905 917
800 818
209 240
955 980
91 96
623 649
154 165
627 638
51 56
965 972
827 850
496 527
327 354
728 742
117 142
491 524
878 896
844 856
220 239
615 642
961 971
864 877
688 702
494 524
965 977
645 657
410 426
588 595
395 429
349 383
240 250
681 710
106 123
24 42
620 643
825 847
842 860
189 208
950 969
32 49
887 901
497 527
840 863
344 361
788 800
461 474
556 584
400 426
114 137
410 414
661 677
258 283
735 751
902 923
789 796
145 167
984 992
122 153
234 263
669 680
390 429
902 918
797 826
422 448
488 498
731 767
133 143
32 44
494 523
875 899
419 443
500 526
522 544
96 126
940 968
514 533
383 394
183 202
499 524
918 942
182 211
352 388
862 883
629 645
967 984
172 183
841 853
518 532
445 463
98 128
893 912
703 728
646 664
522 543
108 137
515 544
759 781
135 147
605 619
318 347
937 956
948 954
834 858
25 33
841 855
170 184
942 968
586 609
17 42
848 857
677 698
148 165
122 139
441 453
394 423
67 82
821 832
626 638
879 895
866 873
944 957
540 555
769 788
441 457
701 716
142 178
192 216
962 981
218 231
375 390
543 562
765 786
700 729
287 307
9 18
805 820
600 614
769 776
947 969
646 665
589 605
939 966
277 291
453 477
6 25
126 146
47 71
394 413
378 402
486 510
393 419
481 492
67 94
467 475
926 931
857 888
309 331
373 405
643 653
480 494
522 539
212 227
602 624
720 750
601 628
739 762
514 531
521 532
77 115
63 76
702 716
900 916
347 357
9 32
988 998
226 258
153 176
894 920
618 647
694 728
38 57
72 90
144 163
73 83
41 66
81 101
653 687
541 556
366 371
94 114
312 338
857 886
549 555
849 866
371 404
73 88
625 636
290 323
787 809
717 743
596 621
50 66
120 151
642 655
145 160
209 236
807 818
917 945
606 614
69 79
604 627
8 12
888 897
867 877
528 539
493 512
735 768
39 57
426 445
756 786
616 650
804 822
171 197
790 791
364 374
681 692
446 451
897 914
379 401
886 895
74 78
590 592
961 973
270 303
461 471
79 115
695 714
94 96
159 194
580 592
397 414
731 759
747 756
354 384
329 349
119 151
557 575
186 218
678 709
508 524
789 800
318 327
968 979
409 422
13 39
876 898
336 361
668 686
133 155
524 531
923 947
199 202
949 960
63 93
386 408
280 305
79 101
553 581
58 83
754 777
646 663
918 944
361 369
514 535
815 847
36 74
852 880
70 92
673 694
703 724
817 846
969 972
58 81
609 630
660 675
101 125
478 507
859 878
667 674
407 426
324 329
481 495
64 80
552 574
940 959
960 979
34 64
898 914
523 549
694 720
783 810
42 56
893 917
685 710
570 573
326 327
84 112
480 505
612 644
93 98
304 310
550 567
372 399
33 66
958 989
907 913
453 482
645 666
375 406
20 39
151 173
44 58
589 603
496 518
785 793
459 476
186 211
56 90
149 167
768 771
925 937
917 931
761 779
716 748
18 43
625 648
551 590
901 915
615 646
837 863
282 298
121 143
205 236
500 515
511 544
318 333
640 659
451 472
296 307
675 705
303 312
144 162
361 370
956 990
407 414
709 724
414 438
9 22
932 962
246 274
629 646
674 704
646 657
929 948
603 621
62 87
435 466
963 981
539 560
618 634
688 697
544 551
332 355
682 697
956 973
290 326
642 651
321 328
203 235
494 517
718 740
257 276
989 995
86 104
411 439
74 84
407 429
785 806
580 597
679 700
542 553
153 159
688 695
921 938
67 89
861 877
295 307
940 955
740 753
722 749
302 313
504 519
187 216
496 530
624 650
328 351
525 548
330 364
928 934
268 294
922 946
559 573
220 230
85 108
302 315
348 389
577 593
513 539
438 454
574 597
259 283
440 455
875 900
153 178
91 111
435 464
446 462
535 557
205 224
808 818
80 100
522 548
184 221
699 721
914 931
521 545
862 871
823 840
395 415
160 189
213 239
137 146
11 12
140 160
458 472
562 572
169 184
688 710
93 99
483 506
161 197
1 28
258 280
103 120
97 122
782 798
799 817
491 526
732 768
33 74
4 12
471 496
934 961
934 964
287 318
964 982
1 23
652 679
694 725
758 777
966 975
202 241
960 975
102 133
698 725
177 180
216 235
107 134
722 740
183 207
828 837
507 521
92 115
476 501
669 674
16 44
718 743
92 112
98 136
659 688
377 394
763 787
159 189
444 462
56 87
569 572
876 908
402 415
983 996
300 307
385 393
969 987
917 935
149 168
18 44
799 829
726 749
520 549
787 804
262 284
297 314
137 144
212 241
102 137
894 915
520 532
364 369
862 872
158 163
955 979
157 167
152 179
945 961
170 197
185 215
719 737
53 54
352 370
587 602
178 186
25 48
317 346
52 65
204 237
256 271
420 448
136 141
490 505
877 900
68 88
516 538
700 718
43 54
756 785
219 228
28 51
820 841
161 200
422 444
938 952
324 335
395 412
871 907
253 265
762 778
902 920
456 478
677 699
364 383
5 18
657 673
951 982
748 764
571 597
359 371
606 627
65 80
256 270
644 656
335 351
411 432
437 468
121 148
805 827
98 123
75 112
182 212
450 469
49 66
344 354
793 816
694 717
427 446
529 543
485 502
804 820
229 257
89 103
429 450
869 881
736 751
19 46
304 322
888 907
167 200
840 862
711 749
743 754
286 322
748 759
374 400
376 406
967 973
794 812
866 881
863 887
488 495
579 607
893 929
210 242
167 186
694 721
964 981
7 25
957 980
40 63
524 538
135 149
546 554
185 218
291 322
923 939
442 459
108 120
584 605
195 204
630 639
466 490
103 128
519 535
650 666
179 181
201 239
357 369
614 635
695 720
709 726
368 383
313 336
734 764
533 555
948 964
1 20
776 805
336 352
568 578
485 510
611 645
194 210
637 668
562 574
205 230
381 399
18 52
273 302
289 322
505 517
33 59
101 129
173 181
729 737
896 928
311 339
5 21
791 812
312 343
963 976
357 374
312 347
858 874
695 730
842 852
414 442
32 47
629 643
674 700
449 470
362 381
407 413
15 53
939 962
509 512
831 865
944 966
228 254
467 482
336 356
304 316
715 743
544 554
896 925
97 127
405 421
807 812
175 195
674 698
498 520
772 801
83 108
250 278
567 575
206 224
583 595
652 681
830 831
734 762
271 303
94 99
504 526
31 45
847 851
460 489
193 218
257 270
27 41
777 808
627 646
5 31
453 480
799 830
486 492
746 765
865 882
390 421
267 289
666 681
268 299
905 912
767 772
644 651
562 587
242 261
771 792
645 667
531 557
391 424
59 93
760 786
712 750
12 51
808 814
133 139
212 225
204 229
497 529
305 320
575 602
311 333
482 506
968 975
213 223
636 665
68 82
569 587
119 146
579 610
335 361
175 192
179 193
383 391
270 299
611 650
252 277
443 455
830 845
437 453
14 34
336 365
431 467
315 335
310 329
49 60
197 216
153 164
775 796
778 803
198 209
810 815
838 857
805 815
5 26
315 339
510 512
593 614
381 407
357 384
686 692
662 676
438 457
675 693
432 459
172 190
546 558
727 741
327 365
907 928
854 877
148 159
162 193
384 394
774 800
454 479
610 624
234 248
612 634
533 569
557 580
931 952
303 320
317 342
794 824
726 731
81 98
68 84
381 394
258 278
492 520
951 976
282 305
934 953
787 798
127 141
446 460
687 698
408 421
616 640
457 480
264 298
504 521
920 934
674 709
397 426
407 412
690 701
119 141
919 943
84 100
971 998
447 470
32 45
468 473
714 744
735 757
932 953
182 201
871 906
16 35
272 296
618 635
39 67
556 574
892 927
593 616
701 726
932 954
448 451
426 437
692 729
42 57
939 956
159 184
818 834
875 903
54 92
905 920
586 596
50 68
470 477
676 697
437 464
219 225
50 73
833 863
466 485
985 997
433 451
36 56
791 822
597 615
93 107
464 476
157 175
820 838
389 403
963 973
648 652
225 251
256 269
466 477
794 823
537 567
99 119
396 419
27 39
832 856
213 235
271 300
183 206
401 416
924 931
901 927
355 371
657 675
707 717
104 135
803 816
809 821
629 631
257 272
611 643
627 639
540 564
988 1000
67 77
255 275
704 718
709 730
172 188
804 821
262 277
38 66
27 37
741 754
215 228
409 424
57 95
475 505
387 398
543 566
354 379
450 460
294 320
535 570
842 869
9 17
355 369
833 861
548 569
990 995
793 828
766 776
618 641
901 928
957 987
723 749
131 145
941 953
247 283
818 848
311 337
827 846
907 920
52 71
317 336
543 570
34 73
638 653
85 112
363 380
160 184
469 485
31 51
127 139
877 906
928 938
851 872
560 574
103 126
157 169
779 806
175 189
192 205
128 142
39 63
819 832
206 241
638 664
16 42
540 567
49 74
327 358
495 523
111 126
743 751
743 760
14 39
845 855
790 809
621 635
758 771
125 152
192 219
535 569
121 145
349 369
868 886
413 431
266 302
786 810
125 150
491 521
280 288
365 382
702 715
19 37
305 323
199 205
535 551
897 925
328 362
44 63
427 438
477 506
316 334
295 309
145 172
300 311
858 875
850 857
702 714
415 433
82 113
583 592
779 803
519 548
19 47
280 295
503 520
202 237
681 696
730 744
424 441
361 383
569 575
92 104
556 578
166 180
710 722
758 775
695 717
335 360
879 892
551 580
372 391
7 15
422 440
208 226
705 729
397 412
159 197
334 368
292 317
609 619
809 815
554 579
824 846
876 906
794 830
523 537
874 897
87 116
730 747
485 499
281 287
66 80
11 28
684 706
807 821
606 612
804 815
643 662
579 609
434 464
479 508
156 159
268 291
563 578
34 74
119 154
49 63
889 907
641 667
967 985
127 149
424 437
189 209
511 541
468 480
439 466
158 174
491 522
849 868
982 992
324 336
553 575
610 622
399 413
583 604
99 126
143 170
273 296
457 471
8 20
78 104
775 794
512 549
437 455
106 131
306 341
211 238
641 658
571 593
339 349
691 727
81 108
644 654
70 87
851 882
188 210
743 767
839 860
110 126
7 12
106 137
387 406
867 886
905 916
293 309
924 942
317 347
43 65
588 604
976 994
1 26
481 505
151 171
243 270
513 532
760 775
750 751
309 346
672 704
842 861
906 920
66 76
89 115
759 789
749 759
635 663
478 497
782 806
630 633
927 934
429 448
297 307
539 564
276 294
912 935
702 727
309 344
643 665
919 949
504 518
574 598
873 900
465 476
230 252
9 16
31 48
602 627
412 443
927 935
435 461
556 587
290 308
676 708
13 51
151 174
821 840
21 51
134 154
854 873
29 53
895 921
938 962
461 490
10 19
970 974
384 395
732 759
174 185
29 41
123 142
923 945
735 770
21 41
406 425
650 664
965 989
833 869
540 554
804 813
944 968
17 37
985 993
854 871
74 80
555 571
525 540
813 832
176 183
138 174
98 125
550 555
692 714
27 38
263 275
663 689
910 918
357 389
302 306
575 600
957 990
900 929
717 746
78 109
902 929
272 290
844 858
861 873
