1000 2000 25
21 48 22 25 33 49 56 83 19 17 18 20 32 45 59 48 36 101 38 37 27 29 37 77 23 
1 22
1 23
1 24
22 70
22 71
23 72
24 73
24 74
24 75
70 92
71 93
71 94
71 95
72 96
72 97
74 98
75 99
92 117
92 118
93 119
93 120
93 121
94 122
94 123
95 124
95 125
95 126
96 127
96 128
96 129
97 130
97 131
99 132
99 133
119 150
119 151
119 152
121 153
121 154
121 155
122 156
123 157
123 158
124 159
124 160
125 161
125 162
126 163
126 164
126 165
127 166
127 167
127 168
128 169
128 170
128 171
129 172
130 173
130 174
131 175
131 176
132 177
132 178
133 179
150 199
150 200
150 201
151 202
153 203
153 204
153 205
154 206
154 207
155 208
156 209
157 210
158 211
158 212
158 213
160 214
161 215
161 216
163 217
163 218
163 219
164 220
164 221
165 222
166 223
166 224
167 225
167 226
167 227
170 228
171 229
171 230
172 231
172 232
174 233
175 234
176 235
178 236
178 237
178 238
199 255
200 256
200 257
201 258
202 259
203 260
205 261
205 262
205 263
206 264
206 265
207 266
208 267
208 268
209 269
209 270
209 271
210 272
210 273
212 274
212 275
212 276
213 277
213 278
214 279
214 280
214 281
217 282
217 283
220 284
220 285
220 286
221 287
221 288
221 289
222 290
222 291
223 292
223 293
223 294
228 295
228 296
228 297
230 298
230 299
231 300
231 301
232 302
232 303
233 304
233 305
233 306
234 307
234 308
234 309
235 310
235 311
236 312
236 313
237 314
237 315
238 316
238 317
238 318
318 338
338 357
357 374
374 392
374 393
392 412
392 413
392 414
412 444
412 445
412 446
413 447
413 448
413 449
414 450
414 451
414 452
444 489
445 490
445 491
445 492
448 493
448 494
448 495
449 496
451 497
451 498
451 499
452 500
452 501
452 502
489 548
489 549
490 550
491 551
491 552
492 553
492 554
492 555
493 556
494 557
495 558
495 559
495 560
496 561
497 562
497 563
499 564
499 565
499 566
500 567
500 568
500 569
502 570
550 596
550 597
550 598
551 599
551 600
551 601
552 602
553 603
553 604
554 605
554 606
557 607
557 608
560 609
561 610
562 611
565 612
565 613
565 614
566 615
566 616
567 617
567 618
567 619
568 620
568 621
569 622
569 623
569 624
596 632
598 633
598 634
599 635
600 636
600 637
600 638
601 639
601 640
602 641
602 642
603 643
604 644
604 645
605 646
605 647
607 648
608 649
608 650
608 651
609 652
609 653
609 654
612 655
612 656
612 657
613 658
613 659
615 660
615 661
615 662
616 663
616 664
616 665
617 666
617 667
620 668
620 669
621 670
621 671
621 672
622 673
622 674
623 675
624 676
676 733
733 771
733 772
772 808
808 835
808 836
836 864
864 901
864 902
902 978
902 979
902 980
903 978
904 980
905 980
906 980
865 903
866 903
867 904
868 904
869 904
837 866
838 866
839 866
840 867
841 869
842 869
809 837
810 837
811 838
812 838
813 838
814 839
815 839
816 840
817 841
773 809
774 810
775 810
776 810
777 811
778 811
779 811
780 812
781 812
782 812
783 813
784 815
785 815
786 815
787 816
788 816
789 816
734 773
735 773
736 773
737 774
738 776
739 776
740 776
741 777
742 777
743 779
744 779
745 782
746 782
747 783
748 785
749 786
750 786
677 735
678 735
679 736
680 737
681 738
682 738
683 739
684 739
685 739
686 741
687 741
688 742
689 742
690 743
691 744
692 744
693 745
694 745
695 747
696 747
697 748
698 749
699 750
700 750
701 750
625 701
571 625
503 571
504 571
453 503
454 503
455 504
456 504
415 454
416 455
417 455
394 416
375 394
358 375
359 375
339 358
340 358
319 340
239 319
180 239
134 180
100 134
76 100
25 76
26 76
2 25
3 25
4 26
5 26
6 26
2 27
2 28
4 29
6 30
6 31
28 77
29 78
30 79
30 80
31 81
31 82
31 83
77 101
78 102
78 103
78 104
79 105
80 106
82 107
82 108
83 109
103 135
103 136
103 137
105 138
106 139
109 140
109 141
135 181
139 182
139 183
139 184
140 185
140 186
182 240
182 241
183 242
183 243
184 244
185 245
185 246
185 247
186 248
186 249
186 250
250 320
320 341
341 360
341 361
341 362
361 376
361 377
361 378
362 379
362 380
362 381
377 395
378 396
380 397
381 398
395 418
395 419
395 420
396 421
396 422
396 423
397 424
418 457
418 458
419 459
419 460
419 461
420 462
421 463
422 464
422 465
422 466
457 505
457 506
457 507
458 508
458 509
458 510
460 511
461 512
461 513
462 514
462 515
464 516
465 517
466 518
466 519
506 572
507 573
507 574
509 575
510 576
510 577
510 578
511 579
512 580
513 581
514 582
514 583
515 584
517 585
517 586
517 587
518 588
519 589
519 590
590 626
626 702
626 703
703 751
751 790
751 791
751 792
791 818
791 819
791 820
792 821
818 843
819 844
819 845
819 846
821 847
821 848
843 870
843 871
844 872
844 873
844 874
846 875
846 876
848 877
848 878
848 879
870 907
870 908
871 909
872 910
873 911
873 912
874 913
874 914
874 915
875 916
877 917
878 918
878 919
878 920
907 981
907 982
908 983
908 984
909 985
909 986
912 987
913 988
913 989
915 990
916 991
917 992
918 993
918 994
918 995
919 996
920 997
920 998
921 981
922 982
923 982
924 982
925 983
926 984
927 984
928 985
929 986
930 987
931 988
932 988
933 988
934 989
935 989
936 989
937 990
938 990
939 991
940 992
941 992
942 993
943 993
944 993
945 994
946 996
947 996
948 996
949 997
950 997
951 998
952 998
880 952
849 880
850 880
851 880
822 849
823 850
793 822
794 822
795 823
796 823
752 793
753 793
754 794
755 795
704 753
705 753
706 754
707 754
708 754
709 755
710 755
711 755
627 711
591 627
520 591
467 520
425 467
399 425
382 399
363 382
342 363
343 363
344 363
321 342
322 342
323 342
324 343
325 343
326 343
327 344
251 327
187 251
142 187
110 142
111 142
112 142
84 110
85 112
86 112
87 112
32 84
33 85
34 85
35 86
36 86
37 86
38 87
39 87
40 87
7 32
8 32
9 32
10 33
11 33
12 34
13 36
14 37
15 37
16 38
17 39
18 39
19 40
20 40
7 41
7 42
8 43
9 44
9 45
10 46
11 47
11 48
12 49
12 50
13 51
14 52
14 53
15 54
16 55
16 56
16 57
17 58
17 59
18 60
18 61
19 62
20 63
20 64
20 65
65 88
88 113
88 114
113 143
113 144
114 145
114 146
144 188
144 189
144 190
145 191
146 192
192 252
252 328
328 345
345 364
364 383
364 384
364 385
383 400
384 401
384 402
385 403
385 404
385 405
400 426
400 427
400 428
401 429
403 430
403 431
403 432
404 433
404 434
405 435
405 436
405 437
426 468
428 469
429 470
432 471
432 472
432 473
433 474
433 475
434 476
434 477
435 478
435 479
435 480
436 481
436 482
469 521
469 522
469 523
470 524
471 525
471 526
474 527
474 528
474 529
475 530
475 531
477 532
477 533
477 534
479 535
479 536
480 537
480 538
481 539
481 540
481 541
482 542
482 543
482 544
544 592
592 628
628 712
712 756
756 797
756 798
797 824
797 825
798 826
798 827
798 828
824 852
825 853
826 854
827 855
827 856
827 857
828 858
828 859
828 860
853 881
854 882
854 883
855 884
856 885
856 886
856 887
857 888
858 889
859 890
859 891
859 892
860 893
860 894
860 895
882 953
882 954
883 955
887 956
887 957
888 958
888 959
889 960
889 961
889 962
891 963
891 964
892 965
892 966
892 967
894 968
894 969
894 970
895 971
971 999
972 999
973 999
974 999
896 974
861 896
829 861
830 861
831 861
799 829
800 829
801 830
802 830
803 830
804 831
805 831
757 799
758 799
759 800
760 800
761 801
762 801
763 801
764 802
765 803
766 804
767 804
768 805
713 757
714 758
715 758
716 758
717 760
718 761
719 761
720 762
721 763
722 763
723 763
724 764
725 764
726 764
727 766
728 768
729 768
629 729
593 629
545 593
483 545
438 483
406 438
407 438
386 406
387 407
388 407
365 386
366 386
367 386
368 388
369 388
346 365
347 365
348 365
349 366
350 367
351 367
352 368
353 369
354 369
329 346
330 346
331 347
332 347
333 347
334 348
335 348
336 353
253 336
193 253
147 193
115 147
89 115
90 115
66 89
67 89
68 89
21 68
21 69
69 91
91 116
116 148
116 149
148 194
148 195
148 196
149 197
149 198
198 254
254 337
337 355
355 370
370 389
370 390
390 408
390 409
390 410
408 439
408 440
410 441
410 442
439 484
440 485
441 486
441 487
487 546
546 594
594 630
630 730
730 769
769 806
806 832
832 862
862 897
862 898
862 899
898 975
898 976
976 1000
977 1000
900 977
863 900
833 863
834 863
807 834
770 807
731 770
732 770
631 732
595 631
547 595
488 547
443 488
411 443
391 411
371 391
372 391
373 391
356 373
734 774
742 774
248 309
382 410
422 470
785 832
10 60
411 418
527 565
377 393
450 512
714 748
615 643
379 392
750 790
855 891
611 660
843 896
765 781
711 736
458 517
544 575
154 217
243 262
477 512
86 110
420 457
199 304
632 764
251 291
762 791
725 754
437 469
834 857
844 866
619 719
596 703
473 537
254 259
30 87
243 328
613 675
846 865
468 501
666 739
457 540
231 306
29 89
599 666
668 742
252 290
519 595
125 165
369 390
671 748
857 880
303 353
886 964
579 611
100 118
757 783
381 409
365 379
75 93
289 346
129 188
691 757
9 23
546 555
529 564
615 687
363 376
384 410
228 275
465 544
216 291
116 144
895 977
400 421
882 902
101 128
522 593
892 909
10 63
626 707
88 92
100 144
454 536
5 52
838 877
28 81
514 568
880 942
606 704
75 110
58 85
389 402
448 545
179 222
625 696
18 54
100 129
242 327
610 659
423 467
657 735
161 248
775 815
287 349
599 714
644 752
622 697
613 667
611 709
378 401
568 617
234 289
145 178
639 737
625 649
361 375
562 628
859 882
71 102
893 972
128 181
770 797
869 909
891 939
396 441
346 369
839 892
826 859
863 884
880 934
903 986
496 586
92 139
140 160
483 534
844 871
9 31
190 226
194 251
835 883
209 316
684 738
87 104
409 420
876 906
89 99
203 315
897 937
379 404
3 27
609 675
846 879
9 34
864 918
222 333
381 392
154 223
888 913
832 855
473 499
740 773
468 489
610 680
897 915
213 291
606 643
975 997
537 550
739 794
624 637
880 918
200 288
416 463
716 752
98 143
343 370
365 376
740 779
623 716
216 325
798 820
761 779
745 784
797 815
601 674
411 436
788 831
616 672
691 765
513 595
637 753
880 927
389 400
883 917
805 818
715 756
604 712
881 938
71 107
419 472
868 901
880 935
547 581
762 789
543 588
709 770
808 849
958 998
279 339
208 281
297 353
137 168
858 882
963 988
439 477
623 705
80 105
11 38
410 422
395 431
193 232
73 92
426 446
192 200
13 30
486 546
399 427
596 652
178 220
212 309
421 483
446 500
14 24
277 355
413 466
212 304
364 388
13 24
462 531
487 544
766 796
881 907
91 96
568 629
174 231
784 814
836 865
672 752
317 348
449 522
669 770
893 945
873 916
221 319
491 573
887 953
456 523
885 942
782 808
453 533
440 472
456 514
9 26
809 863
846 889
878 912
488 505
824 845
887 972
854 864
892 962
627 702
818 853
706 758
819 858
776 809
164 249
21 60
746 783
465 490
885 931
694 744
653 768
73 116
235 332
251 285
213 312
684 759
241 313
816 854
510 573
602 670
756 796
618 713
609 673
92 136
811 842
697 762
451 505
614 703
171 248
766 786
165 206
372 385
889 952
118 172
473 540
616 661
250 264
614 681
881 925
616 716
881 914
603 712
1 32
24 83
190 241
180 254
517 581
619 672
751 775
215 290
143 158
769 779
103 124
354 363
143 167
378 410
599 667
511 553
721 767
283 338
578 600
536 569
628 716
631 647
612 692
444 517
863 873
878 937
435 477
484 501
572 630
625 634
126 172
839 886
416 453
97 148
77 94
864 974
875 973
254 284
618 661
812 862
599 704
90 100
451 545
407 420
485 527
234 331
810 839
94 148
84 94
775 827
715 742
243 308
811 850
763 803
889 949
733 801
845 895
47 70
233 277
599 678
887 916
759 781
602 684
397 438
591 631
442 458
123 191
890 909
863 895
160 245
781 827
437 465
741 791
225 289
340 361
548 625
799 820
575 626
376 402
863 870
11 64
233 290
504 591
805 833
221 292
477 494
504 578
859 874
251 292
127 193
102 133
916 980
447 527
618 710
820 844
543 580
212 333
209 328
432 460
626 676
519 588
120 164
460 518
916 996
114 140
40 78
851 877
914 983
454 544
213 289
52 71
456 529
524 581
587 609
597 717
737 772
402 433
578 609
622 672
227 308
108 122
6 65
883 916
614 640
389 406
251 297
76 106
86 99
597 685
478 517
891 976
606 687
853 899
253 311
898 953
241 277
310 356
837 868
896 959
883 914
400 422
417 476
465 546
123 152
7 63
533 560
42 90
206 267
751 794
534 556
558 615
103 139
8 34
259 338
93 147
420 447
657 733
739 799
252 264
38 78
142 167
810 849
44 83
627 657
191 254
250 301
398 441
595 628
578 602
800 822
580 628
418 475
796 834
440 468
458 523
150 205
560 611
749 792
885 955
127 181
233 334
702 746
647 767
961 986
881 972
691 752
20 55
224 255
319 345
114 133
883 912
752 795
202 257
618 686
890 930
202 310
171 216
562 600
447 543
402 439
855 874
314 339
230 335
667 756
536 594
609 640
763 775
738 794
15 56
655 737
240 326
799 822
846 871
242 260
391 398
156 224
899 973
267 345
16 40
112 144
120 192
820 861
893 911
91 113
866 954
397 416
784 810
703 750
121 162
845 889
753 798
869 960
204 305
449 520
605 670
140 196
194 201
189 238
259 340
437 477
556 624
151 239
604 671
79 102
92 140
7 39
508 548
374 399
876 954
865 907
207 314
139 158
377 408
149 192
616 636
431 464
217 286
457 516
878 966
714 764
211 332
593 623
609 718
847 875
801 809
627 729
528 588
380 405
606 680
618 711
954 999
598 666
806 825
741 784
139 197
239 322
714 767
237 257
121 168
58 73
402 413
811 836
921 980
818 850
187 220
225 256
251 273
409 430
585 625
602 651
220 258
862 876
184 246
795 833
615 639
743 785
769 799
787 832
240 321
757 793
120 172
170 212
791 822
215 291
836 888
738 803
876 953
666 742
885 952
891 904
908 996
614 710
97 134
614 726
794 808
60 78
826 848
338 364
574 614
225 332
854 874
215 322
851 874
211 268
472 505
462 512
833 837
892 902
232 261
781 813
466 489
127 170
913 1000
565 610
569 620
309 356
598 709
486 531
736 795
193 230
83 108
430 472
622 666
621 727
880 955
139 173
754 777
842 867
893 946
338 373
445 527
50 72
135 150
98 122
394 431
16 53
395 435
198 205
183 214
403 421
570 631
821 843
617 698
713 769
869 961
616 689
108 117
897 958
562 623
603 664
393 424
229 332
878 927
242 263
876 967
420 484
221 260
616 637
73 107
615 719
755 772
147 196
471 531
900 970
120 158
477 495
4 34
623 633
160 247
885 948
5 53
8 38
575 605
486 506
78 100
106 128
390 403
875 947
793 824
502 591
77 106
473 496
896 968
436 479
897 970
800 830
563 602
217 298
629 732
361 388
358 390
606 679
852 864
497 559
95 144
77 107
137 179
522 584
800 819
195 212
145 174
427 474
369 375
494 594
546 590
290 340
13 34
631 674
137 166
552 615
626 710
446 527
441 461
519 593
793 813
471 515
517 550
253 288
430 467
73 111
219 296
12 64
213 322
68 76
838 867
697 753
809 845
407 419
3 47
109 132
762 788
801 808
517 564
200 299
856 864
495 569
459 524
163 246
693 759
605 726
143 176
847 887
430 475
398 440
619 726
145 172
127 161
434 463
19 60
818 856
640 763
948 978
482 503
457 512
759 779
706 736
622 726
90 109
38 71
264 347
821 836
468 490
154 235
128 165
818 852
895 905
14 38
256 346
850 872
520 551
247 325
555 623
609 632
635 760
847 877
123 163
227 261
760 777
845 874
218 325
165 208
769 782
786 811
245 289
434 473
581 598
379 406
2 48
611 690
132 196
201 310
796 808
229 292
408 424
110 134
841 888
93 140
653 744
608 692
167 253
383 406
764 777
620 702
813 852
746 793
136 182
390 393
200 322
423 473
695 770
467 509
404 414
802 812
529 594
127 152
754 796
610 672
878 946
602 635
399 415
204 297
461 524
228 309
422 488
161 241
766 787
378 403
764 799
414 460
625 678
848 884
630 651
466 527
88 103
867 938
858 897
425 468
202 324
405 420
877 955
226 274
200 308
532 563
188 222
243 325
479 506
770 794
6 61
612 704
451 490
61 90
225 290
196 206
140 182
622 715
438 462
570 625
369 389
754 797
366 382
937 998
759 791
395 424
831 844
104 133
829 843
671 749
270 343
877 935
19 41
386 394
609 725
102 120
465 494
89 106
832 842
410 436
94 144
151 249
392 425
889 937
618 698
718 745
580 613
806 818
744 781
873 964
252 302
863 868
622 639
791 812
805 832
141 155
474 521
736 791
371 374
385 396
111 118
884 908
386 405
273 351
159 217
527 586
624 675
148 181
232 316
610 636
14 62
62 79
608 720
452 513
12 59
349 364
619 700
600 715
804 825
1 27
617 637
627 714
898 956
598 722
543 585
382 393
546 563
352 366
199 280
384 409
149 170
4 50
487 514
585 629
464 500
493 587
380 394
234 281
616 687
165 203
840 891
223 273
182 206
839 898
194 228
627 639
549 622
365 377
854 900
208 328
438 481
662 763
110 137
833 858
446 496
486 527
422 453
629 669
832 860
598 647
217 266
624 720
877 919
380 400
582 596
