1000 4000 25
5 18 67 75 11 11 34 133 9 6 13 39 123 50 20 15 42 158 19 11 17 16 24 83 1 
1 6
1 7
6 24
6 25
6 26
6 27
6 28
6 29
6 30
7 31
7 32
7 33
7 34
24 91
24 92
24 93
24 94
24 95
24 96
24 97
25 98
25 99
25 100
25 101
25 102
26 103
26 104
28 105
28 106
28 107
28 108
28 109
29 110
30 111
30 112
30 113
31 114
31 115
31 116
31 117
31 118
31 119
32 120
32 121
32 122
33 123
33 124
33 125
33 126
33 127
34 128
34 129
34 130
34 131
34 132
132 166
166 177
166 178
166 179
166 180
166 181
177 188
177 189
177 190
178 191
178 192
178 193
178 194
179 195
179 196
179 197
179 198
179 199
180 200
180 201
181 202
181 203
188 222
188 223
188 224
188 225
188 226
188 227
188 228
189 229
190 230
190 231
190 232
190 233
192 234
192 235
192 236
192 237
192 238
194 239
194 240
195 241
195 242
195 243
195 244
195 245
195 246
196 247
196 248
196 249
196 250
196 251
197 252
197 253
197 254
197 255
197 256
197 257
197 258
198 259
198 260
198 261
198 262
198 263
198 264
199 265
199 266
199 267
199 268
199 269
200 270
201 271
201 272
202 273
202 274
203 275
203 276
203 277
203 278
203 279
279 355
355 364
355 365
364 370
364 371
365 372
365 373
365 374
365 375
365 376
370 383
370 384
370 385
371 386
371 387
371 388
371 389
372 390
372 391
372 392
372 393
372 394
372 395
372 396
373 397
373 398
373 399
373 400
373 401
374 402
374 403
374 404
374 405
374 406
374 407
374 408
375 409
375 410
383 422
385 423
387 424
387 425
388 426
388 427
388 428
388 429
388 430
388 431
389 432
390 433
390 434
390 435
390 436
391 437
392 438
392 439
393 440
393 441
393 442
393 443
393 444
393 445
393 446
394 447
394 448
394 449
394 450
394 451
395 452
395 453
395 454
395 455
396 456
396 457
396 458
396 459
396 460
396 461
396 462
397 463
397 464
398 465
399 466
399 467
399 468
400 469
400 470
400 471
400 472
400 473
400 474
402 475
403 476
403 477
403 478
403 479
403 480
403 481
404 482
404 483
405 484
405 485
405 486
406 487
406 488
406 489
407 490
407 491
407 492
407 493
407 494
407 495
408 496
408 497
408 498
408 499
408 500
408 501
408 502
409 503
409 504
410 505
410 506
410 507
507 545
545 595
595 615
595 616
595 617
595 618
595 619
595 620
615 630
615 631
615 632
615 633
616 634
616 635
617 636
617 637
617 638
617 639
617 640
617 641
617 642
618 643
618 644
618 645
619 646
619 647
619 648
619 649
619 650
619 651
619 652
620 653
620 654
620 655
620 656
620 657
620 658
630 672
630 673
630 674
631 675
631 676
631 677
631 678
631 679
632 680
632 681
632 682
632 683
632 684
633 685
633 686
634 687
634 688
634 689
634 690
634 691
634 692
634 693
635 694
635 695
635 696
636 697
636 698
636 699
636 700
636 701
636 702
636 703
637 704
637 705
638 706
638 707
639 708
639 709
639 710
639 711
640 712
640 713
641 714
641 715
641 716
641 717
641 718
642 719
642 720
642 721
642 722
642 723
643 724
644 725
644 726
644 727
644 728
644 729
645 730
645 731
645 732
646 733
646 734
647 735
648 736
648 737
648 738
650 739
650 740
651 741
652 742
652 743
652 744
653 745
653 746
653 747
656 748
656 749
656 750
656 751
656 752
657 753
657 754
657 755
657 756
657 757
657 758
657 759
658 760
658 761
658 762
762 830
830 849
849 860
860 877
860 878
860 879
860 880
877 893
877 894
877 895
877 896
877 897
877 898
877 899
878 900
878 901
878 902
878 903
878 904
878 905
879 906
879 907
880 908
880 909
880 910
880 911
880 912
880 913
880 914
893 917
893 918
894 919
894 920
894 921
894 922
894 923
895 924
895 925
895 926
895 927
895 928
896 929
896 930
896 931
896 932
896 933
897 934
897 935
897 936
897 937
897 938
897 939
897 940
898 941
898 942
899 943
899 944
899 945
899 946
900 947
900 948
900 949
900 950
900 951
900 952
901 953
903 954
903 955
904 956
904 957
904 958
904 959
904 960
904 961
905 962
905 963
905 964
905 965
905 966
905 967
905 968
906 969
906 970
906 971
906 972
907 973
907 974
908 975
909 976
909 977
909 978
909 979
910 980
910 981
910 982
910 983
911 984
912 985
912 986
912 987
912 988
912 989
912 990
912 991
913 992
913 993
914 994
994 1000
995 1000
996 1000
997 1000
998 1000
999 1000
915 999
881 915
861 881
850 861
851 861
852 861
853 861
854 861
855 861
831 850
832 850
833 850
834 852
835 852
836 852
837 852
838 853
839 853
840 853
841 854
842 854
843 854
844 854
845 854
846 855
847 855
763 831
764 832
765 832
766 832
767 832
768 832
769 833
770 833
771 834
772 834
773 835
774 835
775 835
776 835
777 835
778 836
779 836
780 836
781 836
782 837
783 837
784 837
785 837
786 837
787 837
788 839
789 839
790 839
791 839
792 839
793 839
794 840
795 841
796 841
797 841
798 841
799 842
800 842
801 842
802 842
803 842
804 843
805 843
806 843
807 843
808 843
809 843
810 844
811 844
812 844
813 844
814 844
815 844
816 844
817 845
818 845
819 845
820 845
821 845
822 845
823 845
824 846
825 847
826 847
827 847
828 847
659 828
621 659
622 659
623 659
624 659
625 659
596 622
597 622
598 623
599 623
600 623
601 623
602 623
603 623
604 624
605 624
606 624
607 625
608 625
609 625
610 625
611 625
612 625
613 625
546 598
547 598
548 598
549 598
550 598
551 598
552 598
553 599
554 599
555 599
556 599
557 599
558 599
559 599
560 601
561 602
562 602
563 602
564 602
565 603
566 603
567 603
568 603
569 603
570 603
571 604
572 605
573 605
574 605
575 608
576 608
577 608
578 609
579 609
580 609
581 609
582 609
583 609
584 610
585 610
586 611
587 613
588 613
589 613
590 613
591 613
592 613
593 613
508 593
411 508
377 411
366 377
367 377
368 377
356 366
357 366
358 367
359 368
360 368
361 368
362 368
280 356
281 356
282 356
283 357
284 358
285 359
286 359
287 359
288 360
289 360
290 360
291 360
292 361
293 361
294 361
295 361
296 361
297 361
298 362
299 362
204 299
182 204
183 204
184 204
167 182
168 182
169 183
170 183
171 183
172 183
173 183
174 183
175 183
133 167
134 167
135 167
136 167
137 167
138 168
139 169
140 171
141 171
142 171
143 171
144 171
145 172
146 172
147 172
148 172
149 172
150 172
151 172
152 173
153 173
154 173
155 174
156 174
157 174
158 175
159 175
160 175
161 175
162 175
163 175
164 175
35 164
8 35
2 8
3 8
4 8
5 8
2 9
2 10
2 11
2 12
2 13
2 14
2 15
3 16
3 17
3 18
3 19
3 20
4 21
4 22
4 23
9 36
9 37
9 38
9 39
11 40
11 41
11 42
11 43
11 44
11 45
11 46
12 47
12 48
13 49
13 50
13 51
13 52
13 53
13 54
13 55
15 56
15 57
15 58
15 59
15 60
15 61
16 62
16 63
16 64
17 65
18 66
19 67
19 68
19 69
19 70
20 71
20 72
20 73
20 74
20 75
20 76
21 77
21 78
21 79
21 80
21 81
21 82
21 83
22 84
22 85
22 86
22 87
22 88
23 89
23 90
90 165
165 176
176 185
176 186
176 187
185 205
185 206
185 207
185 208
185 209
185 210
185 211
186 212
186 213
186 214
186 215
186 216
187 217
187 218
187 219
187 220
187 221
205 300
205 301
205 302
205 303
206 304
206 305
206 306
206 307
207 308
208 309
209 310
209 311
210 312
210 313
210 314
211 315
211 316
211 317
211 318
211 319
212 320
212 321
212 322
212 323
212 324
212 325
214 326
215 327
215 328
216 329
216 330
216 331
217 332
217 333
217 334
217 335
217 336
218 337
218 338
218 339
218 340
219 341
220 342
220 343
220 344
220 345
220 346
220 347
220 348
221 349
221 350
221 351
221 352
221 353
221 354
354 363
363 369
369 378
369 379
369 380
369 381
369 382
378 412
378 413
379 414
380 415
380 416
381 417
381 418
381 419
381 420
381 421
412 509
412 510
412 511
412 512
413 513
413 514
413 515
413 516
415 517
416 518
416 519
416 520
416 521
417 522
417 523
417 524
417 525
417 526
418 527
418 528
418 529
418 530
418 531
419 532
419 533
419 534
419 535
419 536
419 537
419 538
420 539
420 540
420 541
420 542
420 543
421 544
544 594
594 614
614 626
614 627
614 628
614 629
626 660
626 661
626 662
626 663
626 664
627 665
627 666
627 667
628 668
628 669
628 670
628 671
671 829
829 848
848 856
848 857
848 858
848 859
856 862
856 863
856 864
856 865
856 866
856 867
856 868
857 869
859 870
859 871
859 872
859 873
859 874
859 875
859 876
862 882
862 883
862 884
863 885
863 886
863 887
863 888
863 889
863 890
865 891
866 892
892 916
212 292
669 783
61 159
2 6
20 67
180 215
337 355
179 211
57 162
565 599
205 234
398 472
617 632
627 643
4 19
395 507
212 238
215 248
625 663
421 532
721 838
262 358
657 683
615 662
197 287
419 541
623 667
598 620
399 541
644 803
781 830
643 788
188 253
880 895
629 634
653 821
666 780
404 543
381 392
618 660
191 335
360 366
901 970
875 889
212 272
407 540
665 821
886 908
421 460
218 307
479 561
910 918
11 26
648 806
62 99
218 342
908 929
839 851
898 979
207 230
203 295
574 614
63 146
181 221
157 173
889 895
418 436
421 514
411 528
122 170
72 140
635 793
212 302
5 10
384 511
543 563
391 468
666 828
644 672
644 821
916 973
204 313
635 795
11 81
916 945
389 453
21 41
186 201
864 891
860 892
389 435
67 99
647 676
398 461
645 695
11 77
86 115
633 736
630 684
876 890
414 469
218 258
901 985
215 278
43 130
205 275
370 387
626 637
224 355
581 610
515 571
63 161
395 495
11 35
898 978
26 96
655 797
161 166
214 294
31 143
653 773
557 605
413 432
434 582
391 505
632 675
626 632
900 939
898 964
201 321
196 295
627 638
85 105
656 797
407 468
52 152
845 856
663 805
651 729
893 979
579 595
905 993
207 229
633 697
364 376
634 709
912 954
416 524
655 687
882 899
48 136
625 652
411 467
608 615
207 224
416 445
205 242
113 168
70 96
861 877
631 691
596 624
194 323
720 835
897 982
623 671
666 742
437 555
244 359
194 304
661 805
8 39
75 137
910 992
361 364
189 347
209 285
382 400
400 478
200 284
221 269
5 18
671 694
86 93
371 421
631 736
38 97
313 355
670 730
738 842
914 993
873 878
400 515
886 914
415 478
905 980
397 536
395 465
407 439
884 902
215 237
212 316
657 742
859 869
393 515
906 965
201 349
412 479
402 431
906 967
390 493
210 249
567 599
903 945
378 417
409 497
656 694
899 967
908 952
203 257
660 676
908 988
367 370
173 177
898 923
187 206
207 313
386 466
398 469
193 312
183 213
421 525
663 799
190 243
909 957
448 576
633 744
893 975
644 818
900 960
184 215
646 829
400 459
205 338
218 299
208 296
639 778
445 569
383 497
617 658
878 897
609 629
893 957
627 657
421 481
75 111
407 433
184 202
475 569
411 473
49 159
178 213
6 38
188 281
190 285
66 150
643 679
218 336
897 955
58 117
10 53
186 220
61 98
364 377
417 484
655 774
640 740
498 574
9 28
214 319
59 105
196 332
197 312
631 807
170 182
180 219
56 152
367 376
646 732
902 955
654 813
649 795
363 368
177 201
620 641
43 103
666 707
894 984
542 578
913 931
191 255
645 826
909 980
406 539
88 136
904 931
202 240
392 534
631 782
15 69
653 675
409 437
21 51
379 407
211 224
908 981
668 810
56 158
382 397
408 492
912 930
202 328
26 143
868 891
380 410
18 68
255 359
898 959
11 31
652 822
852 874
911 992
392 512
3 13
643 818
191 350
881 912
626 668
416 479
376 419
664 690
42 139
846 849
194 251
382 407
888 894
379 413
400 477
411 492
212 286
219 329
440 558
633 775
887 898
899 934
890 915
206 353
219 334
640 673
414 507
24 102
667 702
213 354
904 953
357 367
209 247
915 929
12 85
199 275
891 915
653 717
871 882
837 858
623 666
864 892
402 455
415 536
419 514
26 98
54 92
216 335
878 916
664 816
195 234
630 733
665 780
664 796
629 650
467 562
23 33
195 341
663 705
190 347
265 356
514 581
657 787
809 831
57 104
621 662
898 935
395 515
410 481
887 894
406 473
211 226
636 758
634 821
368 373
827 841
184 197
536 579
418 499
56 98
898 977
907 946
413 453
658 813
636 762
567 610
18 89
364 375
3 15
631 719
649 707
19 31
198 324
394 539
532 582
215 343
191 275
403 451
387 462
429 572
16 36
410 424
639 802
377 419
201 280
417 515
656 771
206 279
440 564
860 885
897 960
417 426
398 483
628 662
394 519
211 292
211 289
53 156
380 405
381 408
414 514
209 238
631 680
210 299
583 597
174 178
893 927
635 707
23 83
172 179
895 942
911 937
364 374
51 128
390 466
183 217
631 672
616 660
191 308
401 540
417 495
26 91
219 344
409 523
66 104
20 66
639 706
904 924
142 167
200 242
399 433
644 775
51 146
420 438
186 211
411 450
204 260
380 408
199 242
23 44
14 68
875 881
18 34
365 371
25 103
595 627
375 396
882 901
853 869
437 568
654 733
396 529
658 680
632 791
38 95
667 673
4 16
407 472
214 309
219 255
631 820
198 252
85 124
19 56
671 765
187 195
206 330
382 395
35 111
617 635
383 494
69 124
217 244
623 660
216 345
900 929
655 781
476 559
857 865
408 430
319 360
196 234
372 385
390 452
635 801
419 442
496 567
643 817
880 907
166 183
551 601
460 563
895 992
616 647
22 82
640 741
634 749
574 613
178 211
384 447
671 683
177 204
915 995
81 151
215 308
9 25
389 515
913 945
210 334
690 837
213 319
902 970
662 737
653 820
178 206
85 123
648 689
620 635
617 653
193 224
629 662
896 995
660 791
656 738
669 693
668 690
64 129
369 372
669 702
662 759
198 301
616 630
17 70
664 826
393 455
406 478
478 584
665 797
408 541
397 476
5 23
628 637
182 207
373 406
168 181
222 355
641 724
212 234
464 556
23 81
498 581
353 355
559 596
391 543
907 999
383 424
840 851
16 58
635 749
21 88
3 23
639 826
192 336
907 998
900 927
881 907
619 642
192 280
10 86
416 507
405 456
514 594
909 945
637 758
414 513
589 601
209 303
182 213
619 663
625 660
370 399
611 628
185 220
441 577
628 667
643 708
655 800
538 552
378 403
199 251
52 115
653 811
407 532
2 16
11 63
7 77
663 721
893 989
76 107
19 83
93 169
356 369
201 244
193 258
375 395
654 804
20 77
906 950
216 284
669 709
379 391
700 848
552 608
648 768
403 462
891 916
671 696
193 225
16 76
206 345
66 98
671 828
356 364
40 106
916 952
637 690
685 830
419 478
622 635
599 617
33 137
183 188
876 887
203 248
647 827
629 636
398 544
20 83
665 823
202 324
807 830
633 769
407 422
12 40
11 55
43 149
858 873
177 192
21 29
632 796
184 216
631 674
406 433
909 995
644 678
664 700
436 557
865 880
523 548
912 996
410 462
77 123
886 916
217 248
391 517
220 231
398 489
385 453
432 581
635 807
373 393
203 228
671 790
639 793
191 285
87 118
459 579
639 718
883 911
372 383
381 405
559 602
28 126
25 163
508 579
11 52
5 12
893 940
896 988
854 865
657 817
22 41
76 119
203 236
895 935
93 174
599 627
634 811
59 100
653 751
399 465
623 633
40 152
818 836
59 107
865 879
65 155
17 57
871 886
20 58
209 232
386 505
862 888
646 776
39 91
219 349
186 218
59 122
633 758
21 73
581 597
501 572
664 740
617 671
20 40
908 946
641 798
883 896
370 400
414 459
34 127
76 153
192 249
393 474
383 491
419 511
215 334
90 92
624 650
698 847
646 763
213 236
26 118
15 73
123 166
651 774
519 575
903 920
626 656
193 273
186 203
188 234
638 726
896 958
22 89
551 610
216 235
913 962
204 241
57 108
200 247
403 508
652 745
876 881
392 491
189 275
435 561
27 115
875 890
830 851
459 586
662 707
408 437
210 237
208 343
659 751
648 672
205 297
669 781
536 584
879 900
895 990
194 230
24 155
668 767
414 475
554 595
67 97
88 99
497 568
16 77
905 996
384 439
56 126
421 431
669 712
415 438
661 789
397 458
394 465
511 553
650 724
626 642
22 30
852 867
884 903
406 532
438 565
651 673
219 280
209 300
843 853
22 62
23 31
896 996
15 62
168 177
876 878
406 461
875 885
3 14
648 701
536 581
380 407
219 307
413 441
383 534
17 26
402 534
189 307
878 915
416 522
187 191
633 793
395 502
663 809
916 927
537 584
11 57
197 237
831 849
413 448
656 802
204 280
665 748
414 448
1 22
405 510
894 936
19 44
699 845
854 866
624 654
214 244
34 101
393 454
198 317
916 947
898 967
671 780
911 972
622 646
647 705
382 417
909 934
541 582
645 691
407 478
634 706
216 286
653 674
180 212
642 695
654 803
627 670
197 334
272 359
484 588
170 187
652 812
551 606
259 355
474 578
668 813
438 593
79 123
132 171
631 788
661 733
432 553
637 711
213 339
213 256
8 32
205 306
392 510
671 768
9 78
406 463
217 328
687 831
651 815
633 677
414 442
15 50
394 525
404 478
54 136
217 226
416 463
902 959
884 894
23 76
600 624
394 472
206 334
209 237
634 768
670 679
217 341
198 314
894 981
631 806
419 425
58 138
650 689
639 746
626 630
361 366
415 534
6 73
418 459
208 265
631 673
75 162
882 906
2 20
911 990
649 712
906 991
498 588
639 828
22 25
617 650
477 545
8 68
478 555
67 109
915 991
852 866
406 459
666 786
634 761
31 91
902 973
894 938
14 59
404 436
372 409
641 787
373 387
860 891
657 678
669 820
180 192
607 627
902 979
48 158
199 309
77 134
845 851
374 398
388 501
395 541
906 985
421 528
151 173
412 450
389 452
659 789
648 679
624 655
198 329
192 329
420 479
386 470
881 914
398 532
851 872
189 317
202 277
72 124
653 694
18 29
211 324
157 171
408 484
903 956
393 470
626 638
206 234
189 316
61 132
585 595
198 228
408 526
45 137
644 743
371 407
513 565
16 51
770 839
633 762
9 84
584 599
497 582
192 262
912 925
604 627
21 35
613 617
387 422
871 877
904 975
409 520
587 601
398 442
554 614
549 597
897 948
407 544
218 249
196 325
377 386
20 35
83 130
118 168
640 719
619 637
909 973
914 925
872 888
893 920
651 706
418 448
898 973
387 532
648 803
914 960
855 862
621 666
648 798
410 502
205 254
178 203
908 933
638 740
394 427
182 202
751 832
862 887
21 50
395 510
202 228
878 912
386 525
912 935
193 246
396 519
967 1000
86 160
21 56
865 892
9 51
206 301
190 304
892 904
636 692
183 218
364 379
662 751
203 259
402 543
18 28
635 732
86 112
210 318
373 408
870 886
914 959
394 520
664 675
891 895
517 574
190 280
13 48
178 201
83 92
616 641
172 178
632 714
203 346
204 306
199 323
5 21
204 319
894 926
496 564
847 856
18 58
655 782
616 656
198 268
20 86
177 205
17 76
23 29
215 305
219 237
850 868
207 334
10 33
71 125
221 254
15 38
881 900
899 987
19 50
888 911
220 262
560 609
213 330
43 105
655 796
867 879
667 793
384 520
377 400
632 722
642 716
638 785
903 988
183 201
649 767
725 831
386 448
652 821
9 66
69 114
203 268
28 145
634 726
395 516
630 741
217 344
205 230
651 817
387 469
146 171
562 604
885 909
207 251
207 282
68 101
663 752
850 867
543 587
194 294
637 813
150 169
499 574
211 312
403 424
4 18
388 462
191 254
405 490
915 998
5 22
888 901
608 620
215 250
375 387
195 328
891 913
652 738
652 826
899 969
193 340
659 802
65 94
607 619
3 7
424 570
902 991
397 434
197 281
69 142
850 870
846 852
433 581
59 118
370 416
858 869
492 565
399 489
671 739
201 283
5 6
599 619
472 562
2 18
541 570
14 36
644 828
407 427
8 38
903 981
210 254
384 456
665 692
385 432
652 720
371 399
387 502
467 571
404 453
601 629
59 93
401 477
660 772
899 953
667 743
183 206
397 502
669 731
22 83
412 525
189 329
410 426
230 360
619 635
656 792
643 732
180 217
703 841
635 678
622 639
635 802
842 855
12 66
32 136
372 399
8 57
630 780
389 455
71 93
186 194
211 286
215 272
18 27
362 369
81 116
463 583
390 444
507 550
512 581
624 646
22 56
636 777
19 26
29 117
179 201
617 651
215 297
665 737
204 240
380 391
384 543
147 170
401 484
886 895
550 611
188 263
404 539
188 295
884 905
210 340
915 930
386 441
914 961
857 866
27 133
7 60
389 464
892 906
2 22
7 71
648 716
191 321
181 188
406 506
200 252
394 442
402 541
11 64
892 896
541 559
655 691
404 503
398 519
51 130
178 205
617 643
843 857
625 655
203 351
666 759
248 359
561 607
885 916
641 697
652 783
168 183
204 334
656 779
242 362
208 332
210 297
637 777
634 789
591 614
209 343
63 93
412 455
1 8
399 543
167 180
16 42
19 63
650 828
191 312
192 315
238 356
654 792
419 471
499 568
421 475
892 907
666 680
642 703
207 239
216 270
605 621
178 202
381 416
634 794
393 436
15 67
908 919
402 429
64 127
398 522
375 401
216 246
366 376
650 733
22 40
914 975
184 194
928 1000
899 942
389 474
217 274
203 230
639 787
662 725
911 995
899 996
472 559
495 571
398 458
900 963
197 236
915 953
60 163
884 895
669 824
627 634
632 778
206 327
544 583
669 689
6 65
81 140
24 119
218 311
201 304
129 176
635 789
588 607
16 72
202 331
173 178
644 822
910 956
394 463
219 230
901 930
79 139
211 245
201 285
401 493
376 407
855 876
17 30
47 92
894 982
495 551
197 261
407 449
183 192
55 145
188 276
189 353
17 49
889 897
379 412
153 167
58 112
13 66
366 374
397 534
201 305
615 668
658 758
633 776
799 832
38 112
394 522
667 755
45 153
384 444
208 272
864 882
374 413
201 288
661 731
451 577
642 710
628 664
853 864
390 439
9 52
59 159
205 314
652 784
410 536
861 880
661 675
411 455
219 254
14 71
635 778
860 882
896 928
398 463
201 324
418 438
178 217
8 48
913 950
18 37
453 573
665 724
538 550
201 240
851 871
388 468
190 327
192 257
373 409
604 620
90 104
644 719
220 314
637 679
201 313
896 986
692 830
386 481
898 975
494 591
872 885
66 160
657 811
669 708
384 529
172 186
202 296
182 188
26 124
161 172
632 798
205 335
417 488
495 587
394 492
881 910
670 726
857 875
185 202
639 688
786 835
899 971
2 19
653 714
205 345
210 304
372 405
613 615
631 681
177 208
74 113
4 11
410 501
444 583
900 989
36 129
381 393
399 526
906 961
384 536
378 405
893 962
409 471
761 836
397 480
646 715
618 647
646 735
658 769
656 807
850 871
82 152
210 309
617 644
6 33
366 370
652 787
85 129
913 927
907 983
669 710
219 269
639 682
500 568
217 257
689 835
641 732
641 738
219 328
482 562
213 237
642 748
421 433
487 591
883 902
382 416
858 870
520 566
894 986
390 455
10 41
616 642
193 223
407 440
476 581
403 466
569 600
452 585
374 384
57 143
718 837
79 145
189 327
380 395
401 495
391 449
349 355
386 518
660 697
632 827
669 771
669 800
897 998
187 200
206 308
630 810
420 463
909 937
906 939
643 828
404 521
425 554
86 147
664 696
8 26
22 78
220 308
185 200
20 55
582 603
200 333
911 976
418 467
387 482
195 281
660 793
384 474
10 87
916 982
398 535
49 148
392 492
9 69
6 83
914 919
655 772
655 702
89 116
6 39
181 199
896 978
886 915
14 54
220 286
211 323
397 485
183 190
184 198
202 339
443 587
27 127
401 467
14 42
708 832
650 787
386 527
669 766
899 993
898 965
12 83
646 690
205 232
415 487
408 427
9 83
199 259
519 549
213 287
13 34
82 115
219 315
894 998
670 799
143 172
899 962
411 494
653 793
667 824
691 845
909 958
916 953
78 139
637 733
509 560
864 885
399 488
7 66
401 530
204 285
195 334
436 580
14 38
190 333
86 118
204 353
860 888
24 109
901 922
382 384
367 381
8 66
665 820
849 872
15 78
660 727
17 80
392 493
9 56
871 885
409 540
185 213
211 223
626 634
488 550
23 72
900 940
18 65
383 485
625 641
386 490
34 160
189 223
628 633
971 1000
665 827
908 935
896 960
205 265
187 211
503 567
170 177
386 468
195 293
387 509
659 737
10 89
909 987
629 664
7 55
647 708
197 311
398 427
362 364
625 636
648 797
903 929
630 820
412 429
405 481
90 150
653 786
376 400
202 300
532 561
401 451
62 119
832 858
412 490
376 392
200 276
631 709
887 912
907 985
661 739
185 188
419 496
179 207
15 54
183 194
151 174
862 889
23 82
900 994
8 33
11 49
5 15
209 344
663 748
183 198
408 529
70 109
384 429
237 355
882 894
202 313
142 168
657 818
616 666
398 460
649 793
647 769
402 531
182 215
372 402
17 63
376 405
459 571
860 881
195 229
402 544
663 675
866 887
77 140
396 541
293 356
79 154
363 365
210 325
70 101
6 68
670 816
915 993
858 862
668 691
123 167
620 630
7 38
5 7
850 863
398 515
649 817
218 222
29 155
177 212
438 551
209 305
193 292
380 403
398 477
527 553
638 815
647 819
23 27
680 848
85 162
201 311
71 116
491 575
193 233
390 460
628 653
667 684
207 300
550 601
378 391
660 715
381 412
213 331
535 591
417 514
390 504
200 280
865 878
370 404
367 378
13 47
190 226
899 952
540 578
198 225
5 11
365 379
668 758
185 217
202 352
346 359
172 177
417 540
671 675
35 117
16 45
632 810
407 528
198 240
889 894
636 710
376 387
637 778
372 411
907 964
647 794
71 130
601 621
410 510
593 597
193 341
202 317
180 214
564 612
180 216
3 10
630 826
10 69
201 274
408 522
410 488
453 567
839 855
208 247
66 163
365 377
660 690
668 794
31 125
69 109
13 39
913 943
384 534
407 456
387 470
184 214
394 517
211 331
205 330
411 423
18 43
583 610
838 849
893 936
908 940
670 808
462 585
49 139
665 745
914 926
409 498
388 425
768 845
604 617
187 214
410 438
646 724
1 12
376 417
193 305
638 742
5 16
650 699
624 645
395 483
182 209
770 838
77 131
177 191
13 59
834 855
895 982
903 944
414 463
155 166
535 561
32 115
196 242
215 281
191 256
898 944
1 23
45 160
399 480
898 958
850 860
32 107
194 231
410 470
219 250
400 440
400 435
420 490
63 153
388 525
636 773
205 333
398 517
390 456
666 733
622 637
658 808
830 857
220 293
176 178
584 600
24 110
654 758
476 578
188 320
195 280
20 32
185 214
647 756
635 756
89 134
617 630
219 243
79 137
477 593
189 338
393 427
671 823
718 834
393 493
384 468
195 302
374 415
620 642
212 308
23 43
6 56
909 956
336 357
221 257
18 52
891 911
372 407
14 65
219 247
384 538
420 510
648 707
7 42
23 40
631 707
47 153
912 976
704 840
914 939
627 631
186 188
619 661
11 25
842 859
642 700
501 573
895 997
209 225
385 446
21 90
885 908
213 328
192 261
633 819
666 753
390 522
433 548
575 598
882 916
807 832
437 566
666 754
197 279
182 206
616 670
901 934
207 284
609 620
391 441
13 76
643 826
912 999
616 651
627 659
418 495
486 583
212 251
408 491
638 824
217 317
206 311
208 316
191 235
191 346
641 808
654 754
515 573
904 996
669 762
408 451
559 595
665 726
22 36
203 322
409 469
396 488
184 211
213 223
650 720
635 817
220 250
402 480
403 529
171 185
474 560
862 885
660 760
413 438
632 726
639 715
631 743
62 164
421 463
80 131
401 479
549 607
774 847
631 756
174 185
913 946
169 177
398 453
359 365
181 207
912 945
648 771
839 856
908 932
21 37
23 26
718 847
410 427
6 86
384 472
634 827
359 364
198 238
557 596
635 804
23 30
17 40
38 150
627 632
885 906
713 835
910 932
647 698
400 518
408 443
20 46
169 178
39 159
662 724
181 198
85 130
35 144
11 78
834 851
178 221
895 963
412 436
640 738
415 485
4 17
374 411
209 350
854 870
512 591
633 761
39 109
653 698
645 697
883 901
721 844
412 439
196 341
897 957
16 55
649 803
204 279
635 719
572 606
634 806
10 44
12 58
404 526
629 651
575 596
883 893
197 263
664 814
387 426
625 638
656 812
454 575
198 274
630 821
663 742
254 357
879 897
657 749
194 277
901 925
227 359
392 436
465 591
883 908
377 394
193 333
215 346
378 416
6 60
201 230
14 33
857 874
19 37
31 142
16 37
915 963
625 644
217 272
659 783
650 706
84 160
470 567
421 444
649 826
369 375
709 843
654 802
668 829
215 259
524 582
837 849
726 830
603 621
662 757
643 701
167 179
525 548
179 217
200 288
219 227
643 684
407 539
397 457
201 282
393 506
859 868
556 606
900 973
14 82
187 213
193 284
21 45
463 549
846 858
912 979
654 777
487 568
436 572
210 278
196 351
899 992
644 683
55 129
638 818
216 255
901 924
900 954
644 807
403 540
409 466
703 846
20 89
847 858
647 808
416 433
83 147
385 501
895 976
407 516
837 854
32 145
588 599
83 161
830 852
904 991
661 767
632 760
857 871
208 291
61 97
625 650
561 600
476 589
637 743
573 600
14 77
842 858
417 487
895 917
836 850
359 369
1 17
34 164
76 125
395 460
59 161
54 121
189 305
316 362
877 909
900 977
53 155
488 557
404 471
821 831
385 431
605 625
420 511
383 518
408 523
15 44
8 89
419 434
865 881
396 502
905 975
867 880
72 104
659 722
631 755
631 711
642 714
198 292
181 204
637 823
218 319
208 227
899 981
394 516
79 129
403 483
158 168
639 748
615 636
38 164
466 559
196 266
697 840
404 513
887 905
193 351
1 13
667 771
48 155
162 168
204 293
190 302
877 914
637 697
192 349
79 94
8 79
617 667
382 385
541 563
657 744
554 607
216 238
100 173
364 372
864 884
909 949
370 401
397 426
485 579
395 437
467 579
406 515
60 128
886 907
210 333
219 340
575 605
194 340
34 99
615 656
667 745
6 35
191 291
904 940
153 174
894 943
592 609
669 806
862 878
471 574
511 590
588 601
632 747
664 825
399 426
622 668
639 722
376 393
398 507
447 580
882 900
188 351
9 43
968 1000
669 810
106 170
555 609
851 875
249 358
669 707
655 762
885 905
618 635
594 611
885 902
536 547
52 101
400 537
209 278
197 332
5 19
634 754
190 248
183 219
388 486
118 170
79 155
380 393
206 231
663 700
420 504
149 175
660 705
11 24
23 36
620 648
619 655
872 884
414 511
17 82
382 419
618 658
485 554
658 776
406 527
915 977
469 558
190 300
28 147
505 584
897 929
182 221
179 212
910 966
209 252
201 250
912 998
368 371
28 159
659 776
199 250
415 434
527 572
200 243
523 556
602 625
445 580
665 810
9 46
409 446
22 64
670 690
897 942
98 173
486 548
844 850
895 965
636 673
655 681
620 639
403 447
650 725
646 802
14 47
757 837
578 613
62 103
368 376
639 687
596 618
208 297
181 208
483 553
419 510
652 776
216 263
650 790
862 890
192 337
214 338
639 824
844 853
899 984
660 810
669 761
653 757
191 280
671 827
671 709
651 672
414 538
511 555
183 215
855 875
447 556
669 808
174 186
639 699
650 688
916 946
1 11
199 245
643 674
648 711
33 153
177 203
646 714
216 303
444 548
201 330
188 309
651 782
646 804
378 400
909 940
906 917
63 94
894 917
83 105
415 427
908 926
203 233
197 296
200 296
182 196
891 910
446 591
901 969
915 933
379 401
675 837
211 291
888 914
901 968
197 273
219 251
663 711
380 409
19 46
44 153
199 226
613 621
183 209
198 276
192 290
357 368
31 163
386 521
419 423
23 52
674 837
231 359
913 994
398 525
52 140
389 439
376 406
25 147
910 978
656 743
389 489
610 623
78 91
646 675
895 939
393 424
646 706
437 590
411 533
406 518
473 561
13 85
383 470
31 124
376 411
173 181
450 579
401 539
895 975
890 905
221 247
190 250
652 752
378 398
612 629
11 76
615 634
474 566
221 262
637 701
898 997
381 391
860 883
489 589
635 805
705 840
371 396
195 331
212 239
206 289
463 579
217 340
394 534
632 703
640 814
14 81
410 423
629 646
851 865
388 497
654 779
856 869
389 477
27 137
666 816
635 758
834 859
618 666
213 324
632 784
388 504
396 543
838 850
452 548
25 153
216 280
212 253
205 266
392 529
216 323
720 833
24 153
38 132
208 312
622 647
379 392
902 986
9 57
12 68
189 281
131 170
219 324
15 70
650 680
419 502
636 808
391 480
7 27
127 168
416 486
623 631
216 261
517 546
412 448
879 904
913 980
283 361
876 892
37 109
583 603
193 244
666 787
413 451
53 135
891 901
506 563
77 163
395 434
52 97
570 602
370 413
200 292
664 774
220 280
649 684
654 703
515 593
667 750
365 381
393 525
620 670
627 650
168 180
415 437
25 156
903 999
636 721
193 275
410 469
686 834
628 663
1 21
419 506
565 610
193 289
409 496
884 914
749 843
77 100
904 946
907 925
221 300
201 276
633 706
45 142
417 485
646 808
608 622
635 702
414 438
193 274
658 791
648 731
407 432
399 544
851 874
168 179
663 767
541 547
877 906
22 61
180 202
55 120
68 91
630 769
256 358
481 587
16 78
41 105
546 596
432 589
889 912
631 809
459 580
209 272
513 577
367 373
216 241
124 175
889 911
836 859
218 353
642 807
7 69
182 205
382 421
182 214
21 31
368 382
640 676
407 510
451 555
900 972
179 213
218 271
204 248
700 843
637 803
415 442
39 146
181 205
194 328
600 616
454 577
19 57
378 410
212 243
206 324
419 474
934 1000
584 603
212 341
381 387
621 633
638 727
380 394
891 912
880 897
397 432
639 714
915 937
10 35
915 939
890 899
74 149
896 991
893 934
656 782
365 370
916 954
397 513
420 471
394 474
370 391
419 507
597 616
214 300
86 145
911 975
527 555
199 238
13 83
189 312
201 322
42 130
7 59
627 635
219 289
574 610
402 527
379 393
901 927
222 357
387 495
891 906
399 446
185 191
905 977
197 266
556 603
566 605
68 119
667 693
650 782
212 314
59 162
409 430
192 350
213 318
914 965
900 956
41 123
200 235
505 588
358 369
649 708
22 52
87 91
403 542
23 45
221 327
902 980
400 508
516 555
371 410
195 289
205 222
384 436
418 486
295 357
71 141
825 838
386 443
639 747
56 130
565 601
905 917
898 919
79 143
7 44
634 788
11 39
668 769
197 331
421 439
220 352
217 229
906 995
29 154
249 355
80 151
30 122
660 704
906 990
625 662
914 966
180 194
838 859
631 815
645 784
194 222
642 763
909 929
908 973
170 179
662 683
84 118
213 290
413 506
899 964
371 401
515 569
896 994
464 575
305 359
217 316
9 54
665 749
665 790
380 387
416 430
411 439
206 299
212 237
5 20
78 110
896 964
644 768
195 332
19 30
657 748
637 802
659 710
628 630
647 797
211 287
636 731
538 580
655 817
15 31
398 470
645 815
215 271
415 469
903 995
534 549
382 401
609 618
218 354
897 969
387 423
861 891
200 329
596 623
912 957
201 233
424 546
177 206
605 615
915 964
