1000 5000 100
6 11 11 11 11 11 11 11 11 11 10 10 10 10 10 10 10 10 10 10 10 10 10 10 10 10 10 10 10 10 10 10 10 10 10 10 10 10 10 10 10 10 10 10 10 10 10 10 10 10 10 10 10 10 10 10 10 10 10 10 10 10 10 10 10 10 10 10 10 10 10 10 10 10 10 10 10 10 10 10 10 10 10 10 10 10 10 10 10 10 10 10 10 10 10 10 10 10 10 5 
1 7
7 18
18 29
29 40
40 51
51 62
62 73
73 84
84 95
95 106
106 116
116 126
126 136
136 146
146 156
156 166
166 176
176 186
186 196
196 206
206 216
216 226
226 236
236 246
246 256
256 266
266 276
276 286
286 296
296 306
306 316
316 326
326 336
336 346
346 356
356 366
366 376
376 386
386 396
396 406
406 416
416 426
426 436
436 446
446 456
456 466
466 476
476 486
486 496
496 506
506 516
516 526
526 536
536 546
546 556
556 566
566 576
576 586
586 596
596 606
606 616
616 626
626 636
636 646
646 656
656 666
666 676
676 686
686 696
696 706
706 716
716 726
726 736
736 746
746 756
756 766
766 776
776 786
786 796
796 806
806 816
816 826
826 836
836 846
846 856
856 866
866 876
876 886
886 896
896 906
906 916
916 926
926 936
936 946
946 956
956 966
966 976
976 986
986 996
987 996
977 987
967 977
957 967
947 957
937 947
927 937
917 927
907 917
897 907
887 897
877 887
867 877
857 867
847 857
837 847
827 837
817 827
807 817
797 807
787 797
777 787
767 777
757 767
747 757
737 747
727 737
717 727
707 717
697 707
687 697
677 687
667 677
657 667
647 657
637 647
627 637
617 627
607 617
597 607
587 597
577 587
567 577
557 567
547 557
537 547
527 537
517 527
507 517
497 507
487 497
477 487
467 477
457 467
447 457
437 447
427 437
417 427
407 417
397 407
387 397
377 387
367 377
357 367
347 357
337 347
327 337
317 327
307 317
297 307
287 297
277 287
267 277
257 267
247 257
237 247
227 237
217 227
207 217
197 207
187 197
177 187
167 177
157 167
147 157
137 147
127 137
117 127
107 117
96 107
85 96
74 85
63 74
52 63
41 52
30 41
19 30
8 19
2 8
2 9
9 20
20 31
31 42
42 53
53 64
64 75
75 86
86 97
97 108
108 118
118 128
128 138
138 148
148 158
158 168
168 178
178 188
188 198
198 208
208 218
218 228
228 238
238 248
248 258
258 268
268 278
278 288
288 298
298 308
308 318
318 328
328 338
338 348
348 358
358 368
368 378
378 388
388 398
398 408
408 418
418 428
428 438
438 448
448 458
458 468
468 478
478 488
488 498
498 508
508 518
518 528
528 538
538 548
548 558
558 568
568 578
578 588
588 598
598 608
608 618
618 628
628 638
638 648
648 658
658 668
668 678
678 688
688 698
698 708
708 718
718 728
728 738
738 748
748 758
758 768
768 778
778 788
788 798
798 808
808 818
818 828
828 838
838 848
848 858
858 868
868 878
878 888
888 898
898 908
908 918
918 928
928 938
938 948
948 958
958 968
968 978
978 988
988 997
989 997
979 989
969 979
959 969
949 959
939 949
929 939
919 929
909 919
899 909
889 899
879 889
869 879
859 869
849 859
839 849
829 839
819 829
809 819
799 809
789 799
779 789
769 779
759 769
749 759
739 749
729 739
719 729
709 719
699 709
689 699
679 689
669 679
659 669
649 659
639 649
629 639
619 629
609 619
599 609
589 599
579 589
569 579
559 569
549 559
539 549
529 539
519 529
509 519
499 509
489 499
479 489
469 479
459 469
449 459
439 449
429 439
419 429
409 419
399 409
389 399
379 389
369 379
359 369
349 359
339 349
329 339
319 329
309 319
299 309
289 299
279 289
269 279
259 269
249 259
239 249
229 239
219 229
209 219
199 209
189 199
179 189
169 179
159 169
149 159
139 149
129 139
119 129
109 119
98 109
87 98
76 87
65 76
54 65
43 54
32 43
21 32
10 21
3 10
3 11
11 22
22 33
33 44
44 55
55 66
66 77
77 88
88 99
99 110
110 120
120 130
130 140
140 150
150 160
160 170
170 180
180 190
190 200
200 210
210 220
220 230
230 240
240 250
250 260
260 270
270 280
280 290
290 300
300 310
310 320
320 330
330 340
340 350
350 360
360 370
370 380
380 390
390 400
400 410
410 420
420 430
430 440
440 450
450 460
460 470
470 480
480 490
490 500
500 510
510 520
520 530
530 540
540 550
550 560
560 570
570 580
580 590
590 600
600 610
610 620
620 630
630 640
640 650
650 660
660 670
670 680
680 690
690 700
700 710
710 720
720 730
730 740
740 750
750 760
760 770
770 780
780 790
790 800
800 810
810 820
820 830
830 840
840 850
850 860
860 870
870 880
880 890
890 900
900 910
910 920
920 930
930 940
940 950
950 960
960 970
970 980
980 990
990 998
991 998
981 991
971 981
961 971
951 961
941 951
931 941
921 931
911 921
901 911
891 901
881 891
871 881
861 871
851 861
841 851
831 841
821 831
811 821
801 811
791 801
781 791
771 781
761 771
751 761
741 751
731 741
721 731
711 721
701 711
691 701
681 691
671 681
661 671
651 661
641 651
631 641
621 631
611 621
601 611
591 601
581 591
571 581
561 571
551 561
541 551
531 541
521 531
511 521
501 511
491 501
481 491
471 481
461 471
451 461
441 451
431 441
421 431
411 421
401 411
391 401
381 391
371 381
361 371
351 361
341 351
331 341
321 331
311 321
301 311
291 301
281 291
271 281
261 271
251 261
241 251
231 241
221 231
211 221
201 211
191 201
181 191
171 181
161 171
151 161
141 151
131 141
121 131
111 121
100 111
89 100
78 89
67 78
56 67
45 56
34 45
23 34
12 23
4 12
4 13
13 24
24 35
35 46
46 57
57 68
68 79
79 90
90 101
101 112
112 122
122 132
132 142
142 152
152 162
162 172
172 182
182 192
192 202
202 212
212 222
222 232
232 242
242 252
252 262
262 272
272 282
282 292
292 302
302 312
312 322
322 332
332 342
342 352
352 362
362 372
372 382
382 392
392 402
402 412
412 422
422 432
432 442
442 452
452 462
462 472
472 482
482 492
492 502
502 512
512 522
522 532
532 542
542 552
552 562
562 572
572 582
582 592
592 602
602 612
612 622
622 632
632 642
642 652
652 662
662 672
672 682
682 692
692 702
702 712
712 722
722 732
732 742
742 752
752 762
762 772
772 782
782 792
792 802
802 812
812 822
822 832
832 842
842 852
852 862
862 872
872 882
882 892
892 902
902 912
912 922
922 932
932 942
942 952
952 962
962 972
972 982
982 992
992 999
993 999
983 993
973 983
963 973
953 963
943 953
933 943
923 933
913 923
903 913
893 903
883 893
873 883
863 873
853 863
843 853
833 843
823 833
813 823
803 813
793 803
783 793
773 783
763 773
753 763
743 753
733 743
723 733
713 723
703 713
693 703
683 693
673 683
663 673
653 663
643 653
633 643
623 633
613 623
603 613
593 603
583 593
573 583
563 573
553 563
543 553
533 543
523 533
513 523
503 513
493 503
483 493
473 483
463 473
453 463
443 453
433 443
423 433
413 423
403 413
393 403
383 393
373 383
363 373
353 363
343 353
333 343
323 333
313 323
303 313
293 303
283 293
273 283
263 273
253 263
243 253
233 243
223 233
213 223
203 213
193 203
183 193
173 183
163 173
153 163
143 153
133 143
123 133
113 123
102 113
91 102
80 91
69 80
58 69
47 58
36 47
25 36
14 25
5 14
5 15
15 26
26 37
37 48
48 59
59 70
70 81
81 92
92 103
103 114
114 124
124 134
134 144
144 154
154 164
164 174
174 184
184 194
194 204
204 214
214 224
224 234
234 244
244 254
254 264
264 274
274 284
284 294
294 304
304 314
314 324
324 334
334 344
344 354
354 364
364 374
374 384
384 394
394 404
404 414
414 424
424 434
434 444
444 454
454 464
464 474
474 484
484 494
494 504
504 514
514 524
524 534
534 544
544 554
554 564
564 574
574 584
584 594
594 604
604 614
614 624
624 634
634 644
644 654
654 664
664 674
674 684
684 694
694 704
704 714
714 724
724 734
734 744
744 754
754 764
764 774
774 784
784 794
794 804
804 814
814 824
824 834
834 844
844 854
854 864
864 874
874 884
884 894
894 904
904 914
914 924
924 934
934 944
944 954
954 964
964 974
974 984
984 994
994 1000
995 1000
985 995
975 985
965 975
955 965
945 955
935 945
925 935
915 925
905 915
895 905
885 895
875 885
865 875
855 865
845 855
835 845
825 835
815 825
805 815
795 805
785 795
775 785
765 775
755 765
745 755
735 745
725 735
715 725
705 715
695 705
685 695
675 685
665 675
655 665
645 655
635 645
625 635
615 625
605 615
595 605
585 595
575 585
565 575
555 565
545 555
535 545
525 535
515 525
505 515
495 505
485 495
475 485
465 475
455 465
445 455
435 445
425 435
415 425
405 415
395 405
385 395
375 385
365 375
355 365
345 355
335 345
325 335
315 325
305 315
295 305
285 295
275 285
265 275
255 265
245 255
235 245
225 235
215 225
205 215
195 205
185 195
175 185
165 175
155 165
145 155
135 145
125 135
115 125
104 115
93 104
82 93
71 82
60 71
49 60
38 49
27 38
16 27
6 16
6 17
17 28
28 39
39 50
50 61
61 72
72 83
83 94
94 105
670 678
626 641
480 489
173 182
54 70
679 691
876 890
410 421
248 261
404 415
369 378
944 946
60 72
567 579
993 997
229 241
5 13
280 295
550 563
945 949
185 188
666 678
115 116
464 475
270 282
922 928
723 729
71 74
791 800
39 48
360 367
435 443
553 558
984 986
467 476
313 318
108 119
183 194
428 444
628 640
311 318
877 894
77 94
381 388
699 710
57 62
771 777
178 189
525 531
305 308
474 482
887 899
840 854
711 719
860 871
484 495
898 909
640 647
3 8
575 583
584 595
29 50
654 658
687 704
310 317
900 914
214 220
219 235
942 946
554 562
183 188
867 882
406 421
432 444
479 488
774 776
867 880
482 494
307 325
33 45
388 401
368 385
320 328
672 676
425 433
655 656
204 209
683 689
662 667
944 947
710 725
657 666
66 83
820 833
699 707
307 318
532 545
526 543
752 763
370 379
559 568
35 45
480 492
428 436
797 815
1 15
799 807
344 347
759 771
674 682
417 426
565 574
375 381
610 624
937 948
990 996
666 682
579 595
763 771
26 32
143 151
357 368
392 405
609 618
553 562
184 186
696 713
987 1000
344 350
658 667
364 368
411 419
949 956
35 50
97 112
498 511
389 398
464 473
301 306
476 494
413 419
396 411
73 93
152 164
650 656
14 18
734 740
379 395
442 447
54 67
891 903
875 877
909 924
222 234
368 380
313 322
459 467
260 266
542 555
397 413
522 526
728 744
593 600
721 732
79 89
365 369
282 287
520 531
781 792
883 891
806 819
297 315
985 991
875 884
854 863
869 878
789 800
245 246
472 478
635 641
635 639
724 735
36 44
542 549
837 850
968 981
451 457
445 451
734 743
294 305
410 419
617 626
240 248
68 82
279 293
682 693
677 689
439 452
917 932
533 537
918 929
437 450
961 972
523 530
57 67
939 948
762 771
626 640
368 382
715 719
588 600
302 310
319 326
894 897
477 489
206 218
360 373
173 178
449 458
561 569
425 427
874 885
353 359
910 917
510 523
313 319
119 132
586 603
280 288
523 535
516 530
750 762
900 909
855 857
940 952
402 410
715 722
320 327
745 746
125 130
603 610
118 131
387 399
564 573
882 886
403 407
38 50
308 319
659 672
863 874
959 970
106 120
187 196
715 718
704 715
521 527
260 272
164 166
460 467
154 158
823 830
433 438
476 489
356 368
790 801
36 42
787 800
834 839
888 905
94 101
805 809
116 131
753 756
770 781
559 574
675 684
333 341
26 33
429 441
284 295
164 173
724 727
445 450
1 9
919 933
821 828
300 315
205 210
680 687
455 458
869 883
463 471
765 767
103 112
876 888
584 586
616 628
116 127
494 503
860 868
930 944
236 253
369 383
461 466
524 533
362 375
176 194
854 859
532 536
656 670
506 522
181 188
404 408
317 332
988 996
789 797
501 514
450 458
987 997
135 137
864 867
391 397
571 578
905 909
709 717
231 243
680 686
724 732
340 348
176 191
255 256
120 132
468 485
893 900
15 28
223 231
746 759
786 799
989 998
917 926
409 417
361 369
275 283
627 644
820 835
247 264
319 335
596 608
968 979
747 764
728 745
285 291
51 67
589 597
416 432
655 661
891 896
27 35
588 602
869 885
433 441
448 457
43 53
119 133
677 693
893 904
52 66
109 121
399 410
777 792
842 849
74 91
213 218
715 720
526 541
129 138
659 675
433 445
265 272
480 488
536 550
302 315
338 354
534 541
870 878
659 667
781 794
241 246
22 37
244 247
320 332
10 25
639 647
906 922
23 38
114 122
309 318
53 71
33 47
555 562
283 295
675 683
545 551
92 98
462 466
630 637
399 407
358 366
799 810
471 479
496 509
612 621
961 970
795 797
747 760
473 477
411 416
966 977
7 28
964 975
17 21
80 94
133 141
712 721
144 149
501 509
355 360
730 744
244 246
147 164
246 265
838 847
936 950
687 702
60 66
819 835
310 319
769 777
471 477
566 585
612 616
512 516
463 468
119 135
17 27
864 871
807 819
415 418
73 88
852 858
453 461
428 442
866 885
722 733
652 659
113 122
689 704
254 256
862 868
36 46
820 827
457 474
883 894
558 571
203 211
563 566
265 271
315 322
486 500
98 108
962 966
535 537
460 474
594 597
791 797
563 567
429 442
161 173
683 691
1 13
792 797
492 504
744 749
691 704
766 781
441 455
211 216
156 168
197 215
108 120
930 942
589 604
4 14
119 127
132 143
23 29
656 675
630 645
165 166
649 657
286 305
390 399
632 637
229 240
815 823
554 563
683 694
659 666
456 467
870 876
961 975
424 431
463 467
395 401
560 568
841 849
146 157
951 956
707 725
597 608
643 654
104 107
48 53
232 239
538 550
992 997
589 603
840 855
126 143
835 840
381 393
776 795
880 888
577 594
119 128
457 472
330 345
716 734
924 928
148 156
563 569
912 921
166 180
819 830
265 273
189 205
171 184
295 302
844 852
546 558
906 925
540 546
813 821
716 729
970 977
309 317
718 729
435 441
20 30
12 27
808 816
305 307
959 972
326 340
865 873
928 944
632 643
474 476
202 214
873 885
129 143
624 629
33 43
783 795
878 889
220 226
577 589
147 159
384 395
776 787
71 73
813 817
247 260
835 838
394 403
954 961
882 893
302 314
598 613
410 425
84 100
861 870
969 977
89 98
161 168
631 644
204 208
899 910
550 559
517 526
750 757
150 158
708 719
905 911
841 855
879 893
706 722
476 487
604 608
78 84
821 826
805 813
862 869
891 905
647 659
804 812
917 934
44 58
899 908
48 58
696 710
639 652
278 294
829 841
799 815
488 496
271 285
295 304
116 132
116 134
220 233
497 509
427 444
253 260
848 856
581 594
616 630
395 397
540 547
561 575
249 256
644 655
588 597
766 783
141 154
259 271
269 282
757 768
599 613
827 841
421 435
851 864
336 349
506 521
641 648
67 82
737 752
963 969
815 821
324 330
308 321
793 804
548 556
38 45
724 733
268 282
400 408
786 801
564 567
569 580
880 891
826 845
215 223
833 840
10 20
872 881
816 831
295 303
248 262
280 293
672 678
61 71
937 955
356 367
898 915
626 642
882 895
180 188
628 639
344 351
141 155
407 419
115 121
701 712
156 167
382 389
144 151
585 589
806 823
923 927
55 62
168 182
215 220
35 40
151 158
936 954
977 994
349 360
571 585
953 960
79 84
354 357
638 650
977 986
548 559
526 537
703 707
780 793
144 152
337 350
362 369
759 767
518 532
390 403
340 347
653 665
676 688
211 218
879 887
804 806
542 554
872 885
35 44
794 798
450 463
614 618
984 992
102 112
493 502
805 814
991 999
610 621
486 502
241 247
627 642
481 486
306 320
767 783
956 975
324 328
369 385
167 178
566 584
406 422
597 610
80 89
57 69
960 971
211 225
640 655
866 879
16 21
469 482
857 873
881 889
58 66
654 665
634 645
57 63
30 44
586 599
216 227
543 549
803 815
638 653
726 744
513 517
159 171
225 230
168 179
952 964
300 306
28 31
792 799
811 822
604 610
885 892
906 917
665 667
957 972
296 312
941 949
121 126
414 419
970 976
70 77
705 714
174 182
969 976
69 76
549 556
664 671
356 370
534 538
824 827
135 139
402 407
433 444
305 314
230 239
780 789
423 429
350 362
349 363
807 824
722 727
947 959
153 159
930 945
784 788
917 928
465 469
591 597
490 498
402 406
261 269
934 945
514 523
830 843
224 235
411 425
883 895
751 758
937 952
91 95
304 306
151 160
669 682
664 670
688 696
886 898
632 636
617 629
515 518
579 593
349 357
501 512
893 905
590 602
861 869
296 314
204 215
275 277
403 415
9 22
303 312
854 858
725 731
451 460
681 690
114 121
972 980
381 392
949 964
475 478
743 755
912 923
822 829
474 483
676 692
961 968
979 987
47 60
930 943
584 591
757 775
777 791
608 622
770 783
977 991
442 451
506 518
639 648
886 899
633 644
267 284
34 50
207 219
125 132
598 611
347 358
924 929
279 288
252 260
92 96
171 178
818 834
959 975
657 675
257 275
224 228
394 398
44 56
788 799
167 176
761 767
718 735
790 797
601 606
58 65
470 481
186 200
328 339
553 564
120 133
396 414
600 607
470 483
577 595
920 934
130 142
431 443
516 528
916 933
981 990
725 728
784 787
803 811
492 499
885 890
498 507
902 910
167 184
194 201
492 498
242 254
226 241
537 553
891 899
215 219
935 944
707 719
509 525
5 9
226 237
17 22
586 605
363 368
708 716
596 611
23 35
833 839
201 212
689 703
263 275
490 501
713 721
723 732
484 493
63 73
59 63
362 367
555 559
735 738
320 329
185 193
134 136
404 412
29 42
584 589
390 397
97 111
553 557
758 774
308 322
601 607
220 232
857 868
136 153
748 761
176 195
773 784
73 87
664 668
197 206
156 169
742 748
855 864
937 954
762 770
399 411
148 164
199 207
709 722
513 518
325 332
736 752
507 525
590 596
869 884
896 907
380 395
144 146
17 24
557 575
111 116
705 712
6 10
172 181
465 467
537 550
136 147
184 192
664 675
124 129
838 852
866 877
356 372
751 759
548 560
881 887
323 329
82 88
952 965
139 152
651 662
890 903
605 607
934 943
871 883
357 375
444 447
665 666
679 688
264 268
651 660
1 12
814 818
485 491
972 984
481 494
831 840
282 293
184 195
872 879
323 330
672 681
661 667
98 112
63 82
512 519
819 831
262 275
834 838
181 190
760 772
298 314
252 261
830 841
951 960
398 414
15 20
603 609
277 295
510 525
54 72
503 511
224 231
810 824
543 548
4 11
766 780
332 340
669 676
79 87
984 990
328 344
403 408
62 80
359 370
212 224
894 898
587 605
206 220
942 948
165 171
642 650
162 174
831 845
202 213
261 266
316 333
590 597
144 148
921 929
747 762
234 237
435 442
473 481
372 383
179 195
933 939
767 784
417 434
963 970
414 421
146 158
30 46
227 238
377 394
338 350
580 591
628 642
593 604
274 278
712 719
925 933
397 410
877 886
465 468
501 513
461 472
809 822
458 473
412 421
437 446
597 615
43 60
801 806
12 26
87 97
230 236
184 188
256 272
258 269
281 295
278 291
613 619
300 313
180 187
892 896
774 783
691 696
361 374
753 761
117 133
558 569
18 32
648 664
462 471
982 993
294 302
406 424
318 331
937 953
634 641
738 753
635 643
797 806
331 339
709 720
312 325
472 479
540 548
387 404
120 128
268 281
634 636
739 751
957 970
701 713
228 244
103 115
955 957
640 648
452 465
838 850
389 402
143 155
413 420
455 456
97 114
817 829
500 513
490 502
524 527
668 679
275 279
214 221
812 817
450 462
643 648
39 41
845 849
934 940
893 901
174 176
118 135
196 210
659 674
27 36
119 134
553 561
842 846
245 254
851 858
935 937
642 647
428 439
95 110
419 431
457 470
127 140
65 74
383 388
473 480
450 461
99 107
799 812
632 645
473 484
87 102
684 687
74 94
227 245
804 809
463 475
406 419
824 833
305 310
138 149
589 605
331 336
739 753
515 524
582 587
576 592
591 603
476 490
776 791
807 825
692 705
759 772
304 309
437 448
670 677
913 919
102 106
821 835
466 481
14 24
233 240
807 822
677 695
331 340
974 981
413 418
678 694
795 804
295 296
482 493
409 425
822 826
332 343
779 794
80 84
333 342
666 683
833 841
298 312
188 205
462 475
417 435
865 872
130 137
511 520
824 828
644 650
780 787
361 375
989 1000
819 833
804 815
12 21
405 412
653 660
912 920
693 704
182 195
385 390
138 152
634 643
110 117
855 863
286 298
610 618
374 380
956 967
419 434
930 938
308 320
60 70
821 833
615 624
489 505
956 971
906 924
31 40
155 162
117 129
364 375
978 994
138 146
746 762
888 900
674 677
363 367
184 190
894 899
101 114
955 962
272 281
239 248
165 174
569 578
131 136
324 329
851 857
168 184
71 77
566 577
394 405
709 718
43 55
566 581
626 644
547 562
916 931
101 111
181 193
323 335
494 499
532 544
852 859
327 342
508 521
555 556
200 215
751 764
829 836
287 302
936 949
945 948
511 525
426 437
205 206
443 451
800 813
862 870
293 297
211 224
546 562
109 123
940 946
569 583
971 977
468 483
675 678
818 830
165 169
301 307
344 355
894 903
363 369
492 505
400 413
189 197
82 84
124 126
958 972
318 326
887 902
228 245
399 415
677 694
13 28
471 484
615 617
812 819
459 475
268 276
3 12
445 446
200 207
195 202
91 98
895 900
683 688
245 248
349 364
649 661
253 264
682 688
180 186
439 454
421 427
315 320
907 922
809 817
355 362
309 323
344 353
824 826
745 751
312 317
973 978
470 479
422 429
375 382
264 266
178 195
119 126
411 420
963 975
58 62
959 966
881 894
772 779
522 530
816 835
768 776
595 601
128 144
126 138
92 100
894 896
22 35
392 401
793 799
311 320
383 387
279 295
855 862
958 973
402 415
386 404
694 702
696 714
957 973
889 897
705 707
285 290
139 154
13 27
194 196
478 490
73 85
220 229
622 628
694 697
855 860
548 563
366 377
596 613
2 16
336 354
300 307
784 793
409 420
49 58
64 76
789 801
185 191
653 657
58 68
645 652
389 396
733 745
373 384
285 287
928 937
688 703
945 946
875 882
992 1000
153 161
524 529
627 636
870 881
776 789
671 680
78 93
794 802
742 755
819 828
470 476
481 495
429 445
34 41
827 843
199 206
18 36
382 390
861 872
701 709
345 348
587 602
132 144
801 809
378 387
226 239
700 714
907 921
366 384
45 51
553 565
392 398
296 310
426 442
24 34
780 794
838 846
423 428
126 139
592 605
340 355
498 513
395 400
676 691
434 442
925 934
243 246
255 262
689 700
469 484
491 499
777 789
822 833
289 304
268 283
735 737
529 543
634 638
96 113
214 216
578 589
964 969
52 70
408 416
264 267
358 373
525 529
638 651
727 739
536 555
198 207
5 12
910 921
76 92
110 119
484 492
352 364
54 69
584 588
794 800
121 128
359 373
49 56
343 348
129 137
687 698
189 196
386 403
159 172
994 998
786 797
124 127
157 173
683 690
179 187
1 11
746 757
806 822
148 160
833 837
680 693
381 395
364 371
429 440
847 865
740 747
349 358
3 15
435 438
839 854
912 919
689 705
177 192
923 934
826 843
948 960
617 630
5 7
464 468
32 49
791 802
126 142
45 57
136 154
583 587
979 994
536 552
260 267
365 367
821 830
250 257
198 210
805 811
501 506
752 761
551 559
957 966
714 722
523 534
484 489
182 189
980 992
894 902
231 236
956 968
108 123
475 481
971 978
97 106
507 524
156 174
422 433
282 286
80 93
879 891
251 263
919 935
21 31
452 459
29 47
187 199
491 496
947 963
234 242
936 952
839 847
342 353
612 618
491 505
41 53
62 82
908 924
658 669
696 711
259 275
700 708
790 802
864 873
76 89
343 354
291 304
521 534
667 676
258 275
392 400
137 154
122 134
655 664
752 764
969 984
243 249
640 649
714 725
891 900
54 63
315 318
705 710
697 715
482 488
881 895
724 728
668 684
679 687
885 889
433 442
654 656
284 288
363 371
532 543
476 488
850 863
205 207
868 879
395 403
398 415
171 177
459 474
882 887
652 656
773 785
225 231
975 979
661 674
893 897
51 65
867 884
8 24
879 888
242 246
859 873
233 238
479 491
513 519
652 663
357 374
494 502
55 67
86 104
773 781
873 882
578 587
200 211
727 744
927 942
350 359
966 980
254 263
129 141
84 96
801 810
989 999
758 771
821 827
739 747
432 443
875 878
848 857
482 491
710 723
632 639
668 676
614 623
667 680
838 855
48 57
860 872
916 929
145 146
663 666
31 49
741 748
898 912
470 478
573 578
483 487
75 94
428 445
265 269
795 798
497 506
662 668
148 161
250 265
504 510
967 985
191 199
221 235
854 865
150 162
304 312
808 817
23 30
318 330
315 324
408 420
628 643
292 303
780 786
878 893
483 495
258 266
837 851
861 868
320 326
88 97
915 918
576 594
702 710
916 935
569 577
970 978
859 874
296 315
129 144
638 655
727 745
781 790
161 166
773 780
196 212
100 113
188 203
240 252
276 293
618 627
468 482
386 397
150 164
730 742
444 455
89 97
852 857
367 382
507 522
299 311
264 270
214 218
218 231
530 538
80 86
894 900
501 515
424 435
15 25
759 773
552 560
582 586
516 532
877 889
422 435
355 364
755 762
107 125
213 220
100 112
367 380
254 265
698 710
170 183
24 39
415 417
683 687
503 506
333 344
247 265
930 939
407 423
173 179
711 722
517 529
333 338
186 204
455 460
239 251
213 216
607 619
298 310
955 958
871 878
892 897
706 721
380 386
554 560
686 705
535 538
779 787
529 536
263 270
539 547
694 703
426 439
69 74
318 335
157 166
268 279
115 118
375 377
823 834
536 547
231 245
454 461
398 410
173 184
595 600
386 398
874 883
946 960
639 646
78 88
516 534
578 595
387 400
792 804
466 477
67 74
64 74
43 56
550 558
859 866
966 981
65 82
662 666
965 966
515 523
682 686
113 117
577 588
327 340
383 386
591 600
731 744
869 882
297 314
321 333
796 813
425 430
470 485
700 707
85 105
346 362
718 734
165 170
112 120
359 366
314 320
670 681
863 866
349 361
358 367
342 346
197 212
265 268
520 526
348 357
696 712
434 436
824 829
717 733
607 620
36 48
128 136
67 83
31 41
374 379
585 586
737 750
502 513
343 347
926 942
755 756
594 605
665 673
486 497
351 364
973 984
379 386
759 770
222 226
764 768
690 703
203 215
529 537
49 51
273 279
33 46
120 131
372 381
347 365
272 276
848 859
621 627
662 673
685 693
496 507
176 193
933 945
554 558
689 698
937 946
273 280
479 487
478 492
488 500
708 717
609 623
251 257
596 612
509 517
107 122
962 968
772 783
5 17
986 999
120 127
913 918
820 832
591 604
968 984
711 725
143 146
660 672
925 926
648 659
134 140
324 331
565 569
357 370
721 727
905 914
858 867
521 530
808 819
596 609
761 772
963 971
880 886
83 88
753 762
600 613
949 962
606 618
227 240
743 748
941 954
858 866
226 245
583 588
440 452
342 354
605 611
491 498
295 297
693 696
512 517
68 81
682 695
533 542
75 88
136 148
747 756
393 400
382 394
56 65
263 271
483 489
969 978
737 751
215 221
946 959
349 356
418 427
474 480
541 552
44 60
315 323
480 493
525 527
446 465
958 966
498 506
962 974
931 940
949 961
25 35
712 716
55 72
355 358
188 201
160 167
944 948
900 908
169 176
539 553
158 167
711 724
147 160
823 829
606 624
426 441
564 570
753 757
776 792
227 236
573 585
725 729
931 938
573 579
546 563
915 920
325 334
9 21
711 718
5 16
620 629
261 272
695 698
613 616
271 276
363 374
396 410
350 358
825 833
137 155
271 278
253 259
538 555
809 816
59 71
701 706
789 803
758 775
237 254
814 817
194 203
307 322
660 668
944 955
414 423
169 182
418 435
577 592
900 911
955 956
544 547
945 954
813 822
277 289
145 151
176 190
529 538
933 940
847 863
900 913
984 995
905 907
181 189
434 438
341 350
741 755
241 252
161 170
732 740
793 796
517 532
246 258
87 95
654 659
877 890
929 943
403 406
451 456
66 74
627 645
144 147
463 470
371 377
423 426
573 577
371 383
901 907
126 145
129 136
37 45
616 632
675 682
193 202
160 173
770 782
732 738
303 310
46 59
896 908
20 29
612 620
160 169
792 800
918 930
8 25
945 950
438 453
343 351
730 745
911 919
977 990
317 326
95 111
91 97
199 212
42 61
178 192
356 375
855 858
760 775
613 625
330 344
58 71
915 916
654 662
963 967
734 737
915 917
337 349
368 379
690 704
113 124
740 746
485 488
246 261
324 333
845 851
569 576
611 623
14 23
335 340
256 271
114 116
692 699
117 132
895 897
325 326
519 534
389 403
99 108
531 540
1 16
574 583
585 587
861 875
350 365
365 373
636 655
572 579
75 90
503 512
944 950
64 78
145 150
382 387
857 870
25 37
438 452
896 913
250 261
707 720
704 709
71 83
521 532
876 895
508 525
255 257
750 763
314 321
122 129
737 753
763 768
740 753
743 746
455 457
857 866
100 110
313 316
926 940
241 253
70 76
334 341
93 100
490 499
652 660
65 73
464 466
576 587
28 29
983 994
17 20
166 177
961 974
638 646
727 741
28 38
324 326
879 890
200 214
25 34
853 858
300 314
890 902
564 566
316 331
6 14
12 18
128 142
747 765
695 700
483 486
434 445
167 183
495 496
902 907
430 438
840 852
901 914
165 167
619 635
26 38
33 41
625 632
715 721
36 45
457 475
897 906
918 932
264 273
77 93
608 621
985 994
983 987
95 108
730 738
761 770
193 196
76 93
238 253
610 625
666 685
462 473
216 229
913 921
181 187
805 808
853 859
76 94
60 68
107 120
46 61
73 92
741 747
536 554
674 681
353 364
83 91
327 336
288 299
101 106
452 458
817 833
988 999
198 211
166 182
767 780
469 476
241 248
590 601
550 565
736 753
604 615
373 376
665 672
717 732
953 962
558 574
128 140
54 62
602 608
76 86
174 177
953 959
746 761
685 689
583 586
779 786
974 978
920 933
38 44
458 469
621 635
868 881
621 632
290 301
361 370
37 49
270 281
965 974
903 914
790 796
615 620
699 713
663 667
692 703
255 260
710 722
427 439
640 654
108 122
507 516
372 376
310 321
753 758
474 481
942 950
315 316
635 637
356 374
49 55
623 629
354 356
883 888
530 543
525 532
962 975
877 892
831 837
170 178
846 858
585 592
745 754
208 225
861 866
342 347
482 490
550 556
690 698
381 394
110 122
884 891
749 756
716 731
152 165
276 291
338 353
8 20
142 151
439 448
110 123
163 169
499 507
262 266
355 357
374 385
694 699
817 831
448 462
911 925
787 796
519 528
288 301
594 600
284 290
362 370
443 446
916 934
179 193
230 241
833 836
3 17
789 804
336 350
81 88
106 122
105 106
604 606
504 511
915 919
583 590
569 581
819 834
446 461
228 237
329 345
409 422
144 155
862 867
190 199
199 213
235 244
316 334
504 509
31 44
369 382
944 949
177 186
250 256
348 364
645 653
360 368
581 595
361 367
933 944
490 503
625 630
979 993
388 402
587 598
929 945
93 97
220 227
447 464
502 515
202 215
370 381
591 605
754 761
155 164
664 667
506 520
61 63
590 605
582 595
752 760
837 855
922 934
876 891
333 339
232 245
428 443
709 725
46 56
68 76
472 476
580 587
881 888
970 985
875 876
595 596
893 902
244 248
608 620
391 403
134 142
299 307
116 130
91 99
484 488
32 42
310 318
608 623
365 371
948 964
844 849
325 328
490 504
821 834
840 847
251 264
678 692
326 344
241 250
607 618
624 626
692 704
971 983
860 875
840 849
382 386
66 75
26 34
404 406
579 591
705 713
532 538
838 849
803 814
414 418
247 258
461 467
189 204
390 396
845 854
57 72
458 471
917 933
630 639
476 495
880 895
634 640
88 102
242 255
280 286
495 502
680 695
800 812
572 581
950 963
611 624
241 255
48 51
18 30
374 376
402 409
284 293
495 503
417 432
218 233
89 96
314 322
56 70
644 646
731 745
367 376
392 397
757 771
326 342
892 900
663 668
708 725
407 418
492 496
290 297
636 652
16 24
183 192
607 622
542 548
227 244
560 569
155 163
563 571
633 639
758 772
722 730
648 665
939 952
393 398
971 980
604 609
727 738
377 392
187 198
820 834
445 453
265 266
726 739
831 844
472 483
39 45
396 407
829 842
492 500
139 147
869 877
911 922
403 410
743 747
416 431
97 109
342 355
549 557
33 50
383 392
185 192
405 409
200 209
105 109
267 282
329 342
399 406
72 77
768 785
703 708
619 633
204 211
168 180
960 972
684 692
891 902
803 806
291 303
720 735
843 852
419 430
347 362
148 162
902 909
248 256
34 47
112 123
686 699
377 389
726 738
492 497
690 699
881 892
637 653
11 27
466 482
557 568
233 239
406 418
187 200
556 571
143 147
11 20
641 654
70 78
842 851
711 717
794 805
722 729
233 237
153 158
115 124
159 167
22 29
19 32
45 60
62 77
511 519
73 91
495 497
522 531
612 617
447 460
710 719
604 611
836 854
220 234
327 345
798 815
775 780
756 773
377 386
203 208
687 696
123 131
24 32
427 442
907 918
275 280
59 66
569 584
794 803
722 734
984 988
464 470
18 31
386 402
243 251
261 268
387 396
830 844
662 669
441 448
75 92
299 312
232 244
107 124
288 305
449 461
131 138
926 941
248 263
847 856
305 311
443 448
829 837
672 683
864 869
164 172
267 280
727 743
536 551
677 688
571 583
170 181
786 800
870 877
358 372
361 366
903 907
193 204
934 936
72 79
295 299
754 758
798 811
199 211
431 439
572 580
213 219
455 463
814 823
851 860
601 608
364 373
797 813
66 76
916 932
256 269
847 862
95 109
136 152
275 278
586 601
112 116
481 488
554 561
854 862
703 706
955 961
505 508
661 669
120 134
620 635
374 381
504 506
771 784
630 638
834 840
940 951
776 793
709 716
404 409
114 117
609 621
935 942
907 925
305 309
951 959
563 574
828 843
386 399
902 915
547 558
629 644
806 818
604 607
990 999
788 803
384 389
304 310
957 975
37 46
42 55
966 985
729 744
436 451
852 863
158 175
161 169
682 690
234 240
936 955
44 52
454 463
530 542
287 298
218 234
976 989
505 510
897 910
243 252
306 318
796 815
485 486
263 267
961 973
865 867
124 128
552 561
633 641
925 929
141 148
108 116
818 826
234 239
574 576
201 215
948 963
534 540
531 536
438 455
37 42
535 542
687 699
496 510
984 993
283 294
400 415
367 384
544 552
542 553
555 563
362 366
225 227
442 448
105 113
234 245
217 234
849 858
591 596
582 589
127 145
548 561
102 109
653 656
505 512
421 426
922 926
890 905
195 199
416 428
658 670
444 449
308 324
904 906
262 274
559 566
628 641
451 465
4 7
258 274
895 899
196 214
153 157
103 106
447 463
508 517
914 916
747 761
952 961
652 664
902 911
882 890
865 874
342 351
622 626
187 203
34 49
526 538
976 987
5 11
95 112
64 82
511 523
904 909
926 943
608 619
856 872
940 948
286 299
734 741
379 393
281 294
157 175
517 533
676 695
672 680
895 901
298 315
474 477
472 481
474 485
167 180
670 679
744 751
252 259
261 273
262 273
685 687
159 173
958 970
183 189
10 18
963 968
796 809
111 125
563 575
734 736
421 428
732 737
493 496
578 590
439 451
931 936
791 805
181 194
208 224
217 230
617 628
645 646
544 548
698 709
45 58
932 938
463 474
529 540
995 996
519 530
992 996
444 451
141 149
810 818
589 602
859 867
525 534
93 96
62 76
91 96
294 299
228 236
63 83
471 483
72 78
862 871
12 24
235 239
378 386
753 759
355 363
836 850
441 452
420 431
85 103
587 596
864 875
387 405
978 993
952 958
659 671
340 351
315 319
192 205
767 785
876 894
781 787
61 62
510 522
210 217
86 103
460 469
600 615
340 354
783 786
756 768
311 317
22 38
530 541
690 702
789 802
728 742
920 926
515 520
667 683
858 872
978 986
915 921
954 960
116 133
313 317
983 992
853 860
680 689
965 969
762 769
181 195
58 67
52 69
554 565
299 306
163 167
484 486
337 352
115 117
656 671
37 50
133 140
16 26
649 663
96 110
151 164
335 337
403 409
449 465
461 475
984 989
700 709
698 711
782 789
94 96
917 935
910 925
582 594
96 109
311 319
851 865
586 600
223 227
442 455
501 507
60 67
183 187
487 505
143 152
718 726
740 754
690 705
9 26
24 33
14 19
90 98
350 357
469 477
602 607
817 834
959 967
292 296
464 467
595 604
377 388
924 933
482 489
266 282
856 873
370 384
75 93
817 828
906 919
151 165
588 605
469 481
379 392
274 280
414 417
941 948
286 304
354 360
888 896
480 487
913 924
111 117
938 949
489 500
266 281
229 245
251 259
538 546
695 701
274 277
469 483
435 436
769 783
353 358
88 96
132 137
39 47
304 313
774 777
134 141
712 725
324 332
790 798
490 496
977 992
41 60
983 988
313 324
602 610
56 66
472 480
388 404
202 207
286 297
158 173
66 73
487 502
79 91
84 99
713 717
884 893
859 871
854 861
710 717
279 291
758 770
459 471
38 46
762 774
718 733
362 371
235 243
179 188
390 398
624 633
493 504
827 840
341 347
554 559
546 559
283 288
689 702
845 846
918 934
721 733
446 458
172 185
839 851
570 584
497 508
755 764
102 107
33 49
918 927
35 43
396 409
559 575
72 81
350 361
863 871
773 779
580 588
336 355
574 577
209 220
394 402
571 577
21 35
669 680
404 410
460 466
73 86
733 740
244 250
163 172
308 323
707 718
167 179
310 325
791 803
804 808
748 757
818 827
767 778
358 375
495 501
518 533
679 690
221 232
798 806
74 92
72 74
155 157
823 835
756 770
19 33
651 664
9 18
115 122
657 672
184 189
618 630
626 638
648 656
369 381
329 336
471 482
326 338
348 361
178 193
421 429
76 85
105 115
643 651
424 429
533 540
969 983
555 557
430 436
706 723
513 521
365 368
826 838
414 420
793 800
351 365
371 378
5 10
832 840
762 773
270 283
684 688
385 388
279 286
739 755
303 309
833 845
27 30
763 774
764 769
256 275
720 732
985 987
99 115
829 840
401 412
881 893
657 668
968 976
643 655
744 748
270 277
416 427
844 848
23 37
256 274
636 649
310 322
594 602
249 261
191 205
58 72
304 308
979 992
643 649
914 919
919 927
806 825
856 874
327 338
189 201
828 836
896 909
388 405
145 154
713 724
857 875
553 560
740 749
963 974
666 680
763 767
593 596
422 431
455 462
89 102
669 677
470 482
27 29
572 577
871 885
573 581
292 301
226 242
589 600
139 153
81 93
636 653
21 29
285 292
642 649
512 525
391 400
18 35
745 749
8 18
815 819
921 935
174 180
688 697
595 598
147 158
376 395
853 857
381 386
222 231
9 23
238 254
449 457
46 54
755 759
483 492
588 596
929 940
833 842
834 836
455 461
941 952
707 723
598 615
836 852
500 514
553 559
760 766
669 685
462 467
768 781
934 938
128 141
762 768
926 937
127 139
629 645
70 73
273 278
743 749
421 430
829 838
42 60
77 89
540 549
273 282
240 247
524 530
565 571
548 562
489 496
458 470
347 363
141 147
951 964
350 356
51 69
971 985
57 71
47 56
496 512
84 102
63 77
973 982
824 835
702 709
506 524
836 855
418 426
179 192
1 14
611 618
393 401
371 380
919 930
203 212
896 914
157 174
953 957
535 544
456 468
725 727
856 867
865 866
79 85
151 156
697 708
7 25
520 534
586 598
347 356
728 739
438 451
803 812
919 926
236 249
8 21
748 756
858 875
413 424
659 673
716 733
981 995
675 676
690 696
649 665
820 829
957 969
176 188
109 117
700 711
843 847
546 564
542 547
21 39
61 66
832 845
692 698
429 436
771 780
788 805
726 745
190 198
373 379
701 710
409 423
834 843
55 64
22 39
68 80
450 464
23 33
650 657
218 235
186 201
615 619
501 510
748 764
121 133
250 263
970 982
314 318
545 548
574 582
254 262
549 564
70 79
914 918
11 28
364 367
976 991
671 685
829 844
368 377
36 50
117 135
826 839
954 962
898 907
670 676
707 716
613 622
465 466
74 93
228 242
613 624
103 107
527 545
974 982
480 495
618 634
835 844
200 206
315 317
714 720
762 767
886 900
898 911
548 564
561 574
123 135
783 789
860 873
441 447
380 391
908 922
967 983
319 330
148 165
491 504
721 735
342 349
625 629
990 1000
675 679
489 504
659 668
244 253
235 237
55 68
714 716
521 528
55 63
138 153
627 638
390 401
171 176
2 10
648 662
20 35
394 401
529 544
848 863
763 775
627 639
904 913
29 46
699 706
844 847
832 837
963 966
189 203
337 348
477 495
24 36
539 546
322 327
615 621
433 439
518 526
104 111
210 225
86 96
594 598
716 735
968 980
39 46
559 570
806 817
19 31
48 52
98 107
878 895
297 306
6 8
399 412
822 830
402 413
755 763
794 797
148 159
637 655
53 63
261 267
312 321
98 111
499 511
688 699
520 535
940 954
90 102
674 680
523 529
216 228
96 112
468 481
482 495
644 649
372 378
618 633
170 182
276 287
300 308
219 232
497 512
7 21
192 197
162 171
182 190
749 763
122 131
593 599
756 772
62 79
177 194
624 632
276 290
508 520
29 43
776 790
293 296
625 631
485 494
829 845
445 454
723 727
163 174
17 19
923 928
392 399
46 58
275 276
979 986
519 535
100 115
23 31
9 25
443 449
304 311
94 103
967 982
911 923
104 108
3 16
156 175
53 67
415 416
669 684
591 599
363 370
92 99
312 323
477 490
219 230
5 8
461 469
171 185
111 118
51 63
27 37
63 76
651 657
772 778
749 765
440 455
658 672
269 276
245 252
835 841
431 438
86 98
637 652
478 487
67 79
629 640
393 397
845 847
487 499
811 823
491 503
110 125
582 593
410 417
775 783
460 472
635 642
250 258
223 229
475 479
933 941
81 91
872 883
600 606
327 344
610 622
717 735
785 794
337 354
56 71
745 750
88 95
502 507
512 521
63 79
301 308
466 483
97 115
558 570
803 808
280 291
625 626
249 258
504 507
93 101
421 432
497 513
685 691
971 982
706 718
808 820
36 43
872 878
418 432
293 298
666 684
922 931
884 895
401 410
303 308
52 64
602 615
622 627
559 571
248 259
416 430
558 575
132 145
979 990
133 145
121 134
567 583
291 299
490 505
770 785
856 868
493 497
492 501
302 309
447 458
846 860
337 355
532 540
270 276
219 233
562 575
345 350
269 278
171 180
99 113
861 874
655 663
104 112
177 195
185 194
902 908
104 113
769 780
7 19
737 748
545 550
384 387
396 412
10 22
782 793
271 283
78 85
520 533
786 803
294 300
352 365
351 357
971 984
422 430
496 511
631 636
166 183
646 658
402 408
371 379
3 9
926 945
875 879
28 33
976 995
18 34
960 968
251 265
54 71
869 881
447 459
892 905
365 372
492 503
881 890
279 294
352 356
798 814
951 958
371 385
226 240
551 557
564 575
306 321
484 487
909 918
678 686
926 939
813 824
105 111
310 324
539 555
92 97
749 757
60 63
573 580
229 244
258 273
159 166
571 580
909 916
530 539
861 873
947 958
774 780
658 666
847 861
338 346
50 55
250 262
790 803
849 863
20 39
354 363
876 892
609 624
2 11
665 670
718 730
591 598
138 147
790 804
366 378
882 888
205 213
272 285
112 121
670 682
626 639
323 334
443 447
90 100
300 311
819 826
604 613
10 19
514 519
287 296
212 216
247 259
868 882
125 128
171 183
388 400
272 280
247 262
178 186
638 652
769 784
697 712
46 60
522 528
102 111
6 15
872 876
335 342
56 69
928 941
812 824
797 812
586 604
385 394
788 800
872 880
748 760
601 615
168 177
421 434
494 500
943 954
149 165
915 924
757 769
889 902
353 360
337 353
130 141
124 130
50 59
901 906
890 899
403 411
539 554
98 115
731 736
671 677
650 664
400 411
749 758
992 998
880 893
959 968
824 830
386 401
698 714
441 453
940 955
167 182
512 520
808 824
795 796
625 627
652 665
653 659
568 583
346 364
905 908
543 555
309 325
312 318
175 180
398 412
234 241
975 982
233 242
152 161
524 526
197 214
660 674
481 489
597 606
824 831
978 987
483 494
339 355
103 109
325 333
692 700
289 296
589 596
276 288
664 672
37 44
422 428
976 994
349 362
859 868
249 263
297 310
224 233
707 722
468 484
770 778
979 995
