1000 5000 25
21 48 22 25 33 49 56 83 19 17 18 20 32 45 59 48 36 101 38 37 27 29 37 77 23 
1 22
1 23
1 24
22 70
22 71
23 72
24 73
24 74
24 75
70 92
71 93
71 94
71 95
72 96
72 97
74 98
75 99
92 117
92 118
93 119
93 120
93 121
94 122
94 123
95 124
95 125
95 126
96 127
96 128
96 129
97 130
97 131
99 132
99 133
119 150
119 151
119 152
121 153
121 154
121 155
122 156
123 157
123 158
124 159
124 160
125 161
125 162
126 163
126 164
126 165
127 166
127 167
127 168
128 169
128 170
128 171
129 172
130 173
130 174
131 175
131 176
132 177
132 178
133 179
150 199
150 200
150 201
151 202
153 203
153 204
153 205
154 206
154 207
155 208
156 209
157 210
158 211
158 212
158 213
160 214
161 215
161 216
163 217
163 218
163 219
164 220
164 221
165 222
166 223
166 224
167 225
167 226
167 227
170 228
171 229
171 230
172 231
172 232
174 233
175 234
176 235
178 236
178 237
178 238
199 255
200 256
200 257
201 258
202 259
203 260
205 261
205 262
205 263
206 264
206 265
207 266
208 267
208 268
209 269
209 270
209 271
210 272
210 273
212 274
212 275
212 276
213 277
213 278
214 279
214 280
214 281
217 282
217 283
220 284
220 285
220 286
221 287
221 288
221 289
222 290
222 291
223 292
223 293
223 294
228 295
228 296
228 297
230 298
230 299
231 300
231 301
232 302
232 303
233 304
233 305
233 306
234 307
234 308
234 309
235 310
235 311
236 312
236 313
237 314
237 315
238 316
238 317
238 318
318 338
338 357
357 374
374 392
374 393
392 412
392 413
392 414
412 444
412 445
412 446
413 447
413 448
413 449
414 450
414 451
414 452
444 489
445 490
445 491
445 492
448 493
448 494
448 495
449 496
451 497
451 498
451 499
452 500
452 501
452 502
489 548
489 549
490 550
491 551
491 552
492 553
492 554
492 555
493 556
494 557
495 558
495 559
495 560
496 561
497 562
497 563
499 564
499 565
499 566
500 567
500 568
500 569
502 570
550 596
550 597
550 598
551 599
551 600
551 601
552 602
553 603
553 604
554 605
554 606
557 607
557 608
560 609
561 610
562 611
565 612
565 613
565 614
566 615
566 616
567 617
567 618
567 619
568 620
568 621
569 622
569 623
569 624
596 632
598 633
598 634
599 635
600 636
600 637
600 638
601 639
601 640
602 641
602 642
603 643
604 644
604 645
605 646
605 647
607 648
608 649
608 650
608 651
609 652
609 653
609 654
612 655
612 656
612 657
613 658
613 659
615 660
615 661
615 662
616 663
616 664
616 665
617 666
617 667
620 668
620 669
621 670
621 671
621 672
622 673
622 674
623 675
624 676
676 733
733 771
733 772
772 808
808 835
808 836
836 864
864 901
864 902
902 978
902 979
902 980
903 978
904 980
905 980
906 980
865 903
866 903
867 904
868 904
869 904
837 866
838 866
839 866
840 867
841 869
842 869
809 837
810 837
811 838
812 838
813 838
814 839
815 839
816 840
817 841
773 809
774 810
775 810
776 810
777 811
778 811
779 811
780 812
781 812
782 812
783 813
784 815
785 815
786 815
787 816
788 816
789 816
734 773
735 773
736 773
737 774
738 776
739 776
740 776
741 777
742 777
743 779
744 779
745 782
746 782
747 783
748 785
749 786
750 786
677 735
678 735
679 736
680 737
681 738
682 738
683 739
684 739
685 739
686 741
687 741
688 742
689 742
690 743
691 744
692 744
693 745
694 745
695 747
696 747
697 748
698 749
699 750
700 750
701 750
625 701
571 625
503 571
504 571
453 503
454 503
455 504
456 504
415 454
416 455
417 455
394 416
375 394
358 375
359 375
339 358
340 358
319 340
239 319
180 239
134 180
100 134
76 100
25 76
26 76
2 25
3 25
4 26
5 26
6 26
2 27
2 28
4 29
6 30
6 31
28 77
29 78
30 79
30 80
31 81
31 82
31 83
77 101
78 102
78 103
78 104
79 105
80 106
82 107
82 108
83 109
103 135
103 136
103 137
105 138
106 139
109 140
109 141
135 181
139 182
139 183
139 184
140 185
140 186
182 240
182 241
183 242
183 243
184 244
185 245
185 246
185 247
186 248
186 249
186 250
250 320
320 341
341 360
341 361
341 362
361 376
361 377
361 378
362 379
362 380
362 381
377 395
378 396
380 397
381 398
395 418
395 419
395 420
396 421
396 422
396 423
397 424
418 457
418 458
419 459
419 460
419 461
420 462
421 463
422 464
422 465
422 466
457 505
457 506
457 507
458 508
458 509
458 510
460 511
461 512
461 513
462 514
462 515
464 516
465 517
466 518
466 519
506 572
507 573
507 574
509 575
510 576
510 577
510 578
511 579
512 580
513 581
514 582
514 583
515 584
517 585
517 586
517 587
518 588
519 589
519 590
590 626
626 702
626 703
703 751
751 790
751 791
751 792
791 818
791 819
791 820
792 821
818 843
819 844
819 845
819 846
821 847
821 848
843 870
843 871
844 872
844 873
844 874
846 875
846 876
848 877
848 878
848 879
870 907
870 908
871 909
872 910
873 911
873 912
874 913
874 914
874 915
875 916
877 917
878 918
878 919
878 920
907 981
907 982
908 983
908 984
909 985
909 986
912 987
913 988
913 989
915 990
916 991
917 992
918 993
918 994
918 995
919 996
920 997
920 998
921 981
922 982
923 982
924 982
925 983
926 984
927 984
928 985
929 986
930 987
931 988
932 988
933 988
934 989
935 989
936 989
937 990
938 990
939 991
940 992
941 992
942 993
943 993
944 993
945 994
946 996
947 996
948 996
949 997
950 997
951 998
952 998
880 952
849 880
850 880
851 880
822 849
823 850
793 822
794 822
795 823
796 823
752 793
753 793
754 794
755 795
704 753
705 753
706 754
707 754
708 754
709 755
710 755
711 755
627 711
591 627
520 591
467 520
425 467
399 425
382 399
363 382
342 363
343 363
344 363
321 342
322 342
323 342
324 343
325 343
326 343
327 344
251 327
187 251
142 187
110 142
111 142
112 142
84 110
85 112
86 112
87 112
32 84
33 85
34 85
35 86
36 86
37 86
38 87
39 87
40 87
7 32
8 32
9 32
10 33
11 33
12 34
13 36
14 37
15 37
16 38
17 39
18 39
19 40
20 40
7 41
7 42
8 43
9 44
9 45
10 46
11 47
11 48
12 49
12 50
13 51
14 52
14 53
15 54
16 55
16 56
16 57
17 58
17 59
18 60
18 61
19 62
20 63
20 64
20 65
65 88
88 113
88 114
113 143
113 144
114 145
114 146
144 188
144 189
144 190
145 191
146 192
192 252
252 328
328 345
345 364
364 383
364 384
364 385
383 400
384 401
384 402
385 403
385 404
385 405
400 426
400 427
400 428
401 429
403 430
403 431
403 432
404 433
404 434
405 435
405 436
405 437
426 468
428 469
429 470
432 471
432 472
432 473
433 474
433 475
434 476
434 477
435 478
435 479
435 480
436 481
436 482
469 521
469 522
469 523
470 524
471 525
471 526
474 527
474 528
474 529
475 530
475 531
477 532
477 533
477 534
479 535
479 536
480 537
480 538
481 539
481 540
481 541
482 542
482 543
482 544
544 592
592 628
628 712
712 756
756 797
756 798
797 824
797 825
798 826
798 827
798 828
824 852
825 853
826 854
827 855
827 856
827 857
828 858
828 859
828 860
853 881
854 882
854 883
855 884
856 885
856 886
856 887
857 888
858 889
859 890
859 891
859 892
860 893
860 894
860 895
882 953
882 954
883 955
887 956
887 957
888 958
888 959
889 960
889 961
889 962
891 963
891 964
892 965
892 966
892 967
894 968
894 969
894 970
895 971
971 999
972 999
973 999
974 999
896 974
861 896
829 861
830 861
831 861
799 829
800 829
801 830
802 830
803 830
804 831
805 831
757 799
758 799
759 800
760 800
761 801
762 801
763 801
764 802
765 803
766 804
767 804
768 805
713 757
714 758
715 758
716 758
717 760
718 761
719 761
720 762
721 763
722 763
723 763
724 764
725 764
726 764
727 766
728 768
729 768
629 729
593 629
545 593
483 545
438 483
406 438
407 438
386 406
387 407
388 407
365 386
366 386
367 386
368 388
369 388
346 365
347 365
348 365
349 366
350 367
351 367
352 368
353 369
354 369
329 346
330 346
331 347
332 347
333 347
334 348
335 348
336 353
253 336
193 253
147 193
115 147
89 115
90 115
66 89
67 89
68 89
21 68
21 69
69 91
91 116
116 148
116 149
148 194
148 195
148 196
149 197
149 198
198 254
254 337
337 355
355 370
370 389
370 390
390 408
390 409
390 410
408 439
408 440
410 441
410 442
439 484
440 485
441 486
441 487
487 546
546 594
594 630
630 730
730 769
769 806
806 832
832 862
862 897
862 898
862 899
898 975
898 976
976 1000
977 1000
900 977
863 900
833 863
834 863
807 834
770 807
731 770
732 770
631 732
595 631
547 595
488 547
443 488
411 443
391 411
371 391
372 391
373 391
356 373
734 774
742 774
248 309
382 410
422 470
785 832
10 60
411 418
527 565
377 393
450 512
714 748
615 643
379 392
750 790
855 891
611 660
843 896
765 781
711 736
458 517
544 575
154 217
243 262
477 512
86 110
420 457
199 304
632 764
251 291
762 791
725 754
437 469
834 857
844 866
619 719
596 703
872 950
473 537
254 259
30 87
243 328
613 675
846 865
468 501
666 739
457 540
231 306
29 89
599 666
668 742
252 290
519 595
125 165
369 390
671 748
857 880
303 353
886 964
579 611
100 118
757 783
381 409
365 379
75 93
289 346
129 188
691 757
9 23
546 555
529 564
615 687
363 376
384 410
228 275
465 544
216 291
116 144
895 977
400 421
882 902
101 128
522 593
892 909
10 63
626 707
88 92
100 144
454 536
5 52
838 877
28 81
514 568
880 942
606 704
75 110
58 85
389 402
448 545
179 222
625 696
18 54
100 129
242 327
610 659
423 467
657 735
161 248
775 815
287 349
599 714
644 752
622 697
613 667
611 709
378 401
568 617
234 289
145 178
639 737
625 649
361 375
562 628
859 882
71 102
893 972
128 181
770 797
869 909
891 939
396 441
346 369
839 892
826 859
863 884
880 934
903 986
496 586
92 139
140 160
483 534
844 871
609 696
9 31
485 541
190 226
194 251
835 883
209 316
684 738
87 104
409 420
876 906
89 99
203 315
897 937
379 404
3 27
609 675
846 879
9 34
864 918
222 333
381 392
154 223
888 913
832 855
473 499
740 773
468 489
610 680
897 915
213 291
613 705
606 643
975 997
537 550
739 794
624 637
880 918
200 288
416 463
716 752
98 143
343 370
365 376
740 779
623 716
216 325
798 820
761 779
745 784
797 815
601 674
411 436
788 831
616 672
691 765
513 595
637 753
880 927
389 400
883 917
805 818
715 756
604 712
881 938
71 107
419 472
868 901
880 935
547 581
762 789
543 588
709 770
808 849
958 998
279 339
208 281
297 353
137 168
858 882
963 988
439 477
623 705
80 105
11 38
410 422
395 431
193 232
73 92
426 446
192 200
13 30
883 976
486 546
399 427
596 652
178 220
212 309
421 483
446 500
14 24
277 355
413 466
212 304
364 388
13 24
462 531
487 544
766 796
881 907
91 96
568 629
174 231
784 814
836 865
672 752
317 348
449 522
669 770
829 850
893 945
873 916
221 319
491 573
887 953
456 523
885 942
782 808
453 533
440 472
456 514
9 26
809 863
846 889
878 912
488 505
824 845
887 972
854 864
892 962
627 702
818 853
706 758
819 858
776 809
164 249
21 60
746 783
465 490
885 931
694 744
653 768
73 116
235 332
251 285
213 312
684 759
241 313
816 854
510 573
568 607
602 670
756 796
618 713
609 673
885 973
92 136
811 842
697 762
166 249
451 505
614 703
171 248
766 786
165 206
372 385
889 952
118 172
473 540
616 661
250 264
614 681
881 925
616 716
881 914
603 712
1 32
24 83
190 241
180 254
517 581
619 672
807 823
751 775
215 290
143 158
769 779
103 124
354 363
143 167
378 410
599 667
852 889
511 553
721 767
283 338
578 600
523 578
536 569
628 716
631 647
612 692
444 517
863 873
878 937
435 477
484 501
572 630
67 75
481 509
625 634
126 172
839 886
416 453
97 148
77 94
864 974
875 973
254 284
618 661
812 862
599 704
90 100
451 545
407 420
233 325
485 527
234 331
810 839
94 148
84 94
775 827
715 742
625 727
243 308
811 850
763 803
889 949
733 801
845 895
47 70
233 277
599 678
887 916
759 781
602 684
397 438
591 631
442 458
123 191
16 43
890 909
863 895
160 245
781 827
437 465
741 791
225 289
340 361
548 625
799 820
575 626
376 402
863 870
11 64
233 290
504 591
805 833
221 292
477 494
504 578
859 874
251 292
127 193
102 133
916 980
447 527
618 710
820 844
543 580
212 333
209 328
432 460
626 676
519 588
120 164
460 518
916 996
114 140
40 78
851 877
914 983
454 544
213 289
52 71
524 581
587 609
597 717
737 772
402 433
578 609
622 672
227 308
108 122
6 65
883 916
614 640
389 406
251 297
191 223
76 106
86 99
597 685
478 517
891 976
606 687
853 899
253 311
898 953
241 277
310 356
837 868
896 959
883 914
400 422
417 476
465 546
123 152
7 63
533 560
42 90
206 267
751 794
534 556
892 971
558 615
103 139
8 34
259 338
93 147
420 447
657 733
739 799
843 897
252 264
38 78
142 167
810 849
44 83
627 657
191 254
250 301
398 441
595 628
578 602
800 822
580 628
973 996
418 475
796 834
440 468
458 523
150 205
560 611
749 792
885 955
127 181
233 334
702 746
647 767
961 986
881 972
691 752
20 55
224 255
319 345
883 912
752 795
202 257
618 686
890 930
202 310
171 216
562 600
447 543
402 439
855 874
314 339
230 335
667 756
536 594
609 640
763 775
738 794
15 56
655 737
240 326
799 822
846 871
242 260
391 398
156 224
899 973
267 345
16 40
112 144
120 192
820 861
893 911
91 113
866 954
397 416
784 810
703 750
121 162
845 889
753 798
869 960
204 305
449 520
605 670
140 196
194 201
189 238
259 340
437 477
569 608
851 875
556 624
151 239
604 671
79 102
92 140
7 39
508 548
374 399
876 954
865 907
207 314
139 158
377 408
149 192
616 636
431 464
217 286
457 516
878 966
714 764
211 332
593 623
609 718
847 875
801 809
627 729
528 588
380 405
606 680
618 711
954 999
598 666
806 825
741 784
139 197
239 322
714 767
237 257
121 168
58 73
402 413
811 836
921 980
818 850
187 220
225 256
251 273
409 430
585 625
602 651
220 258
862 876
596 698
184 246
795 833
615 639
743 785
769 799
787 832
240 321
757 793
120 172
170 212
791 822
215 291
836 888
738 803
876 953
666 742
885 952
891 904
908 996
614 710
97 134
614 726
794 808
252 270
60 78
826 848
338 364
574 614
225 332
854 874
215 322
851 874
211 268
472 505
462 512
833 837
892 902
17 45
232 261
781 813
466 489
127 170
913 1000
565 610
569 620
309 356
598 709
486 531
736 795
193 230
83 108
430 472
622 666
621 727
880 955
139 173
754 777
842 867
893 946
338 373
445 527
50 72
135 150
98 122
394 431
16 53
853 888
395 435
198 205
183 214
403 421
570 631
821 843
617 698
869 961
616 689
108 117
897 958
562 623
603 664
393 424
229 332
878 927
242 263
876 967
420 484
221 260
616 637
73 107
615 719
755 772
613 669
147 196
471 531
900 970
120 158
477 495
4 34
623 633
160 247
885 948
597 649
5 53
8 38
575 605
486 506
78 100
106 128
588 601
548 623
390 403
875 947
793 824
502 591
77 106
473 496
896 968
436 479
897 970
800 830
563 602
217 298
629 732
361 388
358 390
606 679
852 864
343 361
497 559
95 144
77 107
137 179
522 584
832 859
800 819
195 212
145 174
427 474
369 375
494 594
546 590
290 340
13 34
631 674
137 166
552 615
626 710
446 527
441 461
519 593
793 813
471 515
517 550
253 288
430 467
73 111
219 296
12 64
213 322
68 76
838 867
697 753
809 845
407 419
3 47
109 132
762 788
801 808
517 564
200 299
898 950
856 864
495 569
459 524
163 246
693 759
605 726
143 176
847 887
430 475
398 440
619 726
145 172
127 161
434 463
19 60
818 856
640 763
948 978
482 503
457 512
824 860
759 779
706 736
622 726
90 109
38 71
264 347
821 836
468 490
154 235
128 165
818 852
895 905
14 38
256 346
850 872
520 551
247 325
555 623
609 632
635 760
847 877
123 163
227 261
760 777
845 874
218 325
165 208
769 782
786 811
245 289
434 473
581 598
379 406
2 48
611 690
132 196
201 310
796 808
229 292
408 424
894 948
110 134
841 888
93 140
653 744
608 692
167 253
383 406
485 533
764 777
620 702
813 852
746 793
136 182
390 393
200 322
423 473
751 779
695 770
467 509
404 414
802 812
529 594
127 152
754 796
610 672
878 946
602 635
399 415
204 297
461 524
228 309
422 488
161 241
766 787
378 403
764 799
414 460
625 678
848 884
630 651
603 667
466 527
88 103
867 938
858 897
425 468
100 126
202 324
405 420
877 955
226 274
200 308
532 563
188 222
243 325
479 506
770 794
6 61
612 704
451 490
61 90
225 290
196 206
140 182
622 715
438 462
570 625
369 389
754 797
366 382
713 739
937 998
759 791
119 194
395 424
831 844
104 133
829 843
671 749
270 343
877 935
19 41
185 217
386 394
893 970
609 725
102 120
465 494
420 463
89 106
832 842
410 436
94 144
151 249
392 425
889 937
618 698
718 745
580 613
806 818
254 291
744 781
569 596
873 964
252 302
863 868
622 639
791 812
805 832
141 155
474 521
736 791
371 374
385 396
111 118
884 908
386 405
273 351
159 217
527 586
624 675
148 181
232 316
610 636
150 253
14 62
62 79
608 720
452 513
12 59
349 364
619 700
600 715
804 825
1 27
617 637
627 714
898 952
898 956
598 722
543 585
382 393
546 563
352 366
199 280
384 409
149 170
4 50
487 514
585 629
464 500
380 394
234 281
616 687
165 203
840 891
223 273
182 206
839 898
194 228
627 639
549 622
365 377
854 900
208 328
438 481
662 763
110 137
833 858
881 967
446 496
486 527
503 552
422 453
629 669
832 860
598 647
217 266
624 720
877 919
380 400
582 596
3 49
598 643
738 805
199 329
429 474
861 880
121 173
490 578
932 998
4 37
157 224
9 41
777 830
634 736
126 191
202 316
523 548
831 857
17 22
750 778
739 777
659 746
186 238
19 30
696 753
349 358
891 934
603 661
160 225
221 280
400 434
710 744
512 584
976 984
62 83
597 699
1 69
612 680
112 122
840 898
203 311
32 71
409 414
132 170
414 475
152 215
3 37
557 622
566 597
674 761
304 350
220 325
133 182
84 98
91 107
478 546
621 676
746 788
88 112
475 499
484 524
884 934
135 168
38 79
415 481
523 576
150 245
20 31
815 842
649 759
545 576
412 453
799 817
875 949
627 706
550 625
418 483
782 821
69 70
246 337
477 507
346 366
878 901
93 131
767 787
722 750
793 811
410 439
893 957
441 466
614 730
791 824
963 983
899 967
617 635
226 258
262 345
10 35
5 25
892 973
875 941
500 558
612 650
81 116
354 362
87 107
436 461
220 267
210 301
340 366
123 186
78 116
194 235
767 779
126 196
222 276
83 98
468 536
5 54
337 343
615 670
148 157
154 237
456 535
529 559
834 854
344 362
936 998
454 499
186 221
239 326
736 774
612 669
365 375
578 629
180 230
849 892
216 306
230 308
139 187
617 696
150 208
141 176
344 366
432 475
185 200
392 428
9 66
469 544
618 696
522 564
865 966
434 460
342 370
582 614
396 432
483 493
745 793
64 86
624 667
5 41
211 324
481 523
12 29
524 587
150 209
196 217
898 903
453 491
177 214
134 153
73 115
394 414
631 681
627 680
176 241
414 459
802 819
450 509
353 371
613 643
358 382
235 307
800 811
895 956
530 578
888 921
162 247
250 315
933 989
777 813
631 685
212 296
362 391
98 131
186 216
96 135
80 110
613 680
129 153
705 764
408 422
168 235
376 406
378 404
826 842
175 240
218 275
49 74
214 272
557 603
759 786
216 282
882 904
395 430
415 461
683 751
233 319
571 631
221 299
921 998
462 504
369 383
476 500
70 100
202 266
168 249
716 757
411 432
378 409
892 943
6 59
432 454
851 899
864 940
40 74
890 974
613 657
921 992
70 93
872 930
775 820
607 677
635 737
471 509
370 381
355 360
106 138
888 902
780 832
466 526
220 287
174 251
877 913
832 840
238 259
654 736
539 549
624 640
842 896
511 595
539 583
11 56
140 158
99 141
494 564
375 398
695 760
433 456
11 22
187 224
245 281
197 209
549 626
151 204
495 553
124 196
468 494
714 762
177 242
758 796
471 532
471 544
463 493
624 668
636 737
769 774
432 468
879 965
804 833
14 22
816 838
762 790
242 319
761 804
631 705
881 932
772 818
923 994
18 30
346 370
794 817
551 617
549 617
453 537
14 65
40 75
16 33
732 765
132 185
874 901
768 775
515 573
53 86
857 898
525 572
221 313
975 993
625 661
452 536
740 799
863 897
888 969
863 885
561 603
377 398
882 913
894 921
150 204
893 958
186 217
420 444
857 895
570 615
403 418
977 993
317 352
211 330
336 352
568 618
603 688
494 591
895 911
407 443
292 339
933 1000
813 835
835 898
622 730
683 770
504 560
862 869
407 436
583 614
175 206
459 495
114 117
124 170
492 552
86 107
405 415
762 787
613 732
759 790
718 762
945 990
951 994
477 524
515 549
599 721
827 853
101 121
240 286
419 473
140 170
530 591
628 638
63 86
866 957
218 318
683 745
463 515
500 577
159 200
700 767
554 614
849 888
77 112
251 321
831 849
463 513
599 649
353 360
449 493
865 971
491 555
418 471
495 554
417 469
610 648
149 182
4 55
625 712
872 965
96 125
254 326
591 608
235 256
224 270
835 877
16 44
139 191
449 498
599 708
618 685
77 95
149 175
791 808
114 138
600 704
839 874
343 362
48 81
8 39
921 986
587 600
5 51
171 228
868 931
326 348
9 47
457 514
706 740
849 898
84 92
897 976
306 348
678 737
599 690
365 390
899 976
593 611
864 965
619 710
418 482
211 278
897 957
910 998
253 299
7 44
520 590
79 113
228 279
816 859
856 883
749 776
433 450
192 229
797 817
347 364
146 163
738 797
359 377
355 367
196 247
544 552
882 922
821 845
586 618
770 796
458 524
199 265
736 788
188 226
888 941
710 749
237 281
176 204
9 59
456 489
7 28
375 410
514 569
964 989
521 570
411 431
667 760
107 117
555 600
135 186
410 428
242 284
541 550
662 758
240 278
467 530
491 570
232 307
212 295
227 316
72 104
176 252
441 450
872 907
201 320
460 546
580 626
467 547
383 411
373 375
840 875
621 659
698 757
588 628
631 662
826 838
620 671
886 923
543 555
185 223
796 815
884 957
873 933
442 457
124 173
629 712
450 494
552 619
626 656
250 303
140 195
134 171
882 914
35 75
743 771
562 596
759 771
394 437
252 325
573 601
851 881
190 204
62 87
204 295
413 464
621 633
674 759
216 274
49 83
226 277
885 902
869 969
384 395
380 410
3 67
717 742
154 249
870 922
761 790
560 597
507 576
225 259
588 598
139 156
839 871
621 729
472 494
629 674
649 767
345 372
245 303
870 972
629 676
486 536
49 89
871 947
655 766
971 993
284 350
26 91
153 208
87 113
808 844
763 779
483 516
541 558
5 44
120 168
146 175
105 131
813 855
613 727
146 174
814 859
617 675
822 840
104 142
625 719
389 405
137 194
605 717
208 306
152 225
424 452
605 691
402 423
888 977
173 225
143 168
535 584
619 648
45 87
513 559
180 248
54 74
111 147
399 436
565 626
321 343
792 810
182 201
888 976
829 845
470 538
774 813
67 70
682 757
631 717
921 996
625 699
171 244
487 497
206 262
253 270
187 230
761 803
870 959
789 826
271 340
977 996
217 264
661 733
452 521
610 691
225 268
611 666
640 765
600 635
810 851
407 417
575 609
744 776
570 609
624 710
613 656
12 63
37 88
57 91
878 925
245 329
345 358
236 305
29 85
563 614
445 519
608 731
68 70
152 235
120 186
629 699
835 868
879 932
888 945
65 71
865 951
960 993
41 78
965 990
860 892
357 384
111 121
89 94
16 65
618 692
377 405
609 712
596 706
122 177
568 616
18 33
878 932
618 660
515 576
660 761
856 900
217 324
425 472
601 635
864 963
124 169
837 896
431 487
136 196
52 86
352 365
536 573
252 300
293 350
425 473
174 212
888 939
507 582
458 492
719 752
503 549
178 245
907 997
837 893
200 271
395 425
852 879
444 512
806 816
244 295
87 92
367 385
656 749
189 234
902 981
583 600
381 401
791 817
760 803
611 707
837 894
244 272
441 479
176 215
618 674
10 61
212 265
9 39
85 99
433 477
835 889
125 197
466 494
616 717
736 806
228 292
444 503
875 924
783 832
544 553
620 718
484 533
625 690
820 860
630 695
613 655
205 304
891 969
460 547
628 647
16 64
452 533
339 365
531 561
607 667
793 814
84 115
475 524
227 277
140 178
7 31
235 328
783 821
103 130
827 850
616 699
599 676
625 632
13 33
434 479
629 664
598 654
147 161
842 892
206 266
574 602
471 501
779 814
628 721
620 634
490 588
95 130
346 358
891 948
554 613
13 28
224 323
99 147
191 236
948 982
719 741
398 416
507 589
507 588
32 87
941 998
462 501
245 309
870 902
108 142
786 834
610 683
17 54
60 87
117 180
404 436
297 341
10 45
230 332
858 879
620 673
101 117
544 590
75 108
891 962
603 636
509 579
896 957
838 895
274 352
619 695
233 295
530 594
455 512
378 402
93 137
604 718
14 35
357 378
887 923
367 389
873 975
246 280
469 536
871 917
496 553
17 53
520 563
10 39
818 841
113 125
236 255
240 318
410 420
442 466
374 404
384 398
205 335
510 554
444 535
509 551
398 423
140 172
601 730
295 342
885 914
394 424
823 854
793 833
471 513
886 942
245 272
270 354
124 152
131 184
601 676
574 611
230 329
246 301
554 600
135 153
510 550
116 127
14 66
816 858
787 834
240 314
383 405
467 521
108 140
858 867
389 410
227 326
538 582
176 229
887 977
606 706
110 149
619 693
517 589
202 273
168 244
614 633
603 662
575 597
836 887
611 644
33 78
269 345
616 719
98 148
442 453
435 473
722 765
199 297
644 768
629 727
569 617
712 746
81 115
420 477
564 600
107 141
563 605
584 627
423 482
618 640
411 425
746 778
467 517
145 158
14 48
128 175
428 454
658 748
841 873
555 607
495 580
805 814
866 934
170 246
74 107
195 213
450 498
345 360
618 708
502 555
325 351
164 212
682 762
249 275
864 920
8 27
870 958
204 331
375 405
142 192
251 333
388 394
608 640
217 262
844 886
486 521
131 197
611 670
460 532
405 429
514 588
155 202
565 609
840 876
196 251
777 829
67 74
968 980
881 912
701 748
778 833
482 538
395 423
827 859
171 252
791 811
974 988
862 867
411 417
532 574
204 320
476 523
887 910
868 960
222 297
88 110
359 378
582 597
860 878
576 603
671 752
236 268
247 321
617 660
392 420
398 417
941 987
903 981
534 571
239 307
343 366
547 566
94 141
798 811
600 650
611 640
520 586
854 870
47 91
130 168
190 238
415 447
882 915
207 286
882 972
719 747
274 348
616 683
240 279
518 568
520 593
487 495
143 198
494 587
622 651
391 392
441 453
613 718
18 32
604 652
441 473
417 448
782 820
349 371
960 992
744 783
629 641
396 440
875 910
515 586
83 103
252 260
44 73
900 904
838 890
239 279
506 550
156 203
144 198
370 382
521 590
155 228
863 898
60 79
71 111
825 837
383 404
250 279
809 855
223 300
162 217
223 323
369 380
16 25
585 615
841 882
758 804
434 452
30 82
891 968
359 385
275 347
968 987
861 864
113 121
602 654
131 154
478 529
762 795
830 857
588 615
494 566
187 215
448 518
927 997
241 260
808 855
225 263
876 968
606 717
451 523
102 141
643 762
107 139
608 717
182 207
672 737
455 538
230 291
600 703
779 819
606 650
374 410
617 701
214 298
614 655
67 79
616 726
602 665
464 503
613 637
449 523
443 457
886 953
534 551
75 113
132 191
560 598
605 709
474 503
17 50
302 342
760 781
890 912
133 193
233 329
233 332
292 338
252 288
864 955
461 501
578 618
117 158
607 670
101 127
198 248
253 259
147 182
895 931
174 244
121 167
261 353
651 745
758 788
894 963
377 392
399 440
919 1000
615 685
219 274
230 296
552 631
196 250
704 765
46 81
213 300
477 540
364 391
454 537
218 319
649 768
233 326
5 62
568 598
882 971
245 262
848 900
179 232
399 422
605 684
885 936
895 949
161 226
610 727
801 825
832 848
104 122
886 931
617 653
744 798
220 321
959 988
136 197
623 640
600 673
912 993
877 963
109 145
2 44
406 441
908 999
764 806
489 569
811 843
6 40
102 148
755 780
142 194
920 992
182 209
14 58
435 482
623 635
565 616
575 611
443 487
8 31
123 197
601 655
443 481
568 613
873 967
14 47
501 593
493 565
215 310
162 212
560 619
141 183
226 324
125 152
570 602
600 646
128 168
766 792
4 57
812 839
483 510
243 297
750 795
425 476
436 457
835 894
219 319
184 252
16 41
147 194
83 111
8 28
149 151
190 225
205 286
432 464
436 455
433 454
244 283
205 334
209 329
161 200
484 496
517 593
113 119
496 549
840 892
123 198
185 241
610 657
98 136
422 469
835 888
115 129
557 617
324 348
813 854
403 425
395 421
591 612
739 795
482 520
561 625
612 701
825 858
79 110
529 591
181 242
624 708
609 729
572 624
439 482
18 35
154 208
574 619
441 480
896 947
839 878
201 286
443 444
250 310
325 346
872 962
338 360
1 39
21 47
200 317
117 151
886 924
405 433
759 792
93 117
628 718
873 903
541 548
379 410
156 254
602 644
623 724
751 781
396 413
766 790
877 939
559 615
671 758
214 267
873 971
465 510
678 734
161 207
8 33
683 752
264 344
13 48
455 508
476 532
643 765
530 559
464 519
750 807
601 696
614 728
569 613
117 171
567 629
14 23
5 23
789 829
733 791
779 824
135 189
16 46
407 418
795 810
612 645
199 321
919 978
339 359
268 349
109 138
757 791
903 983
397 418
877 904
70 97
739 783
868 971
391 402
617 641
698 756
123 154
114 134
230 304
118 183
586 617
873 917
733 805
7 62
465 526
873 939
508 553
627 677
360 380
14 34
159 242
45 90
580 601
229 329
219 328
387 395
503 593
847 870
70 104
456 512
485 534
230 307
63 71
872 927
857 866
501 577
547 567
136 164
558 622
101 119
630 727
104 137
257 339
574 625
230 312
151 252
4 47
602 710
770 790
56 87
21 51
359 382
610 639
586 599
143 157
104 123
100 142
217 293
777 815
404 440
271 347
872 933
196 228
470 494
817 859
895 916
417 459
870 932
252 269
224 266
198 218
396 429
629 634
225 269
4 46
614 639
897 923
233 268
225 313
865 926
503 555
489 578
761 800
158 206
9 67
205 275
75 109
612 706
442 471
601 659
356 372
158 245
509 566
92 137
798 818
439 465
807 814
9 64
433 458
216 296
219 310
745 796
74 99
882 906
197 216
685 751
151 211
890 908
857 894
206 294
455 514
310 352
345 361
807 831
642 759
826 853
628 711
875 928
419 448
573 622
404 426
726 736
165 240
18 68
311 349
573 611
610 647
861 879
246 273
894 915
428 447
794 829
466 498
147 169
319 342
394 436
887 975
647 746
359 391
19 22
852 868
473 528
146 172
390 392
742 798
240 295
610 720
655 760
93 126
417 450
929 989
618 647
74 105
234 284
637 745
21 39
617 684
240 256
631 729
756 779
932 997
252 265
843 864
362 375
816 853
717 769
439 454
811 851
134 184
203 288
6 53
457 502
419 485
487 499
456 492
891 953
445 521
481 534
597 710
460 527
614 727
977 986
35 76
790 822
97 122
518 582
967 996
948 983
263 351
858 899
146 167
894 960
740 775
864 977
606 651
767 791
704 754
901 997
155 222
474 509
367 379
872 929
238 280
284 338
412 448
111 128
618 712
625 666
184 250
812 842
888 946
123 176
463 499
620 633
425 471
889 931
594 598
816 847
381 395
7 69
597 632
736 785
844 875
596 657
17 61
960 989
631 635
615 725
375 400
869 925
528 583
631 653
849 895
468 503
733 780
614 674
131 174
498 589
609 693
655 759
841 891
925 994
686 756
873 915
166 241
206 303
539 577
475 537
499 573
361 382
136 155
880 941
604 698
308 352
610 711
596 676
181 199
169 200
496 557
351 372
564 624
624 721
192 206
536 550
131 191
572 603
227 313
187 216
577 619
630 653
297 339
84 103
608 727
626 640
12 69
395 422
814 847
438 455
85 98
106 146
338 359
191 239
251 283
21 56
386 398
247 328
464 491
856 897
356 362
820 842
589 599
805 826
610 666
122 164
744 778
867 935
853 866
344 358
606 652
818 840
553 619
686 738
557 631
106 131
483 500
352 364
806 834
503 587
182 227
897 960
809 839
613 672
812 846
382 407
562 606
250 267
653 750
94 121
470 502
151 222
436 480
455 547
77 102
205 318
79 111
628 644
19 67
17 31
227 291
883 936
228 333
138 194
110 127
872 970
87 102
14 56
63 76
494 570
642 742
117 155
378 406
611 665
463 539
220 261
894 917
391 406
164 200
867 960
273 341
558 627
78 111
121 174
248 313
747 796
737 803
863 899
762 802
604 659
877 918
470 543
873 943
135 165
159 209
867 922
447 518
196 220
460 533
264 348
145 192
870 969
736 783
399 421
144 182
478 510
524 559
396 437
835 870
864 908
463 509
382 409
488 533
466 500
600 659
227 278
483 523
650 742
893 954
395 441
747 803
130 179
540 564
347 371
457 532
18 55
399 412
897 901
575 619
113 142
872 916
846 892
20 48
894 955
85 114
961 980
817 854
616 653
339 372
474 535
939 998
255 349
86 116
161 227
216 328
9 25
167 216
204 319
151 215
964 996
360 379
10 54
325 341
378 393
798 832
549 599
43 73
742 773
103 122
835 866
424 475
822 852
142 193
186 201
788 822
188 206
484 490
603 691
238 309
626 694
642 735
554 597
373 374
186 240
205 311
146 164
195 206
12 65
317 345
900 950
452 544
351 358
560 630
143 190
18 41
209 335
823 852
232 314
382 404
886 945
17 65
828 856
526 568
606 689
833 861
878 921
613 639
569 610
392 417
624 694
47 82
496 554
922 983
739 786
466 521
611 683
454 496
469 511
519 562
182 210
502 582
520 554
422 477
124 154
596 656
241 280
458 538
105 145
247 323
895 963
120 161
892 905
549 611
865 929
108 145
628 640
516 589
823 861
88 94
853 867
813 843
458 519
746 799
138 190
753 782
210 318
378 392
533 566
761 773
119 162
721 754
24 89
161 252
103 148
663 747
605 692
894 929
427 471
193 243
161 218
6 36
92 121
115 137
424 463
165 219
743 805
234 273
656 764
272 340
11 57
226 256
673 751
595 608
381 397
244 305
77 116
340 364
479 497
417 484
827 838
144 161
832 852
801 831
17 69
247 331
170 237
223 290
579 612
615 677
674 755
190 249
242 330
447 519
470 508
820 849
410 412
233 307
878 922
890 933
749 806
205 294
624 726
387 402
65 75
552 618
608 670
418 459
628 645
203 313
454 521
101 137
613 690
230 272
626 718
444 500
130 185
843 895
847 874
351 366
2 56
179 234
169 220
893 901
314 341
622 660
565 631
820 862
628 635
886 916
23 71
685 743
4 58
757 801
381 394
841 897
56 85
540 561
154 202
874 974
452 530
825 855
464 506
627 690
440 450
160 228
362 387
104 147
113 124
449 538
122 165
900 958
615 692
177 206
920 979
185 202
392 437
51 77
960 999
133 190
624 652
882 937
747 774
405 426
61 86
214 302
897 944
181 211
737 771
218 321
393 426
191 225
6 48
509 580
364 390
871 963
739 796
352 358
765 796
426 459
300 340
437 464
125 191
475 494
380 393
899 925
624 649
120 194
251 279
595 622
69 78
606 678
838 891
299 352
233 311
253 308
753 794
109 127
229 263
339 363
486 523
556 622
918 998
971 995
106 148
68 90
223 335
370 377
624 704
909 990
599 654
483 494
533 584
729 762
79 103
624 671
609 637
792 827
356 369
238 337
181 205
832 841
201 304
89 98
839 872
442 476
383 407
135 190
399 430
458 515
426 466
510 564
615 636
501 591
441 449
497 555
625 658
607 716
607 635
468 514
403 443
197 253
876 934
601 651
563 606
60 81
830 838
838 881
628 677
442 481
528 557
19 42
645 768
620 649
888 947
357 382
595 603
119 157
765 780
729 737
690 765
232 304
534 588
439 470
610 649
109 128
530 595
121 164
642 734
746 806
615 724
381 407
503 554
657 759
545 578
486 540
430 488
242 313
65 82
870 964
685 754
151 219
50 80
405 431
722 761
508 563
751 780
190 208
304 345
621 698
62 78
351 368
770 786
888 933
183 204
7 33
4 63
406 421
390 411
486 502
464 518
187 238
412 478
154 210
829 860
113 132
532 553
801 827
739 793
461 527
815 855
139 164
861 871
847 881
358 383
104 148
825 857
612 646
395 436
5 67
102 135
608 695
896 940
356 365
219 272
154 213
853 893
621 654
90 104
484 540
15 29
688 749
187 233
890 918
235 278
500 592
99 138
600 634
477 541
193 226
49 91
562 620
592 597
31 72
478 527
604 672
708 765
575 602
250 316
791 830
484 489
557 600
853 885
853 884
864 910
65 86
886 921
866 924
513 582
201 323
89 96
119 179
237 261
119 159
900 947
100 127
362 374
128 176
433 462
679 767
340 365
623 644
786 831
380 404
440 444
79 93
146 161
171 235
451 489
85 95
128 174
210 285
427 466
702 765
150 234
849 882
21 59
830 835
764 805
238 272
37 89
338 366
444 523
4 48
884 939
628 634
124 190
975 983
803 814
424 455
307 339
643 764
466 490
604 715
637 757
171 201
850 881
442 452
576 622
404 441
541 573
822 858
643 744
616 645
816 860
245 332
206 274
128 150
857 882
191 218
16 63
100 117
869 914
804 808
624 679
924 998
651 756
648 745
133 175
877 938
609 644
18 58
75 112
631 663
471 522
845 890
677 733
869 927
177 228
770 803
209 324
386 393
129 166
872 915
409 419
68 80
416 479
487 512
820 857
14 50
597 675
396 415
196 225
449 543
16 52
847 897
427 487
841 879
220 282
531 593
345 357
396 436
473 516
417 477
866 946
71 112
98 149
471 519
627 636
94 129
107 120
816 839
622 658
840 880
481 505
596 709
491 559
404 422
463 524
486 524
383 398
1 33
116 120
686 734
408 419
618 731
891 902
607 685
515 568
540 557
575 625
458 505
460 538
362 389
805 825
237 311
867 945
804 816
211 272
63 77
435 451
430 457
184 219
832 863
205 260
107 122
539 573
182 205
597 708
113 134
427 481
207 280
451 527
227 293
856 874
429 445
895 922
527 593
600 649
884 936
141 187
308 354
162 241
629 656
12 47
515 551
77 99
128 192
420 482
438 446
656 765
90 113
438 450
800 817
96 130
617 708
79 96
815 861
530 590
46 87
619 697
739 803
620 701
852 874
597 702
736 775
595 599
112 141
507 556
205 289
465 521
350 371
837 891
473 503
228 306
621 641
608 673
867 967
344 370
481 532
810 855
893 930
51 82
360 384
914 990
414 457
651 755
610 719
379 409
127 179
628 698
55 70
130 170
46 77
143 194
135 163
360 378
611 715
925 991
584 606
601 690
925 999
868 908
613 701
524 560
476 508
15 22
392 433
122 180
540 578
604 661
820 852
518 566
440 469
401 428
776 822
869 941
126 156
226 257
147 168
872 944
817 838
360 382
145 180
686 762
821 842
88 98
282 356
151 221
326 349
840 883
537 575
140 171
877 965
597 697
740 794
730 742
652 765
29 81
556 606
824 853
521 577
741 773
881 970
857 886
109 124
297 343
863 865
215 337
629 696
838 898
621 699
490 586
433 486
243 281
742 807
39 70
507 552
848 883
385 408
438 444
597 731
848 872
926 994
749 771
102 126
166 220
411 430
408 431
472 543
239 270
180 233
132 154
86 94
473 502
523 588
125 178
621 726
67 76
899 938
900 914
664 762
81 92
418 479
773 823
615 682
120 155
342 359
166 205
346 360
747 791
478 533
511 580
603 647
148 191
822 843
91 114
914 996
20 52
107 148
444 531
577 625
644 756
802 833
718 769
204 322
431 468
451 522
627 726
515 570
528 563
479 499
847 871
615 654
801 813
546 559
474 539
310 351
494 590
562 630
486 500
698 751
561 626
423 486
120 151
874 927
461 517
475 523
597 701
189 215
824 847
209 305
102 128
562 616
516 583
506 595
547 584
594 597
377 409
600 655
638 739
525 550
206 330
13 60
232 290
88 93
154 225
314 350
602 712
6 52
275 354
896 922
496 564
644 769
159 235
87 111
509 554
350 357
649 738
513 556
227 290
424 474
93 129
223 289
103 134
212 321
688 767
164 204
107 131
172 220
742 791
225 328
591 611
541 570
211 317
415 449
339 370
602 729
121 188
240 311
143 171
479 502
375 411
154 212
847 898
116 124
702 756
486 530
248 282
450 547
745 786
195 205
458 497
608 639
812 854
614 649
759 775
7 47
103 149
336 355
15 62
393 433
307 349
433 472
615 732
12 57
612 670
429 465
784 828
230 264
142 153
841 871
965 999
132 183
120 180
417 447
182 251
890 917
768 797
123 177
10 69
116 132
592 602
879 970
267 351
3 46
221 291
17 35
445 498
205 271
213 270
3 34
477 537
903 999
421 448
1 38
4 45
218 288
190 205
607 720
231 336
117 163
25 88
608 696
224 264
400 440
65 76
143 188
359 374
811 847
451 495
489 562
620 672
194 215
408 426
145 161
144 165
204 324
80 96
764 782
485 518
622 654
607 671
697 768
143 151
766 791
526 581
498 570
120 165
72 116
99 125
202 333
875 935
471 497
439 451
373 383
660 737
527 572
118 192
866 936
951 995
1 43
599 672
644 733
374 401
114 143
822 855
396 417
16 58
436 446
134 190
17 55
756 774
444 524
208 336
631 671
624 632
8 64
423 470
251 270
170 225
415 444
17 62
508 556
70 116
714 733
17 29
484 512
236 280
17 28
499 576
542 592
680 769
945 999
50 87
581 617
606 722
590 605
608 636
881 906
374 397
826 835
411 414
399 429
878 939
612 719
209 314
835 874
250 269
408 413
199 315
617 634
366 390
761 802
13 63
475 507
533 569
234 278
250 318
665 738
652 761
179 210
604 688
949 998
487 526
191 251
294 340
239 269
112 149
194 220
586 631
612 672
367 374
585 597
115 127
51 88
951 983
775 832
605 714
374 403
95 127
411 412
613 661
596 661
448 507
628 657
223 334
484 508
82 113
534 577
781 823
176 210
452 508
156 236
464 541
609 721
443 474
421 459
179 244
883 973
735 783
879 905
790 824
516 593
893 922
603 717
778 816
81 96
143 195
437 480
88 111
473 539
516 569
99 129
292 341
262 352
223 308
607 726
845 897
839 870
282 341
890 928
338 372
70 115
249 255
180 237
455 544
615 672
39 80
182 239
380 406
261 356
557 618
235 315
532 550
18 53
9 28
892 923
223 315
286 344
814 844
837 887
312 341
461 504
222 278
827 854
599 700
153 218
610 681
684 745
177 244
603 646
101 135
126 168
117 161
474 507
393 429
600 718
770 789
858 869
102 146
353 362
828 840
482 528
767 772
241 274
857 869
119 178
370 386
427 451
474 546
207 337
969 982
456 513
624 696
211 312
838 894
201 260
116 129
21 42
603 672
76 93
890 947
407 416
830 848
516 553
573 629
19 48
622 701
124 164
828 848
234 263
889 942
203 317
631 723
564 628
183 226
602 645
231 259
98 133
53 71
86 111
502 548
570 626
32 76
557 630
767 803
480 500
563 619
860 899
164 234
558 624
880 971
463 511
770 771
7 24
548 617
576 597
670 764
843 886
72 106
5 34
430 456
881 977
421 458
625 707
604 724
597 686
367 388
623 698
768 772
28 88
15 57
554 607
821 839
5 57
357 386
881 966
478 498
183 206
974 978
377 410
10 30
83 107
224 285
121 159
237 322
891 945
629 653
604 695
607 669
628 715
541 584
140 167
248 320
608 669
614 670
27 87
46 82
900 942
828 852
463 544
239 275
886 961
350 372
804 818
681 764
481 527
837 878
629 652
475 514
754 802
313 343
26 75
