1000 2000 50
11 21 21 21 21 21 21 21 21 21 21 21 21 21 21 21 21 21 21 21 20 20 20 20 20 20 20 20 20 20 20 20 20 20 20 20 20 20 20 20 20 20 20 20 20 20 20 20 20 10 
1 12
12 33
33 54
54 75
75 96
96 117
117 138
138 159
159 180
180 201
201 222
222 243
243 264
264 285
285 306
306 327
327 348
348 369
369 390
390 411
411 431
431 451
451 471
471 491
491 511
511 531
531 551
551 571
571 591
591 611
611 631
631 651
651 671
671 691
691 711
711 731
731 751
751 771
771 791
791 811
811 831
831 851
851 871
871 891
891 911
911 931
931 951
951 971
971 991
972 991
952 972
932 952
912 932
892 912
872 892
852 872
832 852
812 832
792 812
772 792
752 772
732 752
712 732
692 712
672 692
652 672
632 652
612 632
592 612
572 592
552 572
532 552
512 532
492 512
472 492
452 472
432 452
412 432
391 412
370 391
349 370
328 349
307 328
286 307
265 286
244 265
223 244
202 223
181 202
160 181
139 160
118 139
97 118
76 97
55 76
34 55
13 34
2 13
2 14
14 35
35 56
56 77
77 98
98 119
119 140
140 161
161 182
182 203
203 224
224 245
245 266
266 287
287 308
308 329
329 350
350 371
371 392
392 413
413 433
433 453
453 473
473 493
493 513
513 533
533 553
553 573
573 593
593 613
613 633
633 653
653 673
673 693
693 713
713 733
733 753
753 773
773 793
793 813
813 833
833 853
853 873
873 893
893 913
913 933
933 953
953 973
973 992
974 992
954 974
934 954
914 934
894 914
874 894
854 874
834 854
814 834
794 814
774 794
754 774
734 754
714 734
694 714
674 694
654 674
634 654
614 634
594 614
574 594
554 574
534 554
514 534
494 514
474 494
454 474
434 454
414 434
393 414
372 393
351 372
330 351
309 330
288 309
267 288
246 267
225 246
204 225
183 204
162 183
141 162
120 141
99 120
78 99
57 78
36 57
15 36
3 15
3 16
16 37
37 58
58 79
79 100
100 121
121 142
142 163
163 184
184 205
205 226
226 247
247 268
268 289
289 310
310 331
331 352
352 373
373 394
394 415
415 435
435 455
455 475
475 495
495 515
515 535
535 555
555 575
575 595
595 615
615 635
635 655
655 675
675 695
695 715
715 735
735 755
755 775
775 795
795 815
815 835
835 855
855 875
875 895
895 915
915 935
935 955
955 975
975 993
976 993
956 976
936 956
916 936
896 916
876 896
856 876
836 856
816 836
796 816
776 796
756 776
736 756
716 736
696 716
676 696
656 676
636 656
616 636
596 616
576 596
556 576
536 556
516 536
496 516
476 496
456 476
436 456
416 436
395 416
374 395
353 374
332 353
311 332
290 311
269 290
248 269
227 248
206 227
185 206
164 185
143 164
122 143
101 122
80 101
59 80
38 59
17 38
4 17
4 18
18 39
39 60
60 81
81 102
102 123
123 144
144 165
165 186
186 207
207 228
228 249
249 270
270 291
291 312
312 333
333 354
354 375
375 396
396 417
417 437
437 457
457 477
477 497
497 517
517 537
537 557
557 577
577 597
597 617
617 637
637 657
657 677
677 697
697 717
717 737
737 757
757 777
777 797
797 817
817 837
837 857
857 877
877 897
897 917
917 937
937 957
957 977
977 994
978 994
958 978
938 958
918 938
898 918
878 898
858 878
838 858
818 838
798 818
778 798
758 778
738 758
718 738
698 718
678 698
658 678
638 658
618 638
598 618
578 598
558 578
538 558
518 538
498 518
478 498
458 478
438 458
418 438
397 418
376 397
355 376
334 355
313 334
292 313
271 292
250 271
229 250
208 229
187 208
166 187
145 166
124 145
103 124
82 103
61 82
40 61
19 40
5 19
5 20
20 41
41 62
62 83
83 104
104 125
125 146
146 167
167 188
188 209
209 230
230 251
251 272
272 293
293 314
314 335
335 356
356 377
377 398
398 419
419 439
439 459
459 479
479 499
499 519
519 539
539 559
559 579
579 599
599 619
619 639
639 659
659 679
679 699
699 719
719 739
739 759
759 779
779 799
799 819
819 839
839 859
859 879
879 899
899 919
919 939
939 959
959 979
979 995
980 995
960 980
940 960
920 940
900 920
880 900
860 880
840 860
820 840
800 820
780 800
760 780
740 760
720 740
700 720
680 700
660 680
640 660
620 640
600 620
580 600
560 580
540 560
520 540
500 520
480 500
460 480
440 460
420 440
399 420
378 399
357 378
336 357
315 336
294 315
273 294
252 273
231 252
210 231
189 210
168 189
147 168
126 147
105 126
84 105
63 84
42 63
21 42
6 21
6 22
22 43
43 64
64 85
85 106
106 127
127 148
148 169
169 190
190 211
211 232
232 253
253 274
274 295
295 316
316 337
337 358
358 379
379 400
400 421
421 441
441 461
461 481
481 501
501 521
521 541
541 561
561 581
581 601
601 621
621 641
641 661
661 681
681 701
701 721
721 741
741 761
761 781
781 801
801 821
821 841
841 861
861 881
881 901
901 921
921 941
941 961
961 981
981 996
982 996
962 982
942 962
922 942
902 922
882 902
862 882
842 862
822 842
802 822
782 802
762 782
742 762
722 742
702 722
682 702
662 682
642 662
622 642
602 622
582 602
562 582
542 562
522 542
502 522
482 502
462 482
442 462
422 442
401 422
380 401
359 380
338 359
317 338
296 317
275 296
254 275
233 254
212 233
191 212
170 191
149 170
128 149
107 128
86 107
65 86
44 65
23 44
7 23
7 24
24 45
45 66
66 87
87 108
108 129
129 150
150 171
171 192
192 213
213 234
234 255
255 276
276 297
297 318
318 339
339 360
360 381
381 402
402 423
423 443
443 463
463 483
483 503
503 523
523 543
543 563
563 583
583 603
603 623
623 643
643 663
663 683
683 703
703 723
723 743
743 763
763 783
783 803
803 823
823 843
843 863
863 883
883 903
903 923
923 943
943 963
963 983
983 997
984 997
964 984
944 964
924 944
904 924
884 904
864 884
844 864
824 844
804 824
784 804
764 784
744 764
724 744
704 724
684 704
664 684
644 664
624 644
604 624
584 604
564 584
544 564
524 544
504 524
484 504
464 484
444 464
424 444
403 424
382 403
361 382
340 361
319 340
298 319
277 298
256 277
235 256
214 235
193 214
172 193
151 172
130 151
109 130
88 109
67 88
46 67
25 46
8 25
8 26
26 47
47 68
68 89
89 110
110 131
131 152
152 173
173 194
194 215
215 236
236 257
257 278
278 299
299 320
320 341
341 362
362 383
383 404
404 425
425 445
445 465
465 485
485 505
505 525
525 545
545 565
565 585
585 605
605 625
625 645
645 665
665 685
685 705
705 725
725 745
745 765
765 785
785 805
805 825
825 845
845 865
865 885
885 905
905 925
925 945
945 965
965 985
985 998
986 998
966 986
946 966
926 946
906 926
886 906
866 886
846 866
826 846
806 826
786 806
766 786
746 766
726 746
706 726
686 706
666 686
646 666
626 646
606 626
586 606
566 586
546 566
526 546
506 526
486 506
466 486
446 466
426 446
405 426
384 405
363 384
342 363
321 342
300 321
279 300
258 279
237 258
216 237
195 216
174 195
153 174
132 153
111 132
90 111
69 90
48 69
27 48
9 27
9 28
28 49
49 70
70 91
91 112
112 133
133 154
154 175
175 196
196 217
217 238
238 259
259 280
280 301
301 322
322 343
343 364
364 385
385 406
406 427
427 447
447 467
467 487
487 507
507 527
527 547
547 567
567 587
587 607
607 627
627 647
647 667
667 687
687 707
707 727
727 747
747 767
767 787
787 807
807 827
827 847
847 867
867 887
887 907
907 927
927 947
947 967
967 987
987 999
988 999
968 988
948 968
928 948
908 928
888 908
868 888
848 868
828 848
808 828
788 808
768 788
748 768
728 748
708 728
688 708
668 688
648 668
628 648
608 628
588 608
568 588
548 568
528 548
508 528
488 508
468 488
448 468
428 448
407 428
386 407
365 386
344 365
323 344
302 323
281 302
260 281
239 260
218 239
197 218
176 197
155 176
134 155
113 134
92 113
71 92
50 71
29 50
10 29
10 30
30 51
51 72
72 93
93 114
114 135
135 156
156 177
177 198
198 219
219 240
240 261
261 282
282 303
303 324
324 345
345 366
366 387
387 408
408 429
429 449
449 469
469 489
489 509
509 529
529 549
549 569
569 589
589 609
609 629
629 649
649 669
669 689
689 709
709 729
729 749
749 769
769 789
789 809
809 829
829 849
849 869
869 889
889 909
909 929
929 949
949 969
969 989
989 1000
990 1000
970 990
950 970
930 950
910 930
890 910
870 890
850 870
830 850
810 830
790 810
770 790
750 770
730 750
710 730
690 710
670 690
650 670
630 650
610 630
590 610
570 590
550 570
530 550
510 530
490 510
470 490
450 470
430 450
409 430
388 409
367 388
346 367
325 346
304 325
283 304
262 283
241 262
220 241
199 220
178 199
157 178
136 157
115 136
94 115
73 94
52 73
31 52
11 31
11 32
32 53
53 74
74 95
95 116
116 137
137 158
158 179
179 200
200 221
221 242
242 263
263 284
284 305
305 326
326 347
347 368
368 389
389 410
830 842
945 966
6 12
203 238
259 282
951 988
762 773
912 947
888 906
279 297
154 160
562 575
488 496
494 526
709 716
57 76
96 119
431 470
876 910
733 761
546 561
255 277
461 490
2 25
701 730
359 388
534 556
709 730
415 442
73 82
724 742
788 806
623 632
576 601
935 964
184 206
305 312
506 528
259 284
746 756
747 765
739 762
781 796
566 575
123 147
835 868
205 242
134 152
262 268
899 918
195 203
989 992
576 595
380 405
713 734
57 92
416 449
870 876
217 232
382 402
621 631
292 311
611 638
90 101
828 831
111 131
589 594
49 57
836 868
232 249
808 830
175 190
229 256
905 928
379 409
68 86
31 39
796 819
116 117
829 837
275 285
820 833
736 761
770 778
168 188
173 189
721 731
748 752
140 177
9 24
8 18
512 533
702 728
804 818
402 424
212 237
282 297
128 150
887 906
393 412
645 659
200 219
274 287
125 147
243 277
461 472
759 773
8 31
507 523
882 904
894 926
939 956
233 252
388 390
548 562
846 852
106 131
694 725
942 961
407 423
240 246
655 684
737 756
98 123
482 496
420 449
950 959
528 540
352 382
409 428
117 152
357 374
560 571
537 562
876 905
202 241
381 401
760 778
204 231
665 676
36 64
258 265
564 577
935 953
801 817
714 740
914 949
352 375
171 188
554 585
61 80
470 475
644 656
356 370
5 16
873 907
614 649
229 258
659 688
782 798
447 466
3 32
362 389
200 212
797 814
898 912
637 655
286 322
416 434
224 253
446 456
29 49
331 355
428 435
719 734
972 998
616 646
136 138
734 769
743 764
689 695
61 88
538 553
525 546
397 420
508 517
326 327
599 629
612 638
401 411
765 773
745 758
33 64
490 500
109 136
541 570
227 261
911 937
139 165
702 716
704 720
322 329
931 958
490 492
208 232
371 405
260 268
388 410
379 405
636 670
196 204
556 577
184 217
80 100
11 12
156 161
763 771
864 880
732 765
959 989
910 922
548 552
225 256
710 721
358 382
265 303
709 719
672 704
226 252
370 399
680 701
694 724
210 229
568 571
649 666
374 404
147 175
631 669
304 314
425 437
234 250
842 852
490 494
868 871
485 507
473 503
931 953
377 410
607 630
287 324
157 176
911 941
726 749
156 165
625 633
716 742
987 993
471 499
536 553
828 837
338 363
857 885
850 859
714 732
405 412
209 225
926 940
477 494
43 69
857 888
426 431
387 403
186 210
810 815
956 981
535 558
811 844
129 138
447 468
576 608
328 359
247 278
881 908
890 905
940 953
709 718
204 233
574 602
311 340
287 311
530 531
763 777
106 126
738 764
771 799
261 266
27 45
199 210
748 770
561 585
774 799
27 34
838 870
844 862
255 280
131 141
81 111
512 534
162 189
281 296
965 986
730 734
957 975
758 779
253 281
691 725
457 474
228 259
227 256
624 640
197 201
13 44
899 930
87 116
12 43
675 709
623 646
109 128
171 198
443 459
341 367
700 715
570 589
415 437
33 61
172 182
513 534
58 83
439 469
663 675
966 975
31 46
225 260
827 843
976 996
138 167
841 859
202 232
242 261
128 155
64 81
691 716
498 511
652 677
248 282
742 760
960 975
335 361
490 499
75 98
155 171
741 759
573 607
658 673
213 232
962 977
143 179
167 199
371 409
364 389
214 226
269 299
801 830
719 749
424 431
301 306
102 134
371 410
821 845
711 746
30 42
899 925
873 891
849 862
878 902
567 582
98 122
908 923
236 243
501 527
819 849
562 587
723 747
326 329
161 189
331 360
278 302
550 561
864 872
322 344
496 526
421 436
613 640
201 237
831 855
122 152
179 187
859 876
430 431
245 273
881 900
174 184
208 233
250 276
81 103
493 523
925 933
578 606
766 777
187 201
341 365
651 684
29 51
660 673
131 142
349 373
870 884
397 426
399 414
434 462
362 387
555 589
157 172
735 769
893 921
731 753
950 963
206 242
607 620
361 372
469 490
825 849
70 89
10 26
958 985
568 574
509 514
722 749
54 76
202 228
205 236
241 255
189 214
695 719
768 777
879 893
544 567
789 792
957 980
893 919
899 913
724 734
946 952
448 455
926 948
34 60
654 688
728 750
948 956
270 285
907 929
540 551
740 757
634 659
324 341
955 988
721 748
861 889
34 63
747 759
394 422
776 798
237 253
832 853
234 259
551 590
749 754
206 230
142 177
449 466
696 712
157 166
766 779
318 331
809 812
441 469
879 896
842 854
178 190
316 344
172 185
223 254
475 500
780 797
702 730
729 743
684 700
877 893
638 668
831 860
497 522
680 696
776 807
950 961
706 730
807 815
248 278
686 708
921 937
719 732
575 605
756 786
865 876
397 424
932 954
84 113
209 222
246 270
765 776
763 775
436 463
521 531
394 430
317 344
173 191
750 754
739 767
709 713
567 572
63 83
775 797
950 968
656 688
139 163
394 423
112 129
167 198
267 294
653 679
536 562
665 681
924 942
471 493
7 18
376 410
392 418
649 659
546 555
786 793
432 459
818 833
258 283
793 825
959 972
357 371
581 602
801 822
778 793
432 458
776 806
105 134
327 368
4 27
466 488
937 960
204 222
81 112
300 310
638 662
283 298
242 248
783 791
451 477
727 732
165 195
757 778
525 531
50 58
414 441
172 184
730 731
694 719
330 356
752 780
265 290
145 172
605 627
232 247
225 257
617 650
903 920
699 729
316 339
766 788
963 987
445 470
149 162
491 530
684 694
547 570
855 888
770 784
352 388
782 797
490 502
698 723
160 182
762 771
197 212
245 275
646 667
97 123
873 910
552 586
131 154
422 447
930 938
2 21
596 611
536 567
359 383
286 324
32 35
315 329
761 774
393 422
419 447
804 820
59 88
796 817
843 854
227 262
468 483
845 861
353 373
540 557
234 246
403 427
74 93
414 431
74 87
574 591
766 780
412 437
57 82
671 695
428 436
595 616
588 605
167 197
106 119
50 66
404 416
642 670
541 567
1 23
862 881
449 454
10 27
827 845
60 95
648 652
153 159
551 582
947 968
135 144
76 102
212 225
97 127
173 186
625 637
807 823
23 41
620 643
363 373
914 931
386 410
115 119
782 809
211 223
897 915
176 184
685 704
799 814
935 970
283 286
674 702
614 642
42 67
820 831
410 424
721 744
982 994
421 439
966 973
562 574
26 49
548 566
185 210
340 360
981 991
781 806
671 698
208 237
383 400
922 933
519 542
867 879
472 496
40 74
237 252
480 508
258 273
446 464
280 297
747 758
172 195
841 865
801 812
844 860
744 767
476 501
657 675
54 90
82 106
803 811
239 246
89 114
541 566
174 185
121 157
774 798
692 719
124 153
59 93
139 179
879 894
282 293
299 313
989 995
284 293
158 167
856 880
494 529
836 867
426 441
8 29
300 326
241 244
155 164
852 871
171 186
131 139
849 861
697 714
359 371
146 177
440 462
248 268
721 738
96 118
889 905
468 472
63 95
190 215
442 467
633 664
232 260
120 158
614 639
756 780
75 104
296 322
954 971
177 184
292 320
927 938
968 979
503 517
142 161
220 224
325 338
807 822
788 802
4 16
60 91
19 49
106 124
764 781
862 879
22 45
154 162
585 602
791 820
893 926
450 469
656 686
888 910
193 211
860 871
23 37
382 406
248 277
624 639
376 395
895 919
471 496
700 725
649 664
756 784
427 449
214 231
749 751
174 189
305 306
167 187
761 772
788 798
621 635
468 473
11 22
864 877
622 646
82 99
92 104
591 630
682 708
33 57
839 870
89 96
849 870
212 232
883 909
654 672
630 642
791 816
297 317
706 719
612 644
10 28
92 97
35 61
60 79
437 462
158 172
383 397
73 79
436 466
650 669
872 899
241 258
690 701
53 73
18 38
777 793
18 35
193 205
487 508
858 880
452 480
363 378
513 549
835 859
654 684
436 457
677 695
741 757
16 46
17 53
77 102
937 967
529 537
427 442
297 325
95 111
223 256
532 564
783 807
417 443
54 81
742 764
218 233
439 464
927 931
410 425
714 742
690 698
720 743
842 857
18 50
269 287
212 222
812 842
646 669
846 861
432 467
389 394
259 281
402 421
159 191
141 165
19 36
114 132
553 585
322 328
369 394
554 583
60 83
401 427
179 192
559 575
555 590
118 155
835 861
199 207
95 114
632 670
91 101
374 397
987 996
291 317
193 218
588 609
966 976
559 585
909 917
592 617
482 494
167 180
114 131
499 515
691 729
265 294
479 492
264 292
982 993
737 752
256 266
382 408
119 151
415 446
26 41
414 442
451 486
907 912
797 818
158 163
97 124
281 287
233 250
928 934
802 817
616 639
235 260
461 476
517 536
485 509
222 256
295 321
263 265
709 715
818 840
759 772
503 514
734 762
911 934
333 368
72 86
637 652
563 590
797 826
957 986
622 644
636 668
528 545
298 316
708 714
815 836
946 957
411 440
76 105
954 990
179 198
98 121
150 163
750 760
694 722
198 207
11 17
230 260
866 888
