1000 2000 100
5 11 6 10 20 20 5 3 6 6 7 10 18 4 4 5 10 12 11 24 10 6 8 7 8 8 13 11 17 3 13 10 7 6 20 11 7 9 25 9 7 5 5 10 13 20 16 11 8 10 10 15 21 9 10 7 10 13 3 5 6 9 22 6 6 5 15 10 11 10 25 7 5 8 13 24 6 8 12 11 14 3 4 8 11 12 18 5 5 6 4 14 7 6 4 4 6 8 11 18 
1 6
1 7
6 17
6 18
6 19
17 23
17 24
17 25
18 26
19 27
19 28
24 33
25 34
26 35
26 36
26 37
27 38
27 39
28 40
28 41
28 42
33 53
34 54
35 55
36 56
37 57
37 58
38 59
39 60
39 61
39 62
40 63
40 64
41 65
41 66
66 73
73 78
78 81
81 87
87 93
93 100
100 110
100 111
100 112
111 128
111 129
128 132
132 136
132 137
136 141
136 142
137 143
137 144
137 145
142 151
143 152
143 153
143 154
144 155
144 156
151 163
151 164
152 165
153 166
153 167
153 168
155 169
156 170
156 171
163 174
163 175
164 176
164 177
164 178
165 179
168 180
170 181
170 182
171 183
171 184
184 198
198 208
208 214
214 222
222 229
222 230
222 231
229 237
229 238
230 239
230 240
230 241
237 245
238 246
238 247
238 248
239 249
240 250
240 251
240 252
241 253
247 258
248 259
249 260
250 261
251 262
251 263
251 264
253 265
253 266
258 269
258 270
259 271
259 272
260 273
260 274
260 275
261 276
261 277
261 278
263 279
264 280
265 281
266 282
266 283
283 286
286 289
289 302
289 303
303 312
312 319
319 325
325 345
345 356
345 357
345 358
356 363
356 364
357 365
357 366
357 367
358 368
358 369
363 372
363 373
364 374
365 375
365 376
365 377
367 378
367 379
367 380
368 381
369 382
369 383
369 384
384 397
397 406
406 413
413 418
413 419
413 420
418 423
418 424
419 425
420 426
420 427
420 428
423 433
423 434
425 435
426 436
426 437
427 438
427 439
428 440
428 441
428 442
433 446
433 447
433 448
434 449
434 450
435 451
435 452
435 453
436 454
436 455
437 456
437 457
437 458
438 459
438 460
440 461
440 462
440 463
463 466
466 482
482 493
482 494
482 495
493 501
494 502
494 503
494 504
495 505
502 511
504 512
504 513
504 514
505 515
505 516
512 521
512 522
512 523
513 524
513 525
514 526
515 527
515 528
515 529
516 530
522 536
523 537
524 538
526 539
526 540
526 541
527 542
527 543
529 544
530 545
530 546
546 557
557 566
557 567
566 576
567 577
567 578
567 579
577 583
578 584
578 585
579 586
579 587
579 588
583 593
583 594
584 595
584 596
586 597
586 598
586 599
587 600
587 601
587 602
588 603
603 606
606 609
606 610
609 614
609 615
609 616
610 617
614 620
614 621
616 622
616 623
617 624
617 625
617 626
620 629
620 630
620 631
621 632
621 633
621 634
622 635
622 636
623 637
623 638
623 639
624 640
625 641
626 642
626 643
643 651
651 657
657 663
657 664
663 668
664 669
664 670
664 671
668 683
668 684
668 685
671 686
683 693
683 694
683 695
684 696
684 697
684 698
686 699
693 704
693 705
694 706
695 707
695 708
696 709
697 710
698 711
704 714
704 715
704 716
705 717
705 718
705 719
707 720
707 721
708 722
709 723
709 724
710 725
710 726
710 727
711 728
711 729
729 739
739 746
739 747
746 751
746 752
746 753
747 754
751 759
751 760
751 761
753 762
753 763
754 764
754 765
754 766
759 772
759 773
759 774
760 775
760 776
761 777
761 778
761 779
762 780
763 781
763 782
763 783
764 784
766 785
785 796
796 802
796 803
796 804
802 810
802 811
802 812
803 813
804 814
804 815
812 822
812 823
813 824
813 825
814 826
814 827
814 828
815 829
815 830
823 833
823 834
824 835
824 836
824 837
825 838
825 839
825 840
829 841
829 842
829 843
830 844
844 847
847 850
850 854
850 855
850 856
854 862
854 863
855 864
855 865
856 866
856 867
856 868
862 873
862 874
863 875
864 876
865 877
866 878
866 879
866 880
867 881
867 882
873 885
873 886
874 887
876 888
876 889
877 890
877 891
878 892
878 893
878 894
880 895
880 896
881 897
897 903
903 908
903 909
903 910
909 913
909 914
913 919
914 920
919 923
919 924
920 925
925 937
937 944
937 945
944 950
944 951
950 954
950 955
954 958
954 959
955 960
955 961
959 964
959 965
959 966
960 967
961 968
961 969
961 970
965 972
965 973
965 974
966 975
966 976
967 977
968 978
968 979
969 980
970 981
972 983
972 984
972 985
973 986
973 987
975 988
975 989
975 990
976 991
977 992
978 993
979 994
979 995
980 996
980 997
980 998
981 999
981 1000
982 1000
971 982
962 971
956 962
952 956
946 952
947 952
948 952
938 946
939 946
940 947
941 947
942 947
926 938
927 938
928 938
929 940
930 940
931 941
932 941
933 942
934 942
935 942
921 935
915 921
911 915
904 911
905 911
906 911
898 904
899 905
900 905
901 906
883 901
869 883
857 869
858 869
851 858
852 858
848 851
845 848
831 845
816 831
817 831
818 831
805 816
806 816
807 816
808 817
797 805
798 807
799 807
800 808
786 797
787 797
788 797
789 798
790 798
791 798
792 799
793 799
794 800
767 794
755 767
748 755
749 755
740 748
741 748
742 749
743 749
744 749
730 740
731 740
732 740
733 742
734 743
735 743
736 743
737 744
712 737
700 712
701 712
702 712
687 700
688 700
689 700
690 702
691 702
672 687
673 688
674 688
675 688
676 690
677 690
678 691
665 678
658 665
659 665
660 665
652 658
653 659
654 659
655 659
644 652
645 652
646 653
647 653
648 654
649 655
627 649
618 627
611 618
607 611
604 607
589 604
580 589
581 589
568 580
569 580
570 580
571 581
572 581
573 581
558 570
559 570
560 570
561 571
562 571
563 571
564 573
547 559
548 559
549 560
550 561
551 561
552 561
553 564
554 564
555 564
531 555
517 531
506 517
507 517
508 517
496 506
497 508
498 508
499 508
483 496
484 496
485 496
486 497
487 497
488 498
489 498
490 499
491 499
467 483
468 483
469 484
470 484
471 485
472 485
473 486
474 487
475 487
476 488
477 488
478 488
479 489
480 490
464 480
443 464
429 443
421 429
414 421
415 421
416 421
407 414
408 414
409 415
410 415
411 416
398 409
399 409
400 409
401 410
402 410
403 411
404 411
385 398
386 399
387 400
388 400
389 400
390 401
391 401
392 402
393 404
394 404
395 404
370 395
359 370
360 370
361 370
346 359
347 359
348 359
349 360
350 360
351 360
352 361
353 361
354 361
326 346
327 346
328 347
329 348
330 349
331 349
332 349
333 350
334 350
335 351
336 351
337 352
338 352
320 338
313 320
314 320
315 320
304 313
305 313
306 313
307 314
308 314
309 315
310 315
290 305
291 305
292 306
293 307
294 307
295 307
296 308
297 309
298 309
299 309
300 310
287 300
284 287
267 284
254 267
255 267
256 267
242 256
232 242
233 242
234 242
223 232
224 233
225 233
226 234
227 234
215 224
216 227
217 227
218 227
209 215
210 216
211 216
212 216
199 210
200 210
201 210
202 211
203 211
204 212
205 212
206 212
185 200
186 200
187 201
188 201
189 201
190 202
191 203
192 205
193 205
194 206
195 206
196 206
172 196
157 172
146 157
138 146
133 138
130 133
113 130
101 113
94 101
88 94
82 88
83 88
84 88
79 84
74 79
75 79
76 79
67 74
68 74
69 75
70 75
71 75
43 71
29 43
20 29
21 29
8 20
9 21
10 21
11 21
2 8
3 8
4 8
5 9
2 12
2 13
4 14
5 15
5 16
16 22
22 30
22 31
22 32
30 44
30 45
30 46
31 47
31 48
31 49
32 50
32 51
32 52
52 72
72 77
77 80
80 85
80 86
85 89
85 90
85 91
86 92
89 95
89 96
91 97
92 98
92 99
95 102
95 103
95 104
96 105
98 106
99 107
99 108
99 109
102 114
102 115
104 116
104 117
104 118
105 119
106 120
106 121
106 122
107 123
107 124
109 125
109 126
109 127
127 131
131 134
131 135
135 139
135 140
139 147
140 148
140 149
140 150
148 158
149 159
150 160
150 161
150 162
162 173
173 197
197 207
207 213
213 219
213 220
213 221
221 228
228 235
228 236
235 243
235 244
243 257
257 268
268 285
285 288
288 301
301 311
311 316
311 317
311 318
316 321
316 322
317 323
317 324
321 339
322 340
322 341
323 342
324 343
324 344
344 355
355 362
362 371
371 396
396 405
405 412
412 417
417 422
422 430
422 431
422 432
431 444
432 445
445 465
465 481
481 492
492 500
500 509
500 510
509 518
510 519
510 520
519 532
520 533
520 534
520 535
535 556
556 565
565 574
565 575
575 582
582 590
582 591
582 592
591 605
605 608
608 612
608 613
612 619
619 628
628 650
650 656
656 661
656 662
661 666
661 667
666 679
667 680
667 681
667 682
682 692
692 703
703 713
713 738
738 745
745 750
750 756
750 757
750 758
756 768
756 769
756 770
758 771
771 795
795 801
801 809
809 819
809 820
809 821
821 832
832 846
846 849
849 853
853 859
853 860
853 861
859 870
860 871
861 872
872 884
884 902
902 907
907 912
912 916
912 917
912 918
916 922
922 936
936 943
943 949
949 953
953 957
957 963
2 6
41 71
307 317
81 92
355 358
78 86
225 234
232 239
527 537
619 625
626 638
193 204
241 246
246 260
683 703
559 575
800 805
853 857
366 386
701 706
668 692
609 619
743 750
619 622
682 689
823 843
732 744
257 265
219 227
151 169
849 851
450 467
627 641
693 707
105 123
914 922
286 293
732 743
583 601
526 537
958 971
97 102
908 917
335 352
503 513
769 774
245 264
371 375
526 538
173 188
415 418
177 207
324 341
592 597
921 932
43 62
624 636
99 100
333 351
421 427
98 102
703 704
578 592
922 930
364 387
734 745
641 655
675 684
22 23
27 35
758 770
359 365
617 620
799 805
768 781
855 868
975 1000
63 73
160 163
264 285
624 648
670 683
267 282
769 779
392 399
165 196
592 604
224 234
169 182
883 897
267 270
963 971
363 386
80 82
725 745
939 947
4 13
349 358
465 479
7 17
135 136
591 604
713 717
610 618
106 123
337 354
247 266
30 50
149 158
242 248
420 424
849 850
954 963
421 432
529 542
429 444
766 776
668 688
839 848
870 876
238 255
535 540
498 507
242 254
136 143
698 707
203 212
439 451
438 457
749 756
94 103
774 799
52 66
102 125
663 675
242 245
333 352
108 110
408 417
108 115
765 780
166 185
850 860
952 957
653 658
371 384
138 144
527 541
8 21
428 439
920 933
80 84
518 525
416 418
18 24
426 445
458 477
210 221
568 581
588 602
798 805
335 353
163 197
770 788
367 372
886 904
858 868
880 901
664 676
840 847
75 78
975 985
802 820
663 679
302 316
755 762
690 696
608 609
969 973
261 272
765 772
165 178
920 932
172 188
502 513
416 420
168 188
636 656
443 453
709 722
41 70
490 495
5 6
250 262
519 533
169 175
369 387
809 817
372 401
906 909
447 480
981 997
979 990
803 816
449 479
832 836
50 59
206 211
611 619
961 966
324 335
35 68
413 422
863 878
708 715
823 835
432 436
107 111
5 12
528 547
365 373
955 963
655 662
314 321
376 398
148 161
765 787
428 444
686 696
291 303
724 744
581 587
877 889
261 283
163 190
286 299
922 924
154 164
168 182
439 452
957 959
429 436
90 93
96 101
89 99
393 400
982 999
564 567
763 789
806 812
446 473
20 24
106 126
145 160
666 673
323 329
91 98
288 300
369 373
769 784
657 665
707 736
376 403
163 179
52 57
740 747
955 962
453 477
915 919
266 269
620 649
972 999
295 305
918 919
243 248
688 694
433 456
125 130
424 434
172 184
665 676
243 256
417 418
580 586
910 914
139 149
286 291
429 437
27 43
371 387
969 977
621 645
564 574
859 872
923 940
200 212
650 653
272 288
873 887
747 756
530 544
365 396
292 308
826 844
425 434
857 863
523 542
578 586
138 150
489 499
760 790
921 924
310 316
144 162
675 686
607 609
40 56
705 727
963 970
386 402
252 259
579 589
908 913
8 22
313 319
758 764
893 907
777 801
737 745
951 957
324 330
577 592
26 42
30 36
151 173
286 297
210 217
281 287
102 112
744 748
758 767
710 737
656 657
471 486
737 739
241 257
392 404
460 480
892 906
41 58
674 692
428 445
856 863
359 371
529 538
201 208
627 644
357 368
847 852
170 175
464 478
591 597
32 42
981 996
495 504
825 842
533 548
29 44
369 372
197 200
744 747
18 27
134 139
437 464
225 235
663 670
500 502
513 522
465 471
173 187
424 440
671 688
312 324
367 396
364 391
427 445
766 786
352 357
469 488
909 917
681 692
491 500
336 349
342 346
240 254
431 435
424 444
242 246
692 699
323 327
564 569
141 154
369 389
907 909
4 15
149 155
952 955
943 944
359 369
518 526
90 96
675 685
664 681
606 613
590 593
25 35
222 236
507 519
42 58
37 70
741 746
884 897
319 332
237 250
436 452
771 790
288 294
444 457
79 86
498 501
426 435
3 6
29 46
620 647
228 229
767 773
98 103
879 885
12 20
225 229
266 285
165 185
160 165
831 839
908 914
509 516
149 154
829 838
940 945
321 342
591 596
365 382
920 930
132 140
621 642
973 985
750 751
951 954
610 619
499 507
359 368
107 116
960 965
826 842
689 701
28 50
761 788
767 786
321 329
105 114
159 164
300 306
587 597
385 399
369 377
165 197
241 251
552 557
546 563
43 57
710 738
794 799
411 413
168 174
855 863
88 95
105 115
496 503
540 561
276 288
972 995
899 903
450 480
694 712
582 586
820 831
764 793
857 862
258 280
821 825
875 897
521 536
304 312
359 363
362 365
751 769
287 296
139 141
263 274
704 736
181 207
719 740
324 333
811 823
215 227
947 953
105 125
956 958
510 515
711 733
370 385
622 639
83 87
818 824
805 811
704 717
759 781
486 493
884 898
852 857
72 73
350 361
920 934
685 702
321 325
109 120
380 404
856 864
632 653
133 140
305 315
50 66
964 973
626 629
594 607
865 882
25 47
475 486
324 328
386 405
127 130
626 650
287 301
767 788
265 273
163 194
968 980
578 583
620 650
39 67
268 277
370 393
869 876
825 846
1 15
558 574
368 392
333 349
709 726
136 148
239 245
499 505
27 52
933 940
922 931
968 975
921 936
758 765
166 196
331 353
815 825
102 111
982 990
491 497
25 50
764 786
873 894
620 636
17 29
496 507
569 582
871 881
140 147
532 544
973 996
443 451
870 882
726 739
531 550
591 600
786 801
398 406
56 76
90 95
417 421
356 367
824 846
810 831
559 569
684 693
443 452
919 927
685 697
708 725
490 498
852 856
535 554
922 928
519 522
251 260
457 481
225 231
496 504
665 673
367 384
221 222
707 731
707 734
358 370
96 100
389 399
456 478
879 886
368 374
419 428
179 202
973 999
549 558
134 137
217 223
759 785
168 196
893 905
370 372
691 700
919 925
861 870
976 997
703 705
109 124
982 996
399 411
762 782
148 157
288 298
177 204
26 48
878 901
522 542
108 113
920 926
440 451
233 244
288 292
176 202
620 642
807 819
759 780
904 909
132 138
889 907
363 380
862 877
812 830
883 898
952 954
967 972
880 885
869 877
857 867
263 272
328 355
38 72
211 220
931 943
227 230
628 643
626 633
101 111
229 240
782 798
414 419
259 285
677 688
760 783
236 241
286 300
856 871
320 326
235 240
243 249
247 259
394 398
820 823
919 933
470 485
79 81
939 949
743 747
445 456
241 245
227 235
674 685
340 354
869 873
228 230
251 267
534 540
613 614
32 41
37 53
457 467
563 575
109 111
481 482
3 11
365 386
878 896
215 222
938 944
972 997
616 625
287 291
431 443
451 476
323 341
76 78
824 838
141 156
768 780
531 540
258 279
923 939
756 759
199 212
444 458
860 864
337 349
101 114
580 590
577 590
107 114
503 518
713 734
583 600
666 675
419 429
80 83
238 245
828 844
679 688
368 391
421 431
815 826
489 494
934 937
167 195
809 816
827 846
667 669
357 363
243 252
33 55
500 505
106 124
963 964
978 986
754 767
978 991
621 641
353 362
433 464
709 716
743 746
350 359
852 861
686 693
712 720
674 689
748 758
142 162
115 130
536 562
347 358
457 477
398 411
112 129
321 336
765 785
494 507
98 109
783 798
971 979
32 49
875 888
570 582
215 228
98 100
582 584
628 638
292 303
755 765
145 157
748 756
37 56
246 264
145 162
788 798
685 698
209 221
108 121
979 1000
666 672
299 307
706 714
770 787
315 321
819 824
966 973
386 401
3 9
261 279
678 686
228 234
870 879
178 205
935 938
763 775
924 939
957 961
412 416
612 618
16 18
863 874
607 610
25 43
482 496
45 63
925 939
504 515
371 389
732 742
972 992
24 50
942 945
73 79
441 455
423 436
727 743
371 378
646 655
161 168
657 667
220 226
977 998
239 256
105 116
917 921
415 419
587 599
754 763
982 988
951 956
514 535
270 288
322 338
496 501
495 503
707 730
691 698
667 670
90 99
531 544
511 530
873 889
245 261
560 575
856 870
329 345
130 132
707 719
873 891
322 336
966 974
515 530
628 633
233 239
103 123
149 151
218 222
514 533
806 815
431 434
470 489
120 130
850 858
831 842
45 71
435 464
898 903
662 667
217 225
612 617
982 994
499 509
558 573
435 461
652 662
962 965
642 656
252 261
134 140
218 225
322 333
757 766
978 992
900 903
919 936
873 893
483 494
561 575
680 689
969 978
805 819
715 745
164 181
922 923
444 446
882 898
917 922
129 133
882 887
922 925
215 226
253 258
482 500
919 926
78 82
97 104
94 107
706 717
315 323
742 750
818 829
267 273
624 650
27 50
766 784
100 125
430 435
911 918
689 694
451 473
370 391
164 179
31 36
627 636
165 175
147 154
757 761
186 206
108 126
466 488
754 771
78 84
743 748
265 282
19 30
23 51
421 423
106 111
504 511
311 314
438 458
956 963
816 822
589 594
699 707
148 156
804 818
686 695
564 572
519 525
747 758
319 335
37 69
26 41
347 361
620 638
34 53
433 453
