1000 2000 50
1 7 24 1 6 18 69 1 1 3 19 56 1 7 8 15 63 5 8 36 3 8 16 54 24 10 13 33 62 20 7 17 86 6 3 4 12 74 13 5 9 34 4 6 44 6 2 2 59 15 
1 2
1 3
1 4
1 5
1 6
1 7
1 8
2 9
2 10
2 11
2 12
2 13
2 14
3 15
4 16
4 17
4 18
5 19
6 20
6 21
6 22
6 23
6 24
6 25
6 26
7 27
7 28
8 29
8 30
8 31
8 32
32 33
33 34
33 35
33 36
33 37
33 38
33 39
34 40
34 41
35 42
35 43
35 44
35 45
35 46
36 47
36 48
36 49
36 50
36 51
36 52
36 53
37 54
39 55
39 56
39 57
40 58
40 59
41 60
41 61
41 62
41 63
41 64
42 65
42 66
42 67
42 68
42 69
43 70
43 71
43 72
43 73
43 74
44 75
44 76
44 77
44 78
44 79
44 80
44 81
46 82
47 83
47 84
47 85
47 86
47 87
47 88
48 89
48 90
48 91
48 92
49 93
49 94
49 95
50 96
50 97
51 98
51 99
51 100
51 101
51 102
52 103
52 104
52 105
52 106
52 107
52 108
53 109
53 110
53 111
54 112
54 113
54 114
54 115
55 116
55 117
55 118
55 119
56 120
57 121
57 122
57 123
57 124
57 125
57 126
126 127
127 128
128 129
128 130
128 131
129 132
129 133
129 134
129 135
129 136
130 137
130 138
130 139
130 140
130 141
130 142
130 143
131 144
131 145
131 146
131 147
131 148
131 149
131 150
133 151
134 152
135 153
135 154
136 155
136 156
136 157
136 158
136 159
137 160
137 161
138 162
138 163
138 164
139 165
139 166
139 167
142 168
142 169
142 170
142 171
142 172
142 173
142 174
143 175
143 176
143 177
143 178
144 179
144 180
144 181
144 182
144 183
145 184
145 185
145 186
145 187
145 188
145 189
145 190
146 191
146 192
146 193
147 194
147 195
147 196
147 197
147 198
147 199
149 200
149 201
149 202
149 203
150 204
150 205
150 206
206 207
207 208
207 209
207 210
207 211
207 212
207 213
210 215
210 216
213 217
215 223
215 224
215 225
215 226
215 227
216 228
216 229
216 230
216 231
216 232
217 233
217 234
217 235
217 236
223 238
223 239
223 240
223 241
224 242
224 243
224 244
224 245
224 246
224 247
224 248
225 249
225 250
225 251
225 252
225 253
225 254
226 255
226 256
226 257
226 258
226 259
226 260
226 261
227 262
227 263
228 264
228 265
228 266
229 267
229 268
229 269
229 270
230 271
230 272
230 273
230 274
230 275
231 276
231 277
231 278
231 279
232 280
232 281
232 282
232 283
232 284
232 285
233 286
234 287
234 288
234 289
235 290
235 291
236 292
236 293
293 301
301 306
301 307
301 308
301 309
301 310
301 311
301 312
306 314
306 315
306 316
306 317
306 318
307 319
307 320
307 321
308 322
308 323
308 324
308 325
309 326
309 327
309 328
309 329
309 330
309 331
309 332
310 333
310 334
310 335
310 336
310 337
311 338
311 339
311 340
311 341
311 342
312 343
312 344
312 345
312 346
346 350
350 353
350 354
350 355
350 356
350 357
350 358
350 359
353 361
355 362
355 363
355 364
356 365
356 366
356 367
357 368
357 369
357 370
357 371
358 372
358 373
358 374
359 375
361 377
361 378
361 379
361 380
362 381
362 382
362 383
362 384
362 385
362 386
362 387
363 388
363 389
363 390
363 391
363 392
363 393
365 394
365 395
368 396
368 397
368 398
368 399
368 400
368 401
369 402
369 403
369 404
369 405
369 406
370 407
370 408
370 409
370 410
371 411
372 412
372 413
372 414
372 415
372 416
372 417
373 418
373 419
373 420
373 421
374 422
374 423
374 424
374 425
375 426
375 427
375 428
375 429
429 431
431 455
431 456
431 457
431 458
455 465
455 466
455 467
455 468
455 469
455 470
456 471
456 472
457 473
457 474
457 475
457 476
465 478
467 479
467 480
467 481
467 482
467 483
467 484
467 485
468 486
468 487
468 488
468 489
468 490
469 491
469 492
469 493
469 494
469 495
471 496
471 497
472 498
472 499
473 500
473 501
473 502
473 503
473 504
473 505
473 506
474 507
474 508
476 509
509 511
511 573
511 574
573 593
574 594
574 595
574 596
593 600
593 601
593 602
594 603
594 604
594 605
594 606
594 607
594 608
594 609
595 610
595 611
596 612
596 613
596 614
596 615
600 617
600 618
600 619
601 620
601 621
601 622
601 623
602 624
603 625
603 626
603 627
603 628
603 629
603 630
603 631
604 632
604 633
605 634
605 635
605 636
605 637
605 638
605 639
605 640
606 641
606 642
606 643
606 644
606 645
606 646
606 647
607 648
607 649
607 650
607 651
607 652
607 653
607 654
608 655
608 656
608 657
608 658
608 659
608 660
609 661
609 662
609 663
610 664
610 665
610 666
610 667
611 668
611 669
611 670
611 671
611 672
611 673
611 674
612 675
612 676
612 677
612 678
612 679
612 680
612 681
614 682
614 683
614 684
614 685
614 686
615 687
687 703
703 709
709 712
709 713
712 716
712 717
712 718
712 719
713 720
713 721
713 722
713 723
713 724
713 725
713 726
716 728
716 729
717 730
718 731
718 732
718 733
718 734
718 735
719 736
719 737
720 738
720 739
720 740
721 741
722 742
722 743
722 744
722 745
723 746
724 747
724 748
724 749
726 750
726 751
751 802
802 815
802 816
815 820
815 821
815 822
815 823
815 824
815 825
815 826
816 827
820 829
820 830
820 831
820 832
821 833
821 834
821 835
822 836
822 837
823 838
823 839
823 840
823 841
823 842
823 843
824 844
825 845
825 846
825 847
825 848
826 849
826 850
827 851
851 863
863 867
863 868
863 869
863 870
863 871
867 873
867 874
867 875
867 876
867 877
867 878
868 879
868 880
868 881
869 882
869 883
869 884
870 885
870 886
870 887
870 888
870 889
870 890
870 891
871 892
871 893
871 894
871 895
871 896
871 897
871 898
898 917
917 923
923 925
925 927
925 928
925 929
927 986
927 987
927 988
927 989
927 990
927 991
927 992
928 993
928 994
928 995
928 996
928 997
928 998
928 999
929 1000
930 987
931 987
932 987
933 988
934 988
935 988
936 988
937 988
938 988
939 988
940 989
941 989
942 989
943 989
944 989
945 989
946 989
947 990
948 990
949 990
950 990
951 990
952 990
953 991
954 991
955 991
956 991
957 993
958 993
959 994
960 995
961 995
962 995
963 996
964 997
965 997
966 997
967 997
968 998
969 998
970 998
971 998
972 998
973 998
974 998
975 999
976 999
977 999
978 999
979 999
980 1000
981 1000
982 1000
983 1000
984 1000
985 1000
926 985
924 926
918 924
919 924
920 924
921 924
922 924
899 918
900 918
901 918
902 918
903 918
904 919
905 920
906 920
907 920
908 920
909 921
910 921
911 921
912 922
913 922
914 922
915 922
916 922
872 916
864 872
865 872
866 872
852 864
853 864
854 865
855 865
856 865
857 865
858 865
859 865
860 866
861 866
862 866
828 862
817 828
818 828
819 828
803 818
804 818
805 818
806 818
807 818
808 818
809 819
810 819
811 819
812 819
813 819
814 819
752 803
753 803
754 803
755 803
756 803
757 803
758 803
759 804
760 804
761 804
762 805
763 805
764 805
765 805
766 805
767 805
768 806
769 806
770 806
771 806
772 806
773 806
774 807
775 807
776 807
777 807
778 807
779 808
780 808
781 809
782 809
783 809
784 810
785 810
786 811
787 811
788 811
789 811
790 811
791 811
792 811
793 812
794 812
795 812
796 812
797 813
798 813
799 814
800 814
801 814
727 801
714 727
715 727
710 714
711 714
704 711
705 711
706 711
707 711
708 711
688 704
689 704
690 704
691 706
692 706
693 707
694 707
695 707
696 707
697 707
698 708
699 708
700 708
701 708
702 708
616 702
597 616
598 616
599 616
575 597
576 597
577 597
578 597
579 597
580 597
581 598
582 598
583 598
584 598
585 598
586 598
587 599
588 599
589 599
590 599
591 599
592 599
512 575
513 575
514 575
515 576
516 576
517 576
518 576
519 576
520 577
521 578
522 578
523 578
524 578
525 578
526 578
527 579
528 579
529 579
530 579
531 579
532 580
533 581
534 581
535 581
536 583
537 584
538 584
539 584
540 584
541 584
542 584
543 585
544 585
545 585
546 585
547 585
548 586
549 586
550 586
551 586
552 586
553 586
554 586
555 587
556 587
557 587
558 587
559 587
560 587
561 587
562 589
563 590
564 590
565 590
566 590
567 591
568 591
569 592
570 592
571 592
572 592
510 572
477 510
459 477
460 477
461 477
462 477
463 477
464 477
432 459
433 460
434 461
435 461
436 461
437 462
438 462
439 462
440 462
441 462
442 462
443 463
444 463
445 463
446 463
447 463
448 464
449 464
450 464
451 464
452 464
453 464
454 464
430 454
376 430
360 376
351 360
352 360
347 352
348 352
349 352
313 349
302 313
303 313
304 313
305 313
294 302
295 302
296 304
297 304
298 304
299 304
300 305
237 300
218 237
219 237
220 237
221 237
222 237
214 222
471 479
351 359
134 160
385 439
822 856
426 454
925 974
601 694
606 624
217 224
144 174
606 648
367 391
224 271
149 173
605 679
719 796
235 288
600 700
355 367
362 379
600 653
612 659
53 84
603 648
940 996
600 631
542 587
131 142
609 680
429 438
825 855
721 782
312 334
483 517
35 40
602 677
864 868
721 758
47 110
925 931
871 899
307 333
139 199
364 382
143 157
488 564
241 301
374 385
129 141
138 182
236 298
428 436
371 391
866 871
507 550
603 688
345 351
5 20
353 369
420 438
608 617
4 12
504 543
917 924
530 580
222 223
376 404
599 613
423 439
716 765
456 475
145 154
594 615
374 420
432 463
5 31
714 725
469 482
488 533
614 622
717 750
131 141
925 981
216 227
926 948
367 418
229 278
935 996
870 907
491 530
46 89
370 413
237 240
926 968
3 31
944 992
237 287
872 897
372 378
597 605
351 355
613 657
502 546
493 512
870 882
363 414
304 306
871 906
237 252
129 140
56 64
228 277
452 455
718 767
727 787
612 697
475 508
717 770
717 729
828 843
403 442
482 542
723 797
716 784
718 789
825 838
600 670
36 46
719 755
713 717
362 413
472 484
933 993
716 788
142 167
372 381
477 495
600 626
5 18
148 166
821 841
872 909
471 480
307 315
925 934
510 556
150 173
722 733
722 780
150 197
351 358
142 187
371 397
872 887
236 271
819 822
142 203
867 879
227 265
718 738
925 941
222 232
609 682
399 454
867 882
925 983
392 434
598 613
360 365
478 514
978 990
601 684
359 365
821 852
583 597
303 311
570 588
870 883
828 831
870 905
719 769
724 768
825 842
471 498
820 858
307 324
824 839
614 665
360 375
615 672
926 962
225 294
870 873
817 823
451 458
497 550
36 54
477 485
723 748
469 496
369 421
925 938
601 628
870 916
57 99
3 11
135 180
50 67
465 483
311 347
868 912
46 87
133 160
502 531
139 198
420 433
614 640
146 155
505 537
716 752
723 765
483 528
56 98
352 354
313 333
871 882
480 545
795 806
228 294
821 849
461 466
720 801
729 807
828 846
312 320
725 754
824 858
609 650
460 473
284 302
608 682
722 794
615 641
647 703
611 697
312 323
608 676
726 778
523 581
724 783
925 954
362 409
466 509
376 388
575 598
301 313
51 89
864 867
305 312
868 876
925 966
474 510
209 220
596 607
611 642
351 357
414 432
539 592
304 312
606 698
471 502
308 343
872 915
540 585
595 606
926 939
345 352
2 15
805 817
458 468
804 816
711 715
472 497
865 867
372 398
461 475
602 676
827 859
925 955
56 68
354 361
614 632
613 671
925 948
130 148
476 480
398 450
232 263
823 861
509 567
230 268
220 227
134 205
246 303
925 979
213 221
139 171
724 766
824 849
302 311
720 730
581 599
503 526
956 989
362 403
137 174
485 518
926 931
607 623
495 560
34 45
230 288
871 911
375 393
828 854
872 906
367 428
144 172
426 440
470 480
836 865
42 91
45 72
828 836
306 340
469 510
3 13
727 775
480 525
133 159
50 91
362 430
517 577
466 479
458 466
369 427
716 754
726 801
376 383
463 467
872 879
467 504
578 596
6 11
147 166
551 579
493 557
237 246
925 963
724 800
596 602
721 775
616 639
606 680
598 611
361 419
612 684
613 675
869 907
713 716
609 627
925 978
872 895
279 303
925 952
870 878
42 64
308 340
605 680
612 634
468 480
925 943
42 95
721 770
726 752
141 158
827 835
223 294
674 705
38 52
531 584
609 624
358 363
218 227
926 952
6 15
231 290
519 581
7 16
310 319
839 864
223 244
141 159
8 24
926 979
726 736
223 268
493 533
129 148
53 90
467 497
8 18
374 402
613 653
307 347
367 404
132 162
724 801
207 214
826 862
389 448
926 977
486 565
47 118
925 932
604 695
233 250
468 505
150 170
719 730
504 562
310 317
926 946
212 220
363 428
40 70
717 749
53 124
727 758
233 243
446 461
475 505
607 644
711 713
612 670
5 14
718 730
237 298
137 195
925 958
469 508
508 557
365 389
547 590
722 746
607 697
868 882
926 969
43 106
871 900
727 732
870 880
41 108
367 403
827 834
135 161
48 83
221 234
725 764
401 440
434 458
494 558
721 769
387 449
357 361
870 879
926 970
370 380
941 991
871 876
55 111
614 623
607 698
869 900
925 940
926 984
887 921
134 188
604 701
925 982
926 981
370 428
816 821
35 48
724 771
142 156
872 896
445 461
41 68
816 828
226 243
237 259
456 467
304 310
466 493
471 506
925 939
147 201
895 917
713 727
140 165
38 44
398 437
883 921
616 638
602 652
609 690
494 555
223 258
503 516
313 339
313 344
500 527
870 892
616 672
867 910
612 696
267 301
717 773
355 370
146 201
821 853
149 180
729 803
484 535
477 498
502 533
615 627
450 461
719 772
477 506
56 70
223 279
41 109
715 722
369 415
599 603
270 303
236 267
355 371
969 986
490 542
869 878
48 79
869 876
718 793
534 577
365 385
866 870
311 330
818 821
867 892
460 469
499 524
43 121
472 486
867 901
237 249
504 555
982 987
306 339
42 119
602 648
313 338
926 959
45 112
351 353
149 187
35 56
817 821
55 90
600 697
537 592
723 752
57 115
306 346
34 43
40 108
821 856
226 239
504 525
824 850
607 625
49 83
35 54
208 215
867 889
727 731
872 886
130 132
232 250
610 687
720 792
598 604
140 175
139 162
868 902
605 692
38 43
476 510
407 441
597 602
826 829
471 493
537 574
871 908
926 960
473 509
133 172
489 535
604 631
600 681
236 280
231 294
720 786
980 986
550 587
208 217
482 556
512 589
925 967
817 827
603 664
471 504
400 438
226 272
475 482
466 506
726 762
766 803
556 584
830 863
233 262
366 377
2 32
871 890
134 178
722 735
604 650
926 956
233 295
43 108
237 279
302 307
138 187
366 403
53 123
220 233
373 426
925 946
136 188
227 238
229 247
363 399
310 326
616 664
433 464
361 413
331 351
371 414
871 874
408 440
581 596
134 182
466 486
137 175
45 63
872 899
352 359
139 161
604 649
378 446
659 707
361 395
475 504
496 568
147 160
366 414
37 43
783 806
925 968
367 413
55 98
456 474
923 926
42 118
614 702
49 110
359 361
720 781
572 586
364 421
608 648
726 785
366 379
510 524
468 500
478 544
306 322
132 188
361 388
40 102
492 570
717 777
308 331
488 543
713 718
140 204
985 990
230 258
236 260
527 583
34 49
354 363
981 990
56 75
355 368
131 140
822 859
498 533
925 962
368 407
449 461
142 161
313 320
129 143
836 863
458 469
465 506
364 387
373 409
496 560
481 533
718 754
360 363
607 676
718 777
868 878
984 998
469 509
963 987
357 365
235 294
148 177
328 350
425 449
870 881
305 311
226 263
364 427
801 808
223 300
591 595
499 533
360 373
374 395
724 789
233 279
305 306
769 811
806 815
824 846
470 494
355 376
822 854
2 28
963 989
53 125
145 159
983 990
604 684
925 975
871 886
148 188
499 565
489 513
601 636
367 419
378 435
727 770
919 923
375 382
816 823
439 459
615 630
600 687
611 686
365 392
926 928
50 84
425 431
611 694
491 523
139 192
306 343
827 852
925 984
418 440
362 417
815 828
721 765
39 54
607 675
601 652
426 452
365 377
722 747
740 811
727 799
493 530
3 20
230 262
380 451
827 857
132 197
714 720
129 139
824 841
926 976
514 590
311 328
312 337
926 943
47 70
926 965
365 426
524 591
47 119
826 840
406 438
463 469
330 351
219 226
35 47
665 704
821 860
140 173
946 990
225 291
436 459
601 696
2 27
720 752
610 672
742 810
614 626
41 75
547 578
615 643
139 168
868 891
310 342
820 850
42 108
313 318
8 9
142 194
825 857
368 381
477 504
608 680
231 258
823 849
527 577
441 457
313 345
232 296
223 259
430 451
309 333
720 759
507 547
210 219
375 412
319 352
363 423
374 389
468 483
436 456
820 838
924 925
227 289
38 40
46 92
853 865
376 387
614 668
716 744
470 491
499 570
361 397
825 837
484 569
475 479
48 70
133 178
926 938
505 569
392 440
611 644
720 793
610 691
51 78
8 19
609 640
353 375
478 536
868 915
566 587
8 27
724 798
509 556
44 89
476 501
499 517
495 532
210 218
302 308
606 660
361 423
866 867
868 888
363 419
506 531
615 685
400 432
603 643
489 539
43 63
359 373
368 393
308 346
415 440
703 710
600 640
395 451
716 772
716 743
604 691
43 109
926 935
464 472
602 698
826 845
236 278
489 572
594 612
925 947
149 190
311 324
357 373
614 696
468 481
725 739
41 93
147 163
557 574
616 661
132 185
223 257
605 654
926 954
479 555
493 561
726 732
867 916
725 771
365 423
307 316
138 200
825 850
370 394
308 342
323 352
226 279
779 811
376 427
359 366
474 488
221 223
614 690
610 634
615 695
425 434
233 249
863 872
141 191
925 930
303 306
926 955
