1000 3000 25
32 61 43 30 33 28 34 39 56 50 41 32 32 29 24 26 40 77 37 45 106 41 29 24 11 
1 33
1 34
33 94
33 95
33 96
94 137
94 138
94 139
95 140
96 141
96 142
138 167
139 168
140 169
140 170
140 171
141 172
141 173
142 174
142 175
142 176
167 200
168 201
169 202
170 203
171 204
171 205
172 206
173 207
173 208
173 209
174 210
174 211
175 212
175 213
200 228
201 229
201 230
201 231
202 232
202 233
202 234
203 235
203 236
203 237
204 238
204 239
205 240
205 241
207 242
207 243
207 244
208 245
209 246
209 247
210 248
210 249
211 250
211 251
212 252
229 262
230 263
231 264
232 265
233 266
233 267
233 268
235 269
235 270
237 271
239 272
239 273
240 274
240 275
241 276
241 277
241 278
243 279
244 280
244 281
244 282
245 283
245 284
247 285
247 286
248 287
249 288
249 289
249 290
251 291
252 292
252 293
262 301
262 302
263 303
263 304
263 305
264 306
267 307
269 308
269 309
270 310
270 311
271 312
272 313
272 314
272 315
273 316
273 317
274 318
275 319
276 320
276 321
277 322
277 323
278 324
279 325
281 326
282 327
283 328
285 329
285 330
285 331
286 332
286 333
287 334
287 335
287 336
289 337
290 338
290 339
290 340
291 341
292 342
292 343
292 344
293 345
345 357
357 407
407 448
407 449
407 450
449 480
449 481
449 482
450 483
480 512
480 513
480 514
481 515
481 516
483 517
513 541
515 542
515 543
516 544
516 545
517 546
542 565
543 566
543 567
544 568
544 569
544 570
545 571
565 591
565 592
565 593
566 594
566 595
567 596
568 597
568 598
568 599
569 600
569 601
571 602
591 631
591 632
592 633
592 634
593 635
593 636
593 637
594 638
594 639
594 640
595 641
595 642
596 643
596 644
596 645
597 646
597 647
598 648
598 649
598 650
599 651
599 652
601 653
601 654
601 655
632 708
634 709
634 710
634 711
635 712
635 713
635 714
636 715
637 716
637 717
637 718
639 719
639 720
639 721
640 722
640 723
641 724
642 725
642 726
642 727
643 728
647 729
647 730
649 731
651 732
651 733
651 734
652 735
653 736
653 737
653 738
654 739
708 745
710 746
710 747
710 748
711 749
711 750
713 751
713 752
713 753
714 754
714 755
715 756
716 757
716 758
716 759
717 760
719 761
720 762
721 763
723 764
723 765
723 766
724 767
724 768
726 769
727 770
727 771
729 772
730 773
731 774
732 775
732 776
732 777
733 778
736 779
737 780
739 781
739 782
745 790
746 791
746 792
746 793
748 794
749 795
749 796
750 797
750 798
750 799
751 800
751 801
752 802
752 803
754 804
754 805
754 806
755 807
755 808
755 809
756 810
758 811
758 812
758 813
759 814
760 815
760 816
761 817
761 818
761 819
762 820
762 821
763 822
765 823
765 824
765 825
766 826
766 827
767 828
768 829
768 830
769 831
769 832
769 833
770 834
771 835
771 836
773 837
773 838
774 839
774 840
774 841
775 842
775 843
775 844
776 845
776 846
776 847
777 848
777 849
778 850
778 851
778 852
779 853
780 854
781 855
781 856
782 857
782 858
782 859
859 896
896 937
937 966
966 990
966 991
966 992
967 990
968 992
969 992
970 992
938 967
939 967
940 968
941 969
942 970
943 970
944 970
897 938
898 939
899 939
900 939
901 940
902 940
903 940
904 941
905 941
906 943
907 943
908 943
909 944
910 944
911 944
860 897
861 897
862 897
863 898
864 899
865 899
866 902
867 902
868 903
869 903
870 904
871 904
872 904
873 905
874 905
875 907
876 907
877 908
878 908
879 908
880 909
881 909
882 909
783 882
740 783
656 740
657 740
658 740
603 656
604 656
605 658
606 658
572 603
573 605
574 605
575 606
576 606
547 572
548 572
549 572
550 574
551 574
552 575
518 548
519 549
520 549
521 549
522 550
523 550
524 551
525 552
484 518
485 518
486 518
487 519
488 520
489 520
490 520
491 521
492 521
493 521
494 523
495 524
496 525
497 525
498 525
451 485
452 485
453 487
454 488
455 489
456 489
457 490
458 493
459 494
460 494
461 495
462 495
463 497
464 497
408 451
409 451
410 452
411 452
412 454
413 454
414 454
415 455
416 456
417 456
418 456
419 458
420 458
421 458
422 459
423 459
424 460
425 461
426 461
427 462
428 463
429 464
430 464
431 464
358 408
359 408
360 410
361 410
362 410
363 411
364 412
365 413
366 414
367 414
368 415
369 415
370 415
371 416
372 416
373 417
374 417
375 418
376 418
377 418
378 420
379 421
380 423
381 423
382 423
383 424
384 424
385 425
386 425
387 426
388 426
389 427
390 427
391 428
392 428
393 429
394 429
395 429
396 430
397 431
398 431
346 398
294 346
253 294
214 253
215 253
177 214
178 214
179 214
180 215
181 215
182 215
143 177
144 179
145 181
146 181
147 182
97 143
98 143
99 143
100 144
101 144
102 144
103 145
104 145
105 146
106 147
107 147
108 147
35 97
36 97
37 98
38 99
39 99
40 102
41 102
42 102
43 103
44 104
45 104
46 105
47 106
48 106
49 107
50 107
51 108
52 108
53 108
2 35
3 35
4 35
5 37
6 38
7 38
8 38
9 39
10 40
11 40
12 40
13 41
14 41
15 42
16 44
17 44
18 45
19 45
20 48
21 48
22 48
23 49
24 49
25 49
26 51
27 51
28 52
29 53
30 53
31 53
3 54
3 55
4 56
6 57
6 58
8 59
9 60
10 61
10 62
12 63
12 64
12 65
13 66
14 67
14 68
14 69
16 70
16 71
17 72
17 73
18 74
19 75
20 76
21 77
21 78
22 79
23 80
23 81
23 82
24 83
25 84
28 85
30 86
30 87
31 88
31 89
89 109
109 148
148 183
148 184
183 216
183 217
183 218
184 219
216 254
218 255
219 256
256 295
256 296
256 297
295 347
295 348
296 349
297 350
297 351
297 352
352 399
399 432
432 465
432 466
466 499
466 500
466 501
499 526
499 527
500 528
500 529
501 530
528 553
528 554
528 555
529 556
529 557
530 558
530 559
553 577
554 578
555 579
555 580
555 581
556 582
556 583
557 584
559 585
559 586
559 587
577 607
578 608
579 609
579 610
579 611
581 612
581 613
582 614
582 615
583 616
583 617
584 618
584 619
584 620
585 621
585 622
585 623
586 624
586 625
586 626
587 627
607 659
607 660
607 661
608 662
608 663
608 664
609 665
609 666
609 667
610 668
610 669
610 670
611 671
611 672
612 673
613 674
614 675
614 676
614 677
615 678
615 679
616 680
616 681
617 682
617 683
620 684
620 685
620 686
621 687
621 688
622 689
622 690
622 691
623 692
623 693
624 694
624 695
624 696
626 697
627 698
698 741
741 784
784 883
784 884
784 885
885 912
912 945
945 971
971 993
971 994
971 995
972 993
973 993
974 994
975 994
976 994
946 972
947 972
948 973
949 973
950 973
951 974
952 975
913 946
914 946
915 947
916 947
917 947
918 948
919 949
920 949
921 950
922 950
923 951
924 951
925 951
886 913
887 914
888 914
889 915
890 918
891 919
892 921
893 923
785 893
742 785
699 742
700 742
701 742
628 701
588 628
560 588
561 588
531 561
502 531
503 531
467 502
468 503
469 503
470 503
433 467
434 467
435 467
436 468
400 433
401 433
402 435
403 436
404 436
353 404
298 353
257 298
258 298
259 298
220 257
221 257
222 257
223 258
224 258
225 258
185 220
186 220
187 220
188 221
189 222
190 222
191 222
192 223
193 223
194 223
195 224
196 225
149 187
150 188
151 189
152 189
153 190
154 190
155 190
156 191
157 192
158 192
159 194
160 195
161 195
162 196
163 196
164 196
110 149
111 151
112 152
113 152
114 152
115 153
116 153
117 155
118 155
119 155
120 156
121 157
122 157
123 157
124 158
125 158
126 160
127 160
128 160
129 161
130 161
131 162
132 162
133 162
134 164
135 164
90 135
32 90
32 91
32 92
32 93
93 136
136 165
165 197
165 198
198 226
226 260
260 299
299 354
299 355
355 405
405 437
437 471
437 472
437 473
471 504
471 505
472 506
472 507
504 532
505 533
505 534
506 535
507 536
507 537
532 562
537 563
563 589
589 629
629 702
629 703
629 704
704 743
743 786
743 787
743 788
788 894
894 926
926 953
926 954
953 977
953 978
953 979
954 980
978 996
978 997
979 998
980 999
980 1000
981 997
982 998
983 998
984 998
985 999
986 999
987 1000
988 1000
989 1000
955 981
956 981
957 983
958 983
959 983
960 984
961 984
962 987
963 987
964 987
965 989
927 957
928 957
929 958
930 960
931 961
932 962
933 963
934 963
935 964
936 964
895 936
789 895
744 789
705 744
706 744
707 744
630 707
590 630
564 590
538 564
539 564
540 564
508 538
509 540
510 540
511 540
474 508
475 508
476 508
477 509
478 509
479 511
438 474
439 474
440 474
441 475
442 476
443 476
444 476
445 477
446 478
447 479
406 447
356 406
300 356
261 300
227 261
199 227
166 199
71 108
26 33
513 560
415 472
137 195
299 344
158 191
608 695
17 59
245 291
681 729
708 780
787 798
945 976
721 769
277 302
289 312
794 934
960 986
159 179
316 396
544 578
748 825
844 933
566 609
935 960
742 789
742 777
915 960
680 709
149 168
314 372
85 120
767 882
743 782
199 218
752 801
753 826
48 115
352 406
733 767
627 678
13 38
742 765
645 729
349 362
106 153
392 446
589 617
699 714
982 991
262 316
506 512
689 730
555 566
20 90
469 505
481 534
741 761
331 380
22 64
189 209
816 898
748 806
213 233
589 616
587 592
603 646
103 153
773 823
927 955
352 378
234 263
560 579
110 150
755 895
782 813
473 490
133 137
151 169
548 590
366 407
710 775
152 179
911 939
600 657
336 360
206 228
241 262
264 354
188 200
762 818
349 403
700 718
748 837
214 230
807 898
775 826
206 261
674 726
286 322
341 364
299 342
205 245
275 339
480 515
786 792
286 344
434 476
1 70
215 255
594 694
743 757
626 698
374 431
159 174
10 48
215 248
573 616
75 98
29 65
607 637
337 399
780 817
714 780
493 534
479 497
521 556
73 120
571 617
787 793
174 206
15 48
693 725
596 685
515 564
692 732
71 127
14 81
782 826
967 994
605 637
605 643
631 744
317 362
131 154
121 145
319 362
184 213
61 117
247 281
139 189
273 306
166 174
787 876
761 833
22 54
60 122
319 393
345 361
604 707
850 904
564 579
98 158
904 958
718 782
768 892
782 860
666 722
541 566
612 690
987 994
115 138
815 926
297 349
23 93
19 55
733 766
145 179
589 618
48 135
62 98
456 481
326 387
611 657
721 760
320 393
252 294
322 372
776 877
860 926
519 551
699 735
337 359
932 955
704 722
572 604
269 301
59 115
825 904
421 477
859 926
372 418
269 354
697 736
630 636
372 420
713 755
298 313
27 59
446 455
514 563
744 759
756 836
395 420
442 462
270 321
775 818
316 367
378 407
226 249
501 523
468 497
163 186
44 112
699 723
665 726
76 111
161 193
977 999
14 50
262 307
359 410
865 934
273 347
849 906
399 428
657 743
551 572
754 832
787 865
219 248
584 597
201 235
331 400
23 69
456 482
117 166
912 965
455 504
515 553
80 132
47 97
765 894
778 819
290 337
2 39
731 755
532 551
292 333
782 852
802 913
597 684
471 492
231 263
240 279
361 444
628 638
417 454
565 597
213 232
767 887
117 152
525 555
335 359
711 746
54 99
242 296
128 138
57 118
195 206
71 131
50 111
406 437
949 970
287 354
44 117
857 912
426 475
989 990
901 958
669 709
188 208
955 985
476 501
744 762
600 638
576 624
31 78
116 154
614 691
928 945
224 256
758 859
832 913
144 168
587 602
74 109
551 578
745 887
793 929
72 104
258 273
220 246
553 584
689 731
167 205
10 90
546 566
22 76
476 483
381 427
366 440
417 463
425 478
425 452
345 388
627 677
49 95
323 391
123 147
443 470
12 69
564 576
331 368
755 864
605 672
757 874
281 315
577 595
767 881
655 734
708 754
569 608
51 128
21 86
70 100
593 656
454 492
330 380
51 133
752 815
180 203
776 844
424 472
425 463
729 754
525 557
526 551
295 311
322 382
175 208
751 799
612 662
130 137
484 516
879 930
875 902
773 815
645 714
442 461
442 470
854 907
612 663
801 910
21 74
433 454
572 613
262 338
319 367
619 686
226 236
61 107
39 105
21 47
731 777
759 805
91 109
866 899
148 167
10 93
748 847
224 260
535 559
285 352
2 38
338 389
881 933
469 493
853 926
664 738
756 881
548 589
678 730
235 291
251 283
772 868
585 606
741 748
582 617
765 868
22 65
225 231
751 810
596 665
127 155
290 322
518 542
201 236
183 224
204 261
969 995
789 804
29 84
528 550
750 852
24 71
712 749
484 520
433 461
219 252
724 757
919 957
595 632
383 413
722 771
775 800
621 702
542 583
814 926
297 343
146 183
373 446
393 413
606 631
727 745
834 933
949 978
590 614
570 611
618 689
588 593
589 596
746 894
289 302
764 822
567 621
9 57
216 250
553 581
464 485
762 849
441 450
318 403
222 251
434 452
458 495
472 480
562 566
223 243
636 723
109 149
752 814
864 931
136 162
935 959
734 757
149 169
144 197
974 997
549 588
754 848
507 524
583 626
598 638
68 100
597 679
144 191
620 655
299 324
588 596
725 784
5 33
167 221
330 381
143 168
418 448
539 561
182 204
838 928
555 565
584 603
417 477
194 218
928 943
749 822
256 265
145 173
758 815
649 729
113 163
297 319
776 822
773 802
218 239
758 890
148 181
257 270
48 129
528 546
177 212
762 790
742 756
220 239
273 308
839 931
147 198
479 487
59 106
673 740
910 940
21 87
459 511
599 635
553 580
236 291
483 513
704 709
12 52
617 647
187 217
93 135
105 142
775 824
263 307
682 739
6 67
195 204
878 936
454 507
80 124
30 69
146 191
768 825
575 622
331 375
627 684
100 162
55 95
851 926
426 455
86 133
319 395
886 899
26 48
716 754
168 214
54 103
781 880
272 330
762 812
124 166
937 972
845 909
502 524
669 728
291 338
276 345
537 549
384 407
579 630
593 681
208 242
268 324
15 46
16 90
15 35
582 627
283 345
887 907
729 784
39 134
788 889
89 117
411 453
131 142
158 175
658 742
632 716
601 682
20 43
560 577
774 799
224 231
832 908
32 54
865 901
760 834
232 263
819 921
907 939
196 204
607 652
312 390
347 396
644 710
663 722
203 228
582 610
318 382
13 51
876 898
691 740
294 340
92 112
518 559
768 882
906 964
410 455
785 868
739 788
19 61
139 193
838 934
602 641
790 931
550 568
834 929
118 152
269 348
720 789
761 850
12 51
4 80
573 591
293 315
207 230
639 727
79 98
276 323
806 917
363 415
899 962
617 700
294 327
563 585
576 605
47 96
413 474
353 403
941 985
555 584
587 614
770 843
86 126
298 301
683 711
151 186
325 371
344 379
389 410
291 356
825 896
756 894
720 759
814 919
595 649
587 618
839 909
224 235
394 424
30 84
183 225
128 147
484 521
745 796
904 953
496 531
28 81
939 987
486 531
558 575
77 125
683 736
381 430
619 637
544 576
757 847
26 72
740 764
735 763
502 539
525 546
614 699
430 466
408 449
426 474
176 214
748 818
776 816
625 638
309 375
747 820
779 842
753 879
14 76
304 376
632 719
203 238
112 166
281 312
931 954
260 288
676 710
269 352
751 824
724 758
784 890
759 844
578 627
617 684
785 877
877 916
531 548
455 483
576 593
771 892
943 974
334 359
23 62
218 241
626 696
735 784
905 943
860 919
301 388
463 481
448 493
736 780
396 438
759 801
11 69
399 431
84 116
359 430
511 530
16 59
904 940
859 921
574 593
601 683
955 976
222 250
436 458
179 223
310 393
277 335
693 734
748 886
350 374
208 232
625 637
190 226
605 677
958 974
772 802
453 508
449 485
160 198
373 443
480 517
586 606
756 862
311 390
422 464
535 547
587 606
602 656
270 322
524 562
142 187
169 226
8 92
250 300
161 169
234 287
762 803
781 820
248 292
105 144
555 567
282 324
294 354
18 53
664 714
919 941
255 293
609 685
259 276
371 439
574 620
398 435
369 432
310 405
91 128
388 442
487 523
431 462
745 882
563 588
454 503
215 240
635 710
589 625
778 817
970 990
271 351
473 498
767 836
266 314
287 317
101 165
759 861
766 814
566 619
73 106
439 465
617 658
319 369
626 688
94 143
662 732
709 771
765 811
166 175
193 200
176 218
393 434
337 376
594 644
214 241
594 636
763 854
614 643
28 40
641 722
15 81
771 797
414 475
566 605
954 986
156 184
772 815
550 583
124 154
340 386
611 699
129 141
352 376
592 699
203 249
747 877
645 718
286 352
575 595
121 161
606 646
941 988
70 96
939 988
131 161
326 380
966 996
251 266
4 44
730 764
73 94
32 72
616 696
6 62
396 440
765 803
651 711
305 383
22 90
538 552
752 816
715 775
786 836
250 294
798 898
608 652
130 144
272 322
775 871
9 90
746 817
81 116
432 457
43 105
365 425
782 801
768 847
533 563
464 492
640 735
755 848
573 608
783 816
153 192
778 837
642 721
755 877
12 58
3 44
227 231
786 829
342 371
405 435
776 810
749 851
754 817
547 573
761 853
623 707
169 201
802 925
317 368
283 351
570 627
568 612
24 78
625 650
772 852
741 786
372 414
198 224
741 771
985 997
527 550
947 987
968 996
87 136
454 500
226 233
737 752
718 771
265 337
798 896
792 921
650 744
173 203
276 316
382 433
738 764
246 270
655 729
389 415
187 226
913 963
767 806
569 620
887 910
44 100
777 831
80 97
464 504
855 908
719 778
371 408
533 556
440 468
702 716
272 329
755 815
612 695
546 573
935 946
327 369
984 992
755 854
330 370
410 456
453 501
156 186
913 949
580 603
737 770
29 83
726 780
168 210
387 413
331 370
416 474
675 716
445 455
564 581
21 37
746 871
376 426
461 493
171 225
465 496
780 893
567 597
488 515
191 227
778 820
766 848
333 365
408 462
658 722
717 776
601 702
435 455
188 216
710 762
554 582
237 265
955 972
568 614
14 57
204 245
499 534
149 183
595 640
753 807
63 117
784 820
14 75
339 401
419 464
131 144
210 257
575 624
209 252
588 624
224 261
522 559
343 369
495 530
223 230
579 627
616 705
695 736
617 659
204 254
940 987
338 402
634 729
601 639
665 717
231 269
68 101
506 526
948 989
165 184
846 925
305 397
757 872
310 404
2 59
330 399
293 326
483 525
829 928
594 698
712 774
771 876
384 428
955 979
11 61
622 647
899 965
1 57
407 458
905 963
295 313
93 124
482 514
603 698
227 245
914 937
749 792
357 426
485 525
286 356
480 520
778 848
602 653
406 426
952 986
437 469
604 672
681 708
167 204
141 171
30 92
955 986
46 113
459 486
313 357
64 120
753 794
385 439
754 798
605 681
217 249
626 683
573 613
114 143
56 118
730 788
52 119
281 332
15 77
269 319
115 155
528 563
516 551
262 351
16 67
576 610
459 481
626 690
12 91
1 74
304 367
161 190
611 665
710 772
274 333
285 320
427 474
780 889
487 539
282 314
722 779
115 137
590 607
565 622
561 570
518 546
75 115
376 409
437 468
161 187
856 903
123 146
272 350
549 569
214 235
680 712
610 666
91 112
405 432
135 166
878 906
715 758
227 252
145 178
32 60
508 530
622 706
619 660
591 655
946 979
573 628
160 175
589 610
772 798
195 200
620 639
395 425
737 789
459 480
598 646
470 480
187 209
87 99
298 320
447 476
950 969
758 830
178 218
904 937
583 623
717 772
734 777
612 680
562 567
288 320
777 865
646 722
560 566
964 967
485 527
381 433
774 845
774 843
811 901
788 876
19 71
242 265
760 801
493 530
541 574
783 829
424 458
454 496
180 221
226 230
193 215
320 370
617 688
770 794
501 515
606 682
218 252
373 422
20 92
155 172
718 776
12 34
209 254
244 272
310 370
592 639
564 584
429 478
312 385
279 352
526 562
410 477
730 751
857 901
562 586
25 33
719 776
38 109
325 364
59 117
942 975
208 254
933 950
35 110
342 391
972 995
599 677
164 187
716 751
765 835
427 460
440 475
291 321
984 993
114 159
234 272
197 202
974 991
255 297
155 199
505 527
589 609
110 140
20 56
334 397
248 266
951 978
231 276
334 364
208 236
287 326
285 345
204 253
181 208
768 806
743 750
668 710
7 44
615 684
450 496
832 911
746 842
593 696
473 484
256 271
332 373
220 230
783 880
91 97
415 459
363 442
590 606
942 980
439 472
426 468
585 629
191 219
642 742
727 784
712 779
281 352
574 624
531 557
863 901
942 987
402 420
767 812
278 355
361 439
949 975
16 53
622 660
449 504
729 746
777 882
28 71
441 456
265 327
909 958
585 617
25 92
760 876
462 488
620 646
398 414
409 474
626 679
591 666
727 785
593 692
655 721
548 573
471 503
751 858
79 120
242 263
712 768
284 316
592 647
907 960
620 701
711 783
4 87
920 956
719 765
943 978
218 245
144 185
777 798
511 538
785 810
350 405
781 869
558 579
3 67
107 166
756 839
37 108
65 133
91 104
553 582
64 131
571 619
71 102
3 40
901 965
17 70
111 159
889 904
970 995
286 314
29 76
106 155
622 693
246 300
133 151
301 364
363 435
413 451
348 387
411 465
121 159
772 845
395 430
275 303
240 271
459 503
763 801
252 291
514 560
503 519
732 784
565 611
445 465
526 555
918 950
758 857
640 721
320 389
211 246
134 146
466 488
617 665
775 858
31 58
766 828
339 368
153 191
936 965
202 255
367 444
838 926
788 828
590 610
721 757
788 836
709 782
37 103
48 126
371 432
947 975
784 831
581 628
627 685
218 234
55 110
119 158
172 222
441 467
62 130
212 250
572 621
297 330
874 898
570 593
509 514
960 976
835 929
19 91
534 552
552 569
754 886
745 893
27 92
244 274
230 269
257 279
932 938
657 708
380 438
772 889
161 185
586 592
406 407
747 873
587 626
170 213
554 588
456 480
946 988
126 159
406 441
654 744
761 868
320 390
183 213
755 865
900 941
610 686
630 649
285 336
378 443
509 535
578 610
928 941
300 348
808 935
458 510
613 644
766 886
600 692
54 113
758 879
758 817
668 712
276 318
458 503
85 103
584 629
376 443
451 486
632 720
89 123
626 643
106 149
890 922
432 460
905 951
237 295
958 967
20 78
265 304
647 725
581 597
179 205
898 937
34 113
612 641
60 112
344 365
785 873
791 904
360 428
838 896
203 250
609 639
734 768
263 325
716 782
774 792
390 445
746 802
379 407
711 760
660 715
523 548
789 812
48 133
601 662
936 948
29 49
353 382
59 134
709 750
476 500
733 754
532 541
523 547
961 969
371 441
258 277
751 830
305 393
381 424
959 976
783 856
162 198
122 158
567 593
723 772
767 823
146 188
215 228
949 971
717 763
386 432
356 368
224 244
531 544
985 1000
378 414
899 955
586 593
393 415
675 728
302 394
632 737
770 857
778 802
866 897
107 145
858 911
474 510
311 369
493 526
772 829
583 621
446 460
396 427
103 137
296 343
13 89
767 854
276 324
861 936
201 259
515 552
753 844
624 667
80 94
87 96
778 866
269 349
531 550
17 82
201 252
967 998
501 528
571 604
531 562
184 216
326 365
582 592
750 811
689 712
882 915
761 797
233 280
625 645
260 267
295 352
650 723
31 60
772 844
597 676
333 395
773 883
599 707
173 216
203 247
728 757
624 654
266 344
941 977
787 839
618 639
46 116
16 35
409 459
965 972
66 118
705 737
487 535
584 598
811 898
382 416
645 721
214 240
818 907
587 624
252 275
768 889
8 63
48 132
397 429
675 724
660 739
546 584
31 44
695 731
204 257
308 361
938 989
249 266
596 681
731 754
491 531
321 403
485 519
68 97
767 844
754 814
208 231
842 913
400 423
234 274
334 380
39 109
762 888
585 608
51 122
958 975
722 747
259 265
250 273
11 91
217 242
682 724
860 916
317 390
21 38
963 981
736 759
152 182
339 372
366 418
343 403
614 705
761 832
245 289
727 749
621 632
336 403
269 323
31 77
590 609
162 168
213 230
64 114
350 378
590 628
7 50
598 662
379 415
714 756
14 44
287 321
962 980
202 247
354 375
461 480
276 315
270 339
276 344
521 543
320 380
770 881
454 491
592 661
727 783
331 378
657 719
673 744
613 660
487 530
330 390
782 810
625 641
577 626
150 176
738 745
278 309
549 585
785 878
710 755
375 446
902 959
153 193
610 632
251 280
715 782
19 78
442 467
471 498
737 747
726 752
598 707
613 693
229 280
733 781
356 374
170 205
195 201
236 282
942 977
2 79
468 489
770 811
116 164
170 214
53 94
410 451
191 209
961 982
773 791
501 519
492 536
312 394
310 369
744 746
18 41
987 996
141 187
612 701
1 75
621 658
562 569
96 154
32 89
692 708
206 234
452 509
480 539
717 752
540 543
275 340
780 861
539 549
867 901
249 263
729 758
159 187
781 888
247 269
902 950
606 664
247 300
326 402
308 373
145 167
881 923
154 197
791 910
235 273
606 673
948 983
179 210
604 634
764 881
563 584
69 112
592 670
603 666
628 671
445 459
765 800
882 934
76 96
17 36
772 842
447 466
750 875
112 145
750 809
62 94
684 739
877 930
19 43
153 174
749 841
180 209
788 833
768 833
26 91
569 626
713 778
17 34
473 509
880 926
409 467
905 950
397 420
583 596
108 138
208 239
965 982
723 754
566 622
431 478
184 211
922 955
709 783
139 179
960 978
156 188
31 64
256 283
276 353
130 138
602 668
453 480
718 781
744 755
830 931
5 68
782 888
244 300
232 278
748 827
480 533
304 400
154 194
3 88
705 712
545 590
585 610
2 64
2 73
24 39
889 930
182 220
186 218
767 895
844 931
593 674
591 689
14 72
435 465
568 607
765 801
655 733
645 734
139 185
319 388
301 365
788 835
11 55
151 187
587 593
762 796
282 345
576 594
934 951
755 804
233 295
3 65
31 70
585 612
763 848
156 195
27 39
271 318
374 440
12 56
347 379
781 799
788 878
374 445
165 190
475 505
78 134
988 999
624 672
607 632
967 995
936 954
33 130
762 791
64 129
580 600
824 917
11 70
751 874
456 494
455 498
262 348
562 588
343 368
466 504
172 215
784 812
839 912
715 780
931 948
56 96
403 423
13 81
236 299
913 943
626 705
305 404
605 705
755 887
192 226
747 847
52 116
681 739
512 549
834 921
615 695
609 669
917 963
569 609
313 386
8 86
312 377
708 750
498 533
741 757
365 433
547 582
547 578
418 457
139 169
363 431
193 226
225 230
481 537
19 84
264 325
783 849
783 828
287 318
863 932
377 421
951 976
11 51
875 920
758 856
