1000 3000 100
1 2 1 1 1 4 1 2 5 13 1 6 22 1 3 11 1 3 8 26 1 2 14 1 3 3 13 1 6 25 1 7 32 1 2 5 17 1 7 17 1 2 6 23 1 1 7 22 1 7 29 3 8 24 18 8 8 39 2 7 28 2 14 5 8 40 7 5 24 2 6 24 16 6 8 58 8 6 22 2 14 6 6 22 3 3 10 37 12 5 9 31 3 6 15 2 7 26 2 1 
1 2
1 3
2 4
4 5
5 6
6 7
6 8
6 9
6 10
9 11
11 12
11 13
12 14
12 15
12 16
12 17
13 18
14 19
14 20
14 21
15 22
15 23
16 24
18 25
18 26
18 27
18 28
18 29
18 30
18 31
31 32
32 33
32 34
32 35
32 36
32 37
32 38
34 39
34 40
34 41
34 42
34 43
34 44
35 45
35 46
35 47
35 48
35 49
35 50
36 51
37 52
37 53
37 54
38 55
38 56
38 57
38 58
38 59
38 60
60 61
61 62
61 63
61 64
62 65
63 66
63 67
63 68
63 69
63 70
63 71
63 72
64 73
64 74
64 75
75 76
76 77
76 78
76 79
77 80
77 81
78 82
78 83
78 84
79 85
79 86
79 87
80 88
80 89
80 90
80 91
81 92
81 93
81 94
81 95
81 96
82 97
82 98
83 99
83 100
84 101
84 102
84 103
84 104
84 105
86 106
86 107
87 108
87 109
87 110
87 111
87 112
87 113
113 114
114 115
114 116
115 117
115 118
115 119
115 120
115 121
115 122
115 123
116 124
116 125
116 126
116 127
116 128
116 129
116 130
130 131
131 132
131 133
131 134
134 135
134 136
134 137
135 138
135 139
135 140
135 141
135 142
135 143
136 144
136 145
137 146
137 147
137 148
137 149
137 150
150 151
151 152
151 153
151 154
151 155
151 156
151 157
152 158
152 159
152 160
152 161
152 162
152 163
152 164
153 165
153 166
153 167
153 168
153 169
154 170
154 171
154 172
154 173
156 174
156 175
157 176
157 177
157 178
157 179
157 180
157 181
157 182
182 183
183 184
183 185
183 186
183 187
183 188
183 189
183 190
184 191
184 192
184 193
184 194
184 195
185 196
185 197
185 198
186 199
186 200
186 201
186 202
186 203
186 204
186 205
187 206
187 207
187 208
187 209
187 210
187 211
187 212
188 213
188 214
189 215
190 216
190 217
190 218
190 219
190 220
190 221
190 222
222 223
223 224
223 225
224 226
224 227
225 228
225 229
225 230
226 231
226 232
226 233
226 234
227 235
227 236
227 237
227 238
228 239
228 240
228 241
228 242
228 243
228 244
228 245
230 246
230 247
247 248
248 249
248 250
248 251
248 252
248 253
248 254
248 255
250 256
252 257
252 258
252 259
252 260
252 261
252 262
252 263
253 264
253 265
253 266
253 267
253 268
253 269
254 270
254 271
255 272
272 273
273 274
273 275
274 276
274 277
274 278
274 279
275 280
275 281
276 282
276 283
276 284
277 285
277 286
277 287
277 288
277 289
278 290
278 291
278 292
278 293
278 294
278 295
278 296
279 297
279 298
280 299
280 300
280 301
280 302
280 303
281 304
304 305
305 306
306 307
306 308
306 309
306 310
306 311
306 312
306 313
308 314
308 315
308 316
308 317
308 318
309 319
309 320
309 321
309 322
309 323
309 324
309 325
310 326
310 327
310 328
311 329
311 330
313 331
313 332
313 333
313 334
313 335
335 336
336 337
336 338
336 339
336 340
336 341
336 342
337 344
337 345
337 346
337 347
337 348
338 349
338 350
339 351
339 352
339 353
339 354
340 355
340 356
340 357
340 358
341 359
341 360
341 361
341 362
341 363
342 364
342 365
342 366
342 367
342 368
342 369
369 373
373 376
373 377
373 378
373 379
373 380
373 381
373 382
377 384
377 385
378 386
378 387
378 388
378 389
378 390
379 391
379 392
379 393
379 394
379 395
379 396
380 397
380 398
380 399
380 400
380 401
380 402
380 403
382 404
382 405
382 406
406 408
408 426
408 427
426 434
426 435
426 436
427 437
427 438
427 439
427 440
434 442
434 443
434 444
434 445
434 446
434 447
434 448
435 449
436 450
436 451
436 452
437 453
437 454
437 455
437 456
437 457
437 458
437 459
438 460
438 461
438 462
438 463
438 464
439 465
439 466
439 467
439 468
439 469
440 470
440 471
440 472
440 473
473 481
481 483
481 484
481 485
481 486
481 487
481 488
483 490
483 491
483 492
483 493
483 494
483 495
483 496
484 497
484 498
484 499
485 500
485 501
486 502
486 503
486 504
486 505
486 506
486 507
486 508
487 509
487 510
487 511
487 512
487 513
488 514
488 515
488 516
516 518
518 520
520 534
534 539
534 540
534 541
534 542
534 543
534 544
534 545
539 547
539 548
539 549
540 550
540 551
540 552
540 553
540 554
540 555
540 556
541 557
541 558
542 559
543 560
543 561
543 562
544 563
544 564
544 565
544 566
544 567
544 568
545 569
545 570
570 587
587 594
587 595
587 596
587 597
594 599
594 600
594 601
594 602
595 603
596 604
596 605
596 606
596 607
596 608
597 609
597 610
597 611
597 612
597 613
597 614
597 615
615 623
623 625
623 626
623 627
623 628
623 629
626 631
626 632
626 633
626 634
626 635
626 636
626 637
627 638
627 639
627 640
627 641
627 642
628 643
628 644
628 645
628 646
629 647
629 648
629 649
629 650
629 651
629 652
629 653
653 655
655 671
671 677
671 678
671 679
671 680
671 681
671 682
671 683
677 685
677 686
677 687
677 688
677 689
678 690
679 691
679 692
679 693
679 694
679 695
679 696
680 697
680 698
681 699
681 700
681 701
681 702
681 703
682 704
682 705
682 706
682 707
682 708
682 709
683 710
710 743
743 751
743 752
743 753
743 754
743 755
751 757
751 758
751 759
751 760
751 761
751 762
752 763
752 764
753 765
753 766
753 767
754 768
754 769
754 770
754 771
754 772
754 773
754 774
774 779
779 781
781 795
795 801
795 802
795 803
795 804
795 805
801 807
801 808
801 809
801 810
802 811
802 812
802 813
802 814
802 815
802 816
802 817
803 818
804 819
805 820
805 821
805 822
805 823
823 829
829 832
829 833
832 835
832 836
832 837
832 838
832 839
832 840
832 841
833 842
833 843
835 845
835 846
836 847
836 848
836 849
836 850
836 851
836 852
836 853
838 854
838 855
838 856
839 857
839 858
839 859
839 860
839 861
839 862
839 863
840 864
840 865
840 866
840 867
840 868
842 869
842 870
842 871
842 872
842 873
842 874
843 875
843 876
843 877
843 878
843 879
843 880
880 882
882 894
882 895
894 899
894 900
894 901
894 902
895 903
895 904
895 905
895 906
899 908
900 909
900 910
900 911
901 912
901 913
901 914
902 915
902 916
903 917
903 918
903 919
903 920
903 921
903 922
905 923
905 924
905 925
906 926
906 927
906 928
906 929
906 930
906 931
931 939
939 942
939 943
939 944
939 945
939 946
942 948
942 949
942 950
942 951
944 952
944 953
944 954
945 955
945 956
945 957
945 958
946 959
946 960
946 961
961 963
963 965
963 966
963 967
963 968
963 969
963 970
965 972
965 973
965 974
965 975
965 976
966 977
966 978
966 979
968 980
968 981
968 982
968 983
968 984
968 985
968 986
970 987
970 988
970 989
970 990
990 998
998 1000
999 1000
991 999
992 999
993 999
994 999
995 999
996 999
997 999
971 997
964 971
962 964
947 962
940 947
941 947
932 940
933 940
934 940
935 940
936 940
937 941
938 941
907 938
896 907
897 907
898 907
883 896
884 896
885 896
886 896
887 896
888 896
889 897
890 897
891 897
892 898
893 898
881 893
844 881
834 844
830 834
831 834
824 830
825 830
826 830
827 830
828 831
806 828
796 806
797 806
798 806
799 806
800 806
782 797
783 797
784 797
785 797
786 798
787 798
788 798
789 798
790 798
791 798
792 798
793 800
794 800
780 794
775 780
776 780
777 780
778 780
756 778
744 756
745 756
746 756
747 756
748 756
749 756
750 756
711 744
712 744
713 744
714 744
715 744
716 744
717 745
718 746
719 746
720 746
721 746
722 746
723 746
724 747
725 747
726 747
727 747
728 747
729 748
730 748
731 748
732 748
733 748
734 748
735 749
736 749
737 749
738 749
739 749
740 749
741 750
742 750
684 742
672 684
673 684
674 684
675 684
676 684
656 672
657 672
658 672
659 672
660 672
661 672
662 674
663 674
664 675
665 675
666 676
667 676
668 676
669 676
670 676
654 670
630 654
624 630
616 624
617 624
618 624
619 624
620 624
621 624
622 624
598 622
588 598
589 598
590 598
591 598
592 598
593 598
571 588
572 588
573 589
574 589
575 589
576 591
577 591
578 591
579 591
580 591
581 593
582 593
583 593
584 593
585 593
586 593
546 586
535 546
536 546
537 546
538 546
521 535
522 535
523 535
524 535
525 535
526 535
527 535
528 536
529 536
530 537
531 537
532 537
533 537
519 533
517 519
489 517
482 489
474 482
475 482
476 482
477 482
478 482
479 482
480 482
441 480
428 441
429 441
430 441
431 441
432 441
433 441
409 429
410 429
411 429
412 429
413 430
414 430
415 430
416 430
417 430
418 431
419 431
420 432
421 433
422 433
423 433
424 433
425 433
407 425
383 407
374 383
375 383
370 374
371 374
372 374
343 372
249 266
613 623
343 350
754 767
518 527
646 655
229 236
153 163
80 95
339 370
153 159
859 886
277 298
684 687
383 399
725 743
438 475
279 303
188 217
250 266
943 953
518 521
791 795
276 291
312 325
186 192
513 518
895 907
595 607
154 163
626 649
964 966
86 99
36 48
484 511
378 393
849 893
779 790
484 501
684 738
341 372
226 237
339 372
382 386
628 636
803 821
683 734
308 326
541 570
524 537
684 699
947 950
539 580
350 374
250 264
680 719
152 168
679 740
440 450
84 95
833 837
836 870
229 247
535 544
684 706
518 530
230 231
64 68
964 967
62 66
378 384
14 23
313 329
440 451
80 105
571 590
62 67
342 371
900 915
539 585
343 361
383 384
679 706
582 587
803 822
37 44
595 617
899 936
116 119
156 165
597 603
843 850
738 746
628 651
681 711
279 293
82 100
376 384
835 850
215 223
544 580
596 603
682 696
518 528
251 260
86 105
17 19
903 927
652 656
642 661
440 463
396 424
755 770
543 551
340 354
903 935
755 759
438 473
488 495
157 163
682 712
33 59
338 367
189 198
805 810
837 876
252 267
596 599
543 558
800 804
794 799
486 491
594 607
392 421
841 852
132 135
81 107
802 825
751 765
374 376
33 50
749 751
392 418
386 409
7 11
542 580
488 510
964 970
188 195
252 270
382 397
834 836
228 232
647 661
188 222
190 206
630 641
338 356
680 726
440 457
755 757
683 709
965 982
543 555
380 391
87 107
627 650
537 542
779 788
628 635
970 975
185 211
681 688
252 272
677 713
489 514
963 971
342 355
13 17
146 151
672 677
840 858
791 796
77 84
518 525
642 666
482 485
630 651
849 886
684 717
427 441
780 782
341 346
948 964
184 198
394 424
189 195
539 575
184 205
678 742
627 643
487 496
187 197
250 260
434 472
339 369
630 636
489 506
184 207
835 871
837 866
38 44
10 11
538 542
966 994
681 713
539 566
900 913
85 105
838 851
189 208
187 196
625 651
762 780
368 374
624 627
488 513
964 965
832 844
595 606
761 779
802 828
779 782
279 289
843 853
437 446
82 90
628 653
626 651
376 386
835 867
940 943
84 109
980 999
779 784
252 265
190 214
249 268
279 300
837 847
382 388
751 766
801 826
33 57
486 515
832 843
154 169
436 469
598 617
940 946
894 905
947 955
342 350
432 438
487 492
966 983
408 430
546 580
674 680
536 545
375 378
486 501
728 746
157 166
313 326
62 70
277 304
897 899
834 842
824 829
309 332
485 502
968 988
189 220
838 863
901 935
426 439
825 829
233 248
228 231
878 883
153 162
842 866
840 878
906 934
820 830
703 749
276 304
519 527
181 183
789 795
682 725
549 588
676 681
684 704
137 140
801 816
598 614
87 90
747 752
642 668
184 203
680 710
838 867
595 618
518 524
628 649
312 317
672 679
804 820
595 620
441 447
901 928
833 836
395 410
603 623
311 320
817 829
594 617
679 702
624 625
281 294
67 76
900 938
116 120
945 962
944 958
386 412
907 937
683 730
86 100
85 104
448 482
8 11
598 613
230 244
339 363
681 712
438 442
634 664
154 167
595 609
480 481
137 143
338 352
279 282
838 876
489 498
543 579
708 743
407 413
441 444
836 874
190 201
545 551
487 493
629 635
62 68
939 947
338 369
841 857
311 319
842 877
861 883
185 213
684 718
751 775
951 963
405 417
954 964
682 713
722 748
905 921
544 574
543 586
565 588
430 435
277 297
379 406
157 172
281 284
598 611
915 940
780 789
482 483
33 41
310 317
431 438
804 807
103 114
751 772
337 356
378 395
254 263
595 612
522 534
652 664
595 602
155 167
597 607
911 941
249 256
516 519
644 662
799 802
342 346
423 431
184 217
752 757
543 565
755 763
519 523
14 22
190 215
413 429
432 439
839 876
700 749
253 259
902 934
434 471
969 994
3 4
541 572
545 575
683 685
438 474
342 359
487 497
435 452
903 916
682 718
782 799
184 214
86 88
646 659
844 863
680 736
627 646
83 96
548 590
249 259
542 566
682 714
188 204
815 830
187 218
676 683
375 380
342 362
276 298
901 927
943 948
625 654
64 65
970 994
538 540
187 216
967 972
594 619
280 287
694 748
342 345
677 740
376 392
281 288
838 848
674 681
803 828
309 334
804 813
319 336
17 20
969 986
844 859
190 211
898 901
682 738
842 853
801 813
83 90
17 30
307 314
944 961
555 593
971 977
985 998
677 706
779 791
736 747
377 390
399 420
902 928
489 508
680 703
596 619
841 879
18 23
377 389
518 529
116 118
435 454
541 561
544 575
906 909
783 796
941 946
518 526
682 701
85 102
628 642
380 395
680 713
542 548
624 629
594 612
34 53
115 124
187 214
638 663
626 654
901 909
835 854
149 151
846 882
77 83
905 917
308 332
843 863
680 742
927 940
938 940
487 508
485 515
838 847
805 828
77 82
436 473
588 595
597 617
437 476
755 762
884 894
878 887
187 200
971 988
338 348
184 210
780 790
78 86
708 748
487 500
157 160
137 145
544 582
17 26
545 574
630 644
903 909
899 920
870 889
674 683
672 683
782 795
590 595
519 525
678 735
337 364
627 637
253 263
393 417
841 870
836 857
818 830
277 301
593 597
440 461
675 678
684 729
33 56
680 706
230 239
486 495
541 568
623 630
968 989
536 540
543 569
589 596
275 276
154 175
767 779
254 266
390 418
79 83
644 661
633 665
643 667
237 248
312 334
33 39
651 655
405 410
339 357
680 699
840 853
168 183
339 360
904 916
435 450
669 672
656 676
435 464
546 581
542 553
154 164
487 502
595 615
85 99
135 146
900 916
907 919
484 509
751 764
439 463
343 348
830 833
376 385
154 165
540 573
250 267
435 480
185 220
753 762
81 111
661 676
755 767
680 709
79 81
685 744
643 668
409 426
952 963
854 882
753 760
804 823
684 730
594 604
891 894
157 159
546 562
680 696
801 823
153 175
836 846
671 684
34 49
900 920
637 659
229 231
14 31
519 530
184 216
739 747
486 509
805 815
683 702
541 560
409 428
543 574
379 402
280 291
802 821
719 750
899 911
541 573
541 575
188 193
416 426
152 177
341 344
940 942
679 723
136 148
682 694
441 451
380 387
655 673
841 868
189 202
310 318
488 498
844 871
254 272
836 879
338 357
80 98
432 435
684 720
85 98
436 465
377 391
156 159
788 796
308 319
341 356
803 809
682 731
115 127
277 302
651 662
277 291
341 352
894 907
907 930
639 662
944 956
519 526
648 667
836 877
17 31
437 444
838 850
488 504
64 70
251 265
276 288
308 335
542 582
155 164
820 829
638 666
833 841
414 429
519 528
866 890
796 803
280 284
598 607
683 699
902 908
656 673
678 728
310 315
681 724
985 999
942 960
835 851
944 960
487 495
991 998
684 707
173 183
841 873
188 211
188 194
62 71
650 662
541 563
582 590
404 413
683 697
280 290
625 635
965 991
17 23
486 493
440 455
890 894
230 242
519 520
792 796
785 795
651 661
133 135
340 347
518 531
342 356
292 305
152 165
519 531
433 436
519 521
136 141
145 151
185 210
437 480
154 180
840 877
155 172
841 865
249 271
374 382
312 326
188 200
156 176
383 397
378 406
539 579
228 235
519 529
64 72
752 770
435 477
629 639
842 855
942 959
250 272
805 814
188 203
154 160
679 700
137 144
683 726
797 804
387 417
136 139
64 66
281 285
971 993
410 431
189 203
82 95
684 727
381 396
249 265
678 725
15 21
595 613
256 273
664 672
434 465
626 648
677 708
38 43
153 179
382 399
798 805
835 857
35 60
680 737
841 849
746 751
844 853
377 403
683 693
488 492
753 768
539 572
378 392
837 867
82 112
308 322
83 111
431 436
643 660
803 814
754 764
840 848
901 908
897 903
251 267
960 963
681 709
274 280
626 640
428 439
657 675
758 780
967 982
420 431
441 461
896 900
342 347
598 621
591 596
438 477
280 282
355 375
785 796
679 685
593 595
546 553
779 787
437 475
342 370
630 638
683 688
679 731
381 405
377 396
543 556
783 799
751 769
437 465
280 288
542 579
858 891
969 990
14 27
965 978
184 213
836 858
804 817
155 179
628 641
968 973
425 431
678 727
546 554
546 567
625 647
965 979
649 655
780 785
837 846
728 749
309 326
898 904
81 89
230 245
838 864
36 45
544 578
406 419
853 890
903 937
340 348
18 24
187 217
374 377
673 681
315 336
156 181
86 90
780 783
971 995
382 401
683 715
625 642
890 895
797 802
341 357
673 677
895 902
621 623
900 923
338 365
481 489
817 830
780 786
681 708
673 682
597 605
907 927
807 831
436 460
83 104
518 522
536 541
628 647
393 410
439 470
34 46
875 885
313 315
946 957
779 783
228 234
136 147
310 330
186 207
598 606
683 689
649 668
164 183
801 819
901 930
250 263
541 551
803 825
684 697
12 18
414 426
406 412
436 449
682 716
900 932
865 887
855 893
628 633
806 824
279 284
83 106
430 438
379 404
625 639
644 668
540 563
550 588
154 178
806 808
36 55
311 321
482 484
670 672
942 958
137 139
487 505
457 481
542 569
892 897
592 596
540 571
755 761
313 314
594 616
251 271
834 839
438 468
678 729
835 875
390 417
80 102
595 610
83 95
307 327
540 568
858 889
900 930
152 171
752 774
680 690
379 405
941 945
38 52
84 89
690 750
684 728
18 20
971 994
682 692
886 894
155 158
189 200
965 977
680 728
689 743
806 807
903 930
188 208
797 803
844 869
482 488
274 281
677 710
255 265
683 741
839 847
137 138
381 397
780 784
388 421
386 410
964 969
187 202
415 429
642 659
264 273
33 49
581 591
885 895
539 570
685 747
229 246
597 620
86 111
886 895
189 210
902 932
307 322
14 29
376 390
156 166
62 73
189 221
752 766
36 53
355 373
598 603
379 389
135 149
347 373
654 664
36 57
185 200
597 608
681 704
14 30
279 294
381 394
739 743
435 461
967 990
756 768
159 183
903 923
682 700
640 657
279 288
189 211
903 936
189 222
640 660
837 881
868 893
250 259
275 278
596 616
544 560
756 772
836 845
250 262
537 543
903 914
904 909
36 42
450 481
416 429
542 561
519 532
833 835
628 631
541 553
841 847
829 834
390 408
970 996
945 950
33 44
83 102
636 661
536 539
377 388
518 533
338 362
419 427
532 536
489 510
837 879
836 872
434 480
377 407
136 138
310 316
16 28
684 695
226 235
34 45
154 179
546 547
254 267
208 223
804 825
18 19
780 791
435 460
841 855
802 809
970 979
967 976
941 942
598 605
281 296
337 351
17 27
905 928
412 431
841 862
437 470
644 659
85 97
313 320
392 417
615 624
86 109
87 101
624 628
845 888
188 212
745 752
610 624
313 318
441 470
153 161
901 923
439 475
844 868
732 743
843 852
679 720
895 900
85 110
441 457
384 422
667 674
678 687
249 267
896 903
38 51
943 955
545 576
80 101
598 599
343 360
542 571
153 164
594 618
788 799
748 754
547 588
947 954
903 908
184 208
37 58
188 220
626 639
277 300
677 695
225 227
596 609
154 158
255 262
229 245
984 999
632 670
190 199
376 404
312 315
756 771
868 882
276 289
157 174
280 297
539 557
634 670
838 858
539 553
894 904
309 327
80 106
682 720
186 222
311 331
383 402
833 839
574 587
399 413
971 975
135 147
660 676
870 893
899 938
254 260
684 703
64 71
543 584
227 245
379 387
439 453
968 993
84 111
426 441
187 198
968 977
626 645
87 104
981 998
456 481
85 107
894 903
779 789
901 919
542 563
277 294
36 56
679 716
855 882
483 515
278 283
396 423
485 512
83 103
787 795
152 179
679 709
545 565
871 883
337 367
340 365
255 257
184 211
968 974
726 748
679 705
17 21
228 233
680 718
842 854
255 268
841 880
545 557
844 870
630 650
339 361
968 991
540 580
155 181
419 426
752 762
376 405
835 864
436 463
905 929
625 652
33 42
439 472
646 670
115 125
393 421
683 692
229 234
79 82
901 936
678 734
570 592
779 793
670 673
752 768
899 914
780 793
489 500
411 431
405 420
840 862
751 763
440 466
749 754
867 889
418 426
156 173
152 174
438 449
34 51
539 567
87 97
843 854
752 778
341 350
34 57
851 882
843 872
14 24
280 295
966 996
754 777
138 151
869 891
15 29
389 416
189 212
844 847
969 985
654 663
380 384
338 353
924 941
379 385
38 50
895 901
751 773
835 877
37 39
969 976
644 667
968 987
388 417
677 741
308 331
594 609
439 477
250 269
905 911
754 778
440 468
881 889
877 887
682 715
591 597
683 725
668 675
375 379
679 687
575 590
542 547
677 739
558 591
227 247
640 667
679 717
118 131
628 652
226 247
899 912
82 111
596 620
680 688
338 360
281 300
678 716
383 398
396 417
747 751
777 779
15 25
185 222
630 640
682 742
935 939
683 704
402 415
596 602
683 690
678 723
836 876
343 363
682 697
307 326
195 223
541 555
971 985
542 560
224 228
486 513
887 894
546 572
116 117
626 643
281 286
104 114
625 640
310 334
539 559
629 654
750 754
839 869
296 305
13 15
436 448
388 420
259 273
745 755
380 404
904 935
226 245
37 48
589 594
682 740
190 212
417 428
721 747
397 418
832 842
389 412
896 905
376 403
252 269
136 149
342 348
680 720
843 881
838 871
389 408
78 85
400 417
307 329
834 835
440 445
434 478
281 290
713 748
485 508
653 663
136 142
280 296
684 736
452 482
874 888
541 574
578 588
489 515
753 770
337 362
965 997
988 998
753 774
556 589
684 714
374 379
966 982
801 821
156 160
846 890
839 856
518 523
230 240
112 114
549 591
831 832
434 455
542 586
525 537
905 920
946 958
840 861
903 933
598 616
901 921
676 680
189 216
189 192
844 858
591 594
387 413
441 450
755 760
435 466
546 568
483 508
976 999
373 383
153 158
907 933
126 131
769 780
786 799
439 478
37 40
280 304
964 968
377 387
840 854
338 346
835 881
945 953
453 481
678 686
16 22
434 459
80 110
828 830
594 608
489 493
567 592
34 54
905 919
135 145
900 928
343 355
544 550
253 256
678 732
440 469
845 892
488 497
788 795
226 238
906 910
427 436
755 778
229 235
541 580
435 468
399 424
943 951
686 748
543 548
485 504
87 99
545 568
440 442
678 709
806 820
309 331
546 548
754 765
421 428
803 819
542 557
677 693
683 719
684 725
186 196
595 622
683 706
338 368
893 895
902 929
337 365
876 887
680 707
422 432
341 366
488 502
695 746
539 586
189 194
801 811
758 779
386 414
684 689
378 404
683 737
184 200
943 958
78 80
944 955
135 148
874 891
440 464
483 507
789 797
637 665
35 57
945 959
436 457
840 879
802 823
644 669
541 579
842 856
276 303
84 107
681 728
834 838
540 557
537 540
673 683
846 893
157 173
278 285
906 938
804 812
340 344
947 948
390 419
58 61
546 574
544 552
629 644
573 590
845 882
678 698
752 758
637 660
775 779
807 830
909 939
436 462
188 192
806 815
37 46
667 672
840 850
441 455
652 655
679 733
434 450
624 626
756 766
80 112
986 999
199 223
752 759
35 58
966 972
902 931
899 919
136 146
904 936
254 258
821 831
436 470
437 449
543 559
596 601
840 881
749 752
541 584
80 104
310 331
589 597
970 978
879 885
545 572
63 65
156 162
35 41
834 843
276 299
484 517
136 140
154 174
312 335
887 895
279 302
277 290
904 938
677 718
277 283
625 653
265 273
843 851
37 49
677 723
684 713
489 494
590 597
84 97
378 400
819 830
676 679
684 731
597 601
683 686
437 448
900 934
152 176
188 198
835 852
677 719
836 878
228 238
662 676
755 766
643 658
424 431
806 809
375 381
15 26
439 462
120 131
625 638
392 413
700 743
187 204
946 948
532 535
156 170
540 583
35 43
544 579
487 514
839 881
639 669
537 544
904 923
251 262
85 90
542 572
967 985
406 413
437 452
83 108
753 757
543 572
15 19
756 767
843 858
82 99
430 437
187 193
627 633
185 202
676 677
678 738
876 884
86 104
483 506
434 477
430 439
745 754
536 544
855 883
433 438
337 366
21 32
434 474
400 412
378 398
881 886
803 815
627 647
157 175
651 667
13 16
488 512
680 729
82 104
227 244
639 665
155 161
85 88
546 566
803 817
389 425
426 440
906 925
801 822
681 685
652 662
189 206
844 850
483 503
375 377
343 349
252 264
154 181
598 619
250 271
771 779
519 524
680 704
470 482
115 128
34 60
185 205
528 538
55 61
946 954
628 634
228 246
779 794
525 536
681 719
806 819
276 292
36 59
375 376
254 261
377 397
342 351
343 357
62 69
930 939
71 76
717 744
967 977
839 855
639 656
837 855
279 283
342 372
860 893
955 964
802 808
803 811
683 723
544 577
607 624
255 267
679 697
278 288
33 45
436 480
153 170
804 815
682 711
652 669
545 571
35 39
673 679
907 914
35 44
152 181
343 347
904 917
676 682
484 495
684 690
838 862
677 722
441 468
487 499
279 291
224 230
432 440
539 562
840 847
679 719
563 589
805 809
279 287
136 143
343 356
382 393
312 314
394 411
377 393
379 407
487 490
683 705
382 389
625 643
923 940
672 681
868 887
277 299
302 305
754 761
86 108
971 980
677 735
629 640
684 686
949 963
871 889
630 633
278 298
969 984
783 798
70 76
204 223
678 700
900 926
343 362
379 386
383 389
37 43
633 657
629 634
64 67
540 566
754 775
441 448
684 700
594 615
190 207
438 470
841 848
806 822
435 455
86 103
682 722
308 321
906 924
275 279
84 99
907 909
864 893
799 805
978 999
542 576
541 569
840 845
675 680
441 465
384 420
656 674
680 740
153 172
278 287
900 927
428 434
839 854
341 355
34 48
834 837
968 997
679 714
34 52
489 504
868 892
543 552
374 381
26 32
133 136
537 539
424 427
740 745
718 747
