1000 4000 50
9 20 26 16 29 53 18 14 16 15 19 31 37 16 21 39 10 12 15 14 16 16 16 25 17 20 27 26 21 12 10 11 14 19 30 6 10 14 17 20 48 18 17 17 26 17 17 23 38 2 
1 10
1 11
1 12
10 30
10 31
11 32
12 33
12 34
12 35
30 56
31 57
31 58
31 59
32 60
32 61
34 62
35 63
56 72
56 73
57 74
57 75
57 76
58 77
58 78
59 79
59 80
59 81
60 82
60 83
60 84
61 85
61 86
63 87
63 88
74 101
74 102
74 103
76 104
76 105
76 106
77 107
78 108
78 109
79 110
79 111
80 112
80 113
81 114
81 115
81 116
82 117
82 118
82 119
83 120
83 121
83 122
84 123
85 124
85 125
86 126
86 127
87 128
87 129
88 130
130 154
154 172
172 186
172 187
186 202
187 203
202 217
217 236
217 237
217 238
236 267
236 268
237 269
238 270
238 271
267 304
267 305
267 306
268 307
268 308
270 309
270 310
270 311
271 312
271 313
304 320
304 321
304 322
307 323
307 324
310 325
310 326
310 327
311 328
311 329
311 330
312 331
312 332
313 333
313 334
313 335
324 341
324 342
324 343
326 344
326 345
327 346
327 347
328 348
328 349
329 350
329 351
329 352
330 353
330 354
330 355
331 356
331 357
332 358
332 359
333 360
333 361
334 362
334 363
334 364
335 365
365 380
380 390
390 402
402 417
417 431
417 432
431 447
432 448
432 449
447 463
447 464
447 465
448 466
448 467
448 468
464 479
464 480
464 481
466 482
467 483
467 484
467 485
468 486
468 487
468 488
479 504
479 505
482 506
482 507
482 508
484 509
486 510
486 511
486 512
487 513
487 514
488 515
504 521
504 522
505 523
505 524
505 525
506 526
507 527
507 528
507 529
508 530
508 531
508 532
512 533
513 534
513 535
514 536
521 541
521 542
524 543
524 544
525 545
525 546
525 547
527 548
527 549
527 550
528 551
528 552
528 553
529 554
529 555
529 556
530 557
531 558
531 559
531 560
534 561
534 562
534 563
535 564
564 568
568 594
594 615
594 616
616 627
627 637
637 648
648 662
662 681
681 711
711 717
711 718
711 719
717 727
717 728
718 729
718 730
718 731
719 732
719 733
727 741
727 742
727 743
729 744
731 745
731 746
732 747
733 748
733 749
733 750
741 758
741 759
742 760
742 761
743 762
744 763
744 764
745 765
745 766
747 767
748 768
748 769
748 770
749 771
749 772
749 773
759 778
759 779
759 780
760 781
760 782
762 783
762 784
762 785
763 786
763 787
763 788
764 789
764 790
767 791
767 792
768 793
768 794
768 795
769 796
769 797
770 798
771 799
772 800
773 801
773 802
802 826
826 844
826 845
826 846
844 861
845 862
845 863
846 864
861 878
861 879
863 880
863 881
863 882
864 883
864 884
864 885
878 904
879 905
879 906
879 907
881 908
881 909
881 910
882 911
883 912
885 913
885 914
904 921
904 922
904 923
905 924
905 925
906 926
906 927
909 928
909 929
912 930
912 931
914 932
914 933
914 934
921 938
923 939
923 940
923 941
924 942
924 943
925 944
925 945
925 946
929 947
929 948
929 949
930 950
932 951
932 952
933 953
933 954
934 955
934 956
934 957
938 961
938 962
939 963
940 964
942 965
943 966
943 967
943 968
944 969
944 970
944 971
945 972
945 973
945 974
946 975
948 976
948 977
948 978
949 979
949 980
949 981
951 982
951 983
951 984
952 985
954 986
954 987
954 988
955 989
955 990
957 991
957 992
992 999
993 999
994 999
995 999
958 995
935 958
915 935
916 935
917 935
886 916
887 916
888 917
889 917
890 917
865 887
866 888
867 889
868 890
869 890
870 890
847 866
848 867
849 868
850 868
851 869
852 869
853 870
854 870
855 870
827 848
828 848
829 849
830 849
831 850
832 850
833 852
834 853
835 853
803 827
804 830
805 830
806 831
807 831
808 834
774 808
751 774
752 774
753 774
734 751
735 751
736 753
720 735
721 735
712 720
713 721
682 712
683 712
684 713
685 713
686 713
663 682
664 683
665 683
666 683
667 684
668 685
649 663
650 663
651 664
652 667
653 667
654 667
638 649
639 650
640 653
641 653
642 654
628 641
629 641
630 641
631 642
632 642
617 630
618 630
619 631
620 631
621 632
595 617
596 617
597 617
598 618
599 618
600 618
601 619
602 619
603 619
604 620
605 620
569 595
570 595
571 595
572 597
573 598
574 598
575 598
576 599
577 599
578 600
579 600
580 600
581 601
582 601
583 601
584 602
585 602
586 602
587 603
588 603
589 604
590 604
591 604
565 591
537 565
516 537
517 537
489 517
469 489
450 469
451 469
433 451
418 433
419 433
403 419
391 403
392 403
393 403
381 391
382 392
383 393
366 381
367 381
368 382
336 368
314 336
315 336
272 314
273 314
239 272
240 273
241 273
218 240
219 241
220 241
204 219
205 219
188 204
189 204
190 205
191 205
173 188
174 188
175 191
176 191
155 173
156 174
157 174
158 175
159 175
160 176
161 176
162 176
131 155
132 155
133 156
134 156
135 156
136 158
137 158
138 158
139 159
140 160
141 161
142 161
143 161
89 143
64 89
36 64
13 36
14 36
15 36
2 14
3 14
4 15
5 15
2 16
2 17
5 18
16 37
16 38
18 39
37 65
38 66
39 67
39 68
39 69
65 90
66 91
66 92
67 93
68 94
68 95
68 96
69 97
97 144
144 163
163 177
163 178
163 179
177 192
179 193
179 194
179 195
192 206
192 207
193 208
193 209
194 210
206 221
206 222
207 223
208 224
209 225
210 226
221 242
221 243
222 244
222 245
223 246
223 247
223 248
224 249
225 250
225 251
225 252
226 253
242 274
242 275
242 276
243 277
243 278
244 279
244 280
245 281
246 282
246 283
246 284
247 285
247 286
247 287
248 288
248 289
249 290
249 291
250 292
250 293
252 294
252 295
252 296
253 297
297 316
316 337
337 369
337 370
370 384
384 394
384 395
395 404
395 405
395 406
404 420
405 421
421 434
434 452
434 453
434 454
452 470
452 471
452 472
453 473
453 474
453 475
454 476
471 490
471 491
471 492
472 493
472 494
472 495
473 496
473 497
473 498
474 499
474 500
500 518
518 538
518 539
538 566
566 592
592 606
606 622
622 633
622 634
633 643
633 644
634 645
634 646
643 655
644 656
644 657
645 658
646 659
646 660
655 669
655 670
656 671
657 672
657 673
658 674
659 675
659 676
659 677
660 678
660 679
669 687
669 688
670 689
671 690
671 691
671 692
672 693
673 694
673 695
674 696
674 697
674 698
676 699
676 700
676 701
677 702
677 703
679 704
679 705
705 714
714 722
714 723
723 737
723 738
723 739
737 754
738 755
739 756
754 775
755 776
775 809
775 810
775 811
776 812
812 836
836 856
836 857
856 871
856 872
856 873
857 874
857 875
857 876
871 891
873 892
873 893
873 894
874 895
874 896
875 897
875 898
875 899
876 900
900 918
918 936
936 959
959 996
996 1000
997 1000
998 1000
960 998
937 960
919 937
920 937
901 920
902 920
903 920
877 903
858 877
859 877
860 877
837 858
838 858
839 858
840 859
841 859
842 860
843 860
813 837
814 838
815 838
816 839
817 839
818 839
819 840
820 840
821 841
822 841
823 841
824 843
825 843
777 825
757 777
740 757
724 740
725 740
726 740
715 726
716 726
706 715
707 715
708 716
709 716
710 716
680 710
661 680
647 661
635 647
636 647
623 635
624 636
625 636
626 636
607 623
608 624
609 625
610 625
611 625
612 626
613 626
614 626
593 614
567 593
540 567
519 540
520 540
501 519
502 519
503 519
477 503
455 477
456 477
435 455
436 455
422 436
407 422
408 422
409 422
396 408
397 408
398 409
385 396
386 397
387 398
388 398
371 385
372 385
373 386
374 387
375 387
376 388
377 388
378 388
338 378
317 338
318 338
298 317
299 317
300 317
301 318
302 318
254 302
227 254
228 254
211 227
212 228
196 211
197 211
198 211
180 196
181 197
182 197
183 198
164 180
165 180
166 180
167 181
168 181
169 181
170 183
145 165
146 165
147 167
148 167
149 167
150 168
151 170
152 170
98 152
70 98
40 70
41 70
42 70
19 41
20 41
21 42
6 19
7 20
8 20
9 20
6 22
6 23
7 24
8 25
8 26
9 27
9 28
9 29
23 43
23 44
24 45
24 46
24 47
25 48
26 49
26 50
27 51
28 52
28 53
29 54
29 55
55 71
71 99
71 100
100 153
153 171
171 184
171 185
184 199
185 200
185 201
199 213
199 214
199 215
201 216
213 229
213 230
213 231
214 232
214 233
215 234
216 235
230 255
230 256
231 257
231 258
231 259
232 260
232 261
233 262
234 263
235 264
235 265
235 266
266 303
303 319
319 339
319 340
340 379
379 389
389 399
389 400
389 401
399 410
399 411
399 412
400 413
401 414
401 415
401 416
410 423
411 424
411 425
413 426
414 427
415 428
415 429
415 430
423 437
423 438
425 439
425 440
425 441
427 442
428 443
428 444
430 445
430 446
439 457
440 458
440 459
441 460
442 461
445 462
462 478
927 952
928 952
489 507
223 265
957 996
391 414
668 698
337 371
558 581
705 711
519 526
381 392
946 985
769 787
512 525
138 157
506 540
841 844
336 377
955 962
956 973
325 366
251 272
296 307
322 347
388 392
467 493
557 588
471 487
157 181
451 464
106 158
239 293
223 264
930 959
614 623
910 929
75 146
100 105
107 155
261 278
767 820
333 344
471 499
766 809
903 904
913 928
530 555
941 976
766 823
489 504
173 199
848 864
952 979
460 463
510 534
430 444
100 116
227 262
956 985
258 281
19 49
389 397
742 758
415 424
69 73
945 964
230 264
562 574
37 57
3 29
719 739
203 228
9 11
539 564
676 681
554 571
233 265
328 360
727 757
728 752
477 486
550 573
233 256
69 84
5 13
491 508
712 721
843 844
38 56
716 723
758 819
678 690
532 565
673 692
7 22
228 250
245 295
724 735
500 519
508 533
315 325
56 78
465 487
22 37
400 411
955 993
653 664
169 177
305 324
446 450
851 871
289 310
946 970
522 543
40 57
401 402
680 704
843 858
218 239
943 975
327 359
761 783
674 694
666 687
752 775
745 776
908 930
273 311
465 495
548 586
417 435
270 313
521 562
657 679
33 64
794 829
212 218
647 654
893 915
651 675
124 168
168 179
938 974
222 256
81 102
334 342
727 751
10 51
562 579
433 458
328 358
169 184
674 691
487 504
187 202
445 459
29 37
713 726
413 421
940 961
849 872
313 321
182 188
130 164
75 116
633 637
441 450
766 824
325 350
955 963
661 668
531 555
196 216
327 368
322 363
664 706
952 967
440 448
494 516
719 735
721 732
479 506
957 977
356 384
636 640
322 346
203 225
574 614
669 681
513 527
188 208
772 791
43 59
231 239
390 406
467 502
816 826
227 261
880 904
338 342
196 214
402 424
57 97
291 307
543 591
494 517
197 216
762 809
178 198
502 512
756 771
877 894
924 957
490 513
889 911
256 271
72 135
557 583
167 184
185 189
514 537
75 131
340 358
540 544
321 369
417 442
935 938
310 328
582 599
656 670
389 391
449 465
313 328
326 374
729 757
77 135
272 315
1 29
162 183
74 141
165 185
76 101
333 342
75 115
259 298
936 943
952 997
873 886
538 542
313 330
819 834
939 970
132 165
906 931
90 144
936 960
108 171
78 152
266 286
875 895
949 987
835 850
679 683
341 386
68 80
74 128
239 286
316 330
840 852
834 860
83 132
264 273
777 824
413 417
9 25
84 128
629 645
656 663
673 709
452 477
421 438
923 942
677 698
948 964
522 544
213 224
939 981
120 165
215 230
18 54
427 431
496 510
198 212
495 511
627 647
269 314
739 747
866 881
647 660
931 957
631 637
876 887
549 574
769 812
233 259
632 647
514 521
622 636
432 450
125 155
593 600
833 856
259 280
72 123
777 823
828 845
336 349
953 992
192 208
144 169
1 17
712 725
478 500
648 664
606 620
227 257
207 219
861 883
258 286
921 953
64 79
419 434
74 118
869 878
151 160
558 593
528 562
120 164
520 522
725 733
224 240
132 169
761 791
875 887
320 366
100 141
231 245
521 555
390 410
23 35
409 419
771 778
82 123
579 612
842 851
212 231
39 58
334 376
416 417
830 845
391 415
776 806
561 583
449 474
801 841
13 53
927 938
209 231
54 58
678 709
941 979
49 70
490 506
312 320
264 283
242 302
717 735
825 835
830 855
762 816
465 503
939 977
766 803
237 288
321 363
631 640
596 621
47 56
493 513
34 71
753 758
607 620
954 969
43 63
28 37
339 363
70 72
80 144
832 844
877 897
677 689
69 75
758 818
521 547
257 291
934 943
568 597
453 465
524 548
234 240
451 465
150 171
61 88
914 923
790 841
324 370
78 133
27 55
760 809
563 591
890 905
182 191
330 367
156 179
629 642
676 683
30 64
37 69
733 757
445 449
24 31
820 843
216 219
734 749
737 751
957 974
695 714
938 971
662 692
756 762
269 316
339 346
758 803
760 820
229 263
19 46
801 842
226 266
678 708
324 366
412 426
911 935
406 424
488 509
471 503
327 362
448 478
402 422
3 17
563 585
895 919
386 400
661 666
85 103
670 701
623 627
174 200
327 352
477 500
241 288
561 568
325 372
753 762
519 522
430 431
947 972
8 21
242 298
391 416
331 349
671 683
77 118
247 282
656 664
761 801
223 257
466 484
280 319
716 724
733 742
238 285
713 724
157 179
165 182
906 937
419 438
916 936
810 837
211 217
743 758
636 643
545 589
828 860
816 842
750 770
670 683
777 788
903 918
206 233
874 901
412 425
774 781
546 571
200 207
770 789
572 603
11 36
898 911
327 379
77 104
50 60
650 664
678 685
478 495
454 472
480 516
918 928
666 700
71 83
87 152
638 654
23 33
917 928
326 368
319 326
323 377
651 674
531 552
958 990
648 679
893 904
765 807
958 985
753 771
597 615
761 812
535 550
254 283
212 234
828 849
671 708
594 619
764 825
761 814
294 318
386 391
953 987
263 300
766 820
871 881
489 509
315 323
208 223
449 467
171 178
635 641
759 799
229 264
936 947
396 409
221 257
493 512
80 109
748 775
758 780
488 517
421 432
342 383
363 385
164 181
26 54
754 770
100 145
920 934
84 143
925 942
17 41
323 370
177 191
856 875
955 991
354 384
331 373
857 864
673 707
960 965
539 557
724 739
889 918
520 532
850 877
614 615
919 923
249 283
332 341
323 358
871 894
428 433
827 847
327 343
71 89
850 867
589 598
421 437
949 966
241 298
448 470
7 28
248 287
89 123
437 447
256 285
455 464
584 614
259 302
463 503
264 280
916 925
165 179
338 370
773 805
58 98
902 909
338 355
680 683
89 137
760 811
751 761
28 54
91 142
455 471
88 142
915 934
325 353
442 450
383 392
917 933
882 914
657 676
325 346
921 946
538 543
267 313
335 374
108 166
601 616
769 814
334 349
86 108
335 342
947 996
738 744
608 615
243 274
542 582
94 119
634 637
906 929
576 606
268 316
97 101
59 77
870 895
676 691
576 614
876 899
209 217
269 304
556 584
427 443
75 132
859 867
392 412
400 408
888 916
62 72
425 436
741 770
858 862
557 587
198 210
321 348
371 386
312 340
321 345
770 781
640 651
82 146
882 908
869 880
211 235
760 814
323 371
72 109
216 228
539 549
512 538
748 773
587 599
256 276
775 793
728 745
584 609
774 806
64 83
733 741
749 770
848 873
250 275
666 706
387 395
644 650
530 550
344 387
864 902
296 317
728 742
473 481
418 442
226 262
881 912
608 616
644 651
93 130
188 205
597 625
115 161
257 270
74 125
933 960
785 830
388 401
158 174
781 834
874 885
81 117
335 370
804 841
530 565
8 19
922 946
371 382
527 559
437 448
392 405
476 494
467 479
665 702
461 471
760 807
778 836
918 930
758 781
266 292
74 134
549 582
657 678
58 87
939 969
675 681
464 482
256 278
885 912
719 727
87 109
808 838
568 598
57 98
98 127
589 613
262 303
59 98
530 543
95 123
74 112
481 516
729 751
309 326
549 591
208 219
772 784
804 829
496 511
736 747
184 200
78 137
572 607
22 43
890 911
525 544
948 982
318 331
864 891
74 116
198 216
916 926
584 606
8 29
87 140
527 560
447 474
751 770
741 772
184 196
48 64
97 114
320 346
928 955
82 142
450 474
224 238
956 963
437 449
951 998
724 731
525 567
475 487
861 881
435 458
425 444
659 671
475 482
645 660
861 897
471 484
156 177
334 359
263 303
519 536
235 243
252 293
89 112
329 344
325 360
502 505
196 203
559 582
421 440
410 419
515 529
937 945
386 401
95 103
257 290
875 883
247 274
776 779
839 855
468 480
783 838
497 507
429 446
598 620
295 319
69 80
678 693
4 19
542 576
462 473
765 820
150 165
633 646
799 826
957 984
324 359
677 683
165 172
740 742
604 621
875 903
185 198
924 947
539 560
802 843
408 419
204 228
746 767
465 488
201 213
27 39
222 266
560 575
40 63
521 556
866 902
923 945
523 553
231 247
312 328
57 95
90 119
375 386
217 251
429 440
447 473
176 189
547 582
721 736
82 103
320 342
446 460
744 767
472 482
953 971
5 11
744 758
92 121
522 562
438 455
6 28
543 587
420 437
926 954
956 979
897 911
314 321
327 355
856 867
88 123
944 982
102 160
462 464
952 962
726 729
388 397
476 485
910 931
768 783
922 945
394 414
99 106
838 859
107 158
518 524
552 578
59 73
7 15
848 875
19 47
273 307
173 189
625 629
483 514
776 780
79 153
679 700
674 684
92 147
388 393
680 697
766 811
146 168
671 707
722 736
767 781
116 167
255 280
446 456
72 149
181 188
514 526
652 662
2 25
334 365
897 913
231 264
78 121
670 688
375 381
15 42
531 554
550 571
181 190
796 829
370 380
906 935
178 193
945 991
510 540
337 358
223 236
416 423
316 324
769 783
752 769
567 572
404 429
849 877
69 74
169 180
607 624
361 386
523 550
787 841
528 561
180 193
872 880
600 626
768 791
338 351
96 147
51 65
832 857
725 729
849 871
625 633
772 787
204 227
26 51
934 960
252 281
90 124
221 240
182 193
562 592
728 741
305 320
649 672
273 317
939 973
727 756
499 514
526 557
602 623
5 10
925 956
925 955
738 752
229 237
384 398
526 550
672 689
847 875
225 257
75 136
177 198
73 105
769 800
781 838
81 130
67 76
322 343
477 484
27 37
751 760
607 622
530 549
197 202
473 479
24 41
406 423
483 509
28 31
199 202
510 529
670 684
77 121
911 937
291 305
561 592
746 769
723 730
185 197
460 474
625 630
40 62
647 651
2 18
885 905
943 969
532 553
797 838
233 242
73 119
510 525
666 684
250 273
580 597
682 713
933 941
648 671
459 475
711 721
236 300
660 666
60 72
720 728
588 614
427 437
103 164
859 866
491 510
953 972
945 987
922 944
231 266
429 435
460 469
396 411
671 706
32 69
374 386
767 779
326 343
762 810
513 539
767 808
321 375
220 249
606 615
766 794
204 230
547 570
638 656
534 546
883 913
958 968
332 373
714 720
41 65
315 322
500 510
603 617
220 239
869 901
531 541
743 769
417 433
761 813
224 244
651 671
63 73
865 895
132 171
455 466
447 475
934 952
818 830
24 42
316 326
496 504
496 506
465 491
850 865
223 238
80 127
912 937
866 892
180 201
936 952
847 865
641 657
408 430
533 542
641 648
611 623
948 961
142 171
236 301
768 778
533 543
984 1000
232 236
929 943
854 868
250 277
425 446
367 382
773 793
903 917
56 81
932 942
562 573
439 450
509 523
871 895
923 943
413 430
841 853
449 476
472 480
67 86
71 75
235 253
198 215
902 914
688 716
537 552
758 782
30 58
383 390
948 969
918 922
74 124
659 664
67 77
427 444
565 584
549 571
465 501
1 22
482 518
220 266
605 617
268 319
645 652
843 852
758 806
558 585
310 331
187 215
948 994
77 153
738 741
353 380
654 666
554 592
58 90
531 547
219 255
387 390
911 925
528 565
145 156
804 835
420 443
477 482
185 193
768 812
538 554
772 806
323 351
573 601
211 228
873 896
225 264
667 697
830 852
405 424
231 248
321 376
771 801
73 144
44 57
214 223
914 921
152 162
951 988
953 974
414 419
544 576
570 605
648 669
354 389
22 54
273 318
724 737
711 722
361 389
54 61
661 662
426 438
864 900
60 81
469 501
277 306
764 818
504 536
959 991
541 590
593 602
93 129
478 487
413 429
872 894
532 559
655 677
428 441
146 154
763 804
586 604
21 47
426 446
923 947
940 991
871 882
333 378
136 157
715 724
827 844
867 903
716 719
508 534
84 153
531 549
282 304
456 466
959 968
4 12
765 823
512 534
214 230
335 347
919 930
755 766
864 880
313 336
929 945
321 365
166 181
470 492
557 579
870 903
91 108
825 829
773 781
87 122
353 386
880 918
218 261
906 922
263 290
906 923
44 63
313 322
672 683
543 574
174 197
485 505
849 874
463 486
106 161
599 621
88 144
716 721
524 549
507 525
97 104
668 708
469 481
869 898
560 583
539 546
668 681
655 662
611 618
238 268
84 144
19 40
639 661
60 89
775 781
545 585
738 748
463 482
619 629
396 407
827 852
38 57
609 624
725 737
918 932
395 416
319 331
528 547
517 540
73 148
641 661
71 76
430 432
506 530
84 121
382 395
762 782
472 498
418 435
942 982
32 64
226 239
166 172
109 164
754 761
474 495
451 470
245 282
384 393
769 793
573 605
899 913
526 547
326 372
961 1000
529 563
924 959
772 792
620 630
674 693
716 725
386 398
56 80
462 475
335 341
55 64
656 675
315 337
960 995
80 126
882 909
634 640
253 295
76 142
551 570
71 92
726 733
665 689
318 324
210 224
19 44
649 678
360 381
942 977
411 423
42 56
406 426
20 44
881 917
229 262
415 426
755 758
328 370
828 858
424 435
174 193
469 482
661 675
163 174
674 705
328 364
476 489
605 625
921 954
507 536
926 950
771 811
86 114
692 715
548 572
6 26
584 599
539 561
173 195
100 134
743 765
244 290
819 838
334 350
958 969
310 322
226 249
959 986
371 380
194 203
228 265
721 727
58 95
725 728
866 895
291 313
59 72
720 733
612 618
625 634
661 679
545 573
393 405
254 296
712 722
877 895
567 579
327 371
853 864
518 521
788 829
544 570
784 839
414 426
77 143
779 826
205 228
843 846
906 934
866 882
197 206
538 564
296 313
932 948
428 435
207 226
543 588
99 124
714 725
532 548
746 766
764 800
445 460
474 486
216 234
91 122
5 17
323 344
264 276
613 619
234 266
234 243
337 353
127 161
235 237
243 283
717 738
35 69
742 773
186 212
337 359
657 664
333 362
878 914
375 388
551 577
225 265
193 213
635 644
407 419
636 641
73 107
836 849
504 538
851 874
666 703
193 216
873 885
446 461
329 374
887 905
177 199
257 275
169 183
140 163
29 46
644 659
111 168
675 683
412 423
459 477
901 914
741 776
761 808
648 666
516 535
22 41
615 636
49 57
265 288
929 938
412 417
34 58
512 530
615 628
253 278
197 214
674 681
333 359
949 970
182 192
874 886
846 870
1 24
654 676
379 386
871 878
2 13
908 925
927 959
752 764
298 311
366 388
669 700
858 867
621 635
834 854
201 202
225 259
475 495
190 209
265 271
234 257
465 499
713 717
726 737
332 355
308 326
260 302
404 422
674 708
784 834
155 179
324 349
888 906
834 859
877 886
162 182
243 284
805 828
730 749
936 954
729 749
631 646
208 226
233 237
501 514
241 300
619 630
916 937
763 802
74 130
769 785
841 854
908 931
384 390
759 807
436 450
740 754
186 205
251 302
419 435
158 179
15 34
511 539
656 662
81 148
832 846
533 551
500 513
9 26
572 598
652 676
878 920
383 394
99 102
482 519
304 333
543 585
660 662
656 674
742 766
434 458
870 886
458 468
942 974
524 546
573 604
946 979
356 383
591 595
574 603
556 582
477 498
2 24
267 314
476 483
13 46
255 270
211 220
237 291
537 558
758 809
589 597
218 266
185 192
501 520
335 356
401 406
9 13
385 392
932 949
460 468
49 56
826 856
943 986
310 330
33 67
724 733
859 871
615 634
515 521
495 519
463 501
863 902
282 305
875 885
662 699
326 350
602 622
51 63
891 920
542 593
233 255
533 548
120 170
592 597
399 413
452 465
835 849
189 207
530 559
538 562
247 303
345 383
91 145
606 626
863 890
460 465
775 799
477 487
305 331
718 732
80 136
723 732
59 96
771 795
765 822
956 972
471 493
163 172
688 713
793 830
836 845
907 932
240 285
261 270
633 647
309 334
765 805
895 905
754 772
483 518
865 902
860 862
760 798
77 112
479 519
327 351
739 742
538 555
934 947
98 148
770 778
172 191
58 85
798 831
262 276
743 760
711 720
456 472
159 184
304 332
54 68
953 978
788 827
161 173
473 499
177 193
524 555
494 507
467 492
420 438
956 993
15 35
469 499
768 804
347 381
585 604
234 261
21 54
63 72
168 174
4 26
642 652
392 409
773 780
233 241
425 435
465 502
22 48
457 468
380 401
393 408
386 392
844 872
633 639
121 165
86 145
505 539
567 573
189 206
219 261
409 425
339 365
773 819
17 38
539 562
667 691
740 751
132 170
457 463
832 856
950 967
309 335
87 121
509 521
548 583
461 469
856 874
551 580
70 99
537 563
773 818
525 560
547 586
83 123
395 411
566 587
426 437
382 393
235 250
11 50
556 583
88 103
623 632
881 905
754 758
29 51
470 484
717 733
73 104
643 660
361 388
373 383
72 152
3 26
875 890
330 369
839 857
70 75
212 230
190 207
290 314
478 494
734 744
239 296
523 563
727 755
86 151
656 678
549 586
766 819
954 992
932 959
926 958
509 534
525 566
790 826
747 759
931 954
872 895
485 509
333 354
198 202
259 284
331 377
642 655
578 601
855 872
405 428
758 804
400 406
917 936
175 190
736 746
431 458
258 296
737 752
501 504
398 410
488 513
211 232
612 621
78 141
213 218
927 947
94 120
211 226
578 598
641 651
257 271
587 605
318 337
524 564
250 297
441 461
321 360
53 66
725 736
413 428
27 53
20 51
750 775
10 55
792 829
758 784
331 347
581 612
190 216
134 159
832 859
232 255
876 881
759 815
648 674
870 893
174 191
177 187
740 749
56 89
478 490
312 338
19 34
650 666
325 367
438 452
667 692
737 749
936 941
734 747
523 565
413 427
765 784
158 183
329 363
927 945
503 516
310 337
257 303
617 635
314 330
748 766
158 173
502 516
214 218
72 126
725 730
863 886
590 602
625 628
936 944
762 794
773 784
91 138
203 229
72 119
307 334
509 533
7 18
425 432
322 374
958 984
14 44
340 364
207 230
529 549
179 190
764 795
381 399
833 851
78 145
471 500
766 796
954 998
514 534
140 162
442 460
456 470
939 964
763 785
345 380
180 189
657 667
331 345
20 33
528 567
339 364
535 559
588 608
656 669
908 922
217 248
318 325
909 923
230 266
565 590
776 788
57 99
857 870
409 427
479 515
791 837
315 328
240 302
311 334
257 298
213 217
539 542
658 663
376 387
839 856
18 43
59 93
894 912
776 798
96 105
735 753
641 650
132 157
608 622
886 905
911 927
447 469
380 397
600 621
573 614
221 247
864 890
537 566
300 306
4 27
299 305
93 106
77 122
564 577
862 882
900 912
734 755
948 968
436 452
546 569
529 550
191 210
420 433
163 183
384 400
537 542
876 893
937 958
712 723
543 572
71 86
320 359
630 638
321 374
697 712
695 712
208 221
199 216
768 810
520 527
322 344
943 993
635 637
515 537
582 612
635 646
631 643
321 353
624 630
204 224
929 957
584 596
93 118
11 49
947 982
938 969
513 525
252 303
410 427
945 995
593 598
340 359
478 479
421 443
577 602
155 182
673 686
477 483
761 823
444 459
781 835
123 165
449 475
670 700
717 731
338 347
319 328
560 585
228 244
241 277
319 322
672 707
94 137
60 77
199 210
202 224
763 797
690 716
535 548
71 94
221 255
870 884
133 163
386 396
649 675
287 319
327 373
584 595
397 413
726 727
87 132
626 633
110 166
238 292
226 237
215 231
851 870
664 682
565 588
937 941
340 374
924 945
769 788
949 983
745 761
181 187
587 614
56 77
551 571
867 898
96 106
336 360
836 851
467 498
927 941
148 166
501 509
292 315
85 149
931 938
467 480
409 421
240 289
903 919
560 588
471 501
798 835
751 776
656 672
88 131
715 720
85 102
316 321
423 432
828 853
831 852
469 483
399 402
50 71
826 848
156 172
531 550
529 558
497 519
168 173
594 620
764 801
923 959
58 84
629 647
397 406
551 584
493 517
255 289
452 474
398 404
847 870
602 624
896 914
468 493
645 657
852 875
304 337
23 41
757 771
829 858
504 539
219 238
753 766
876 903
247 275
419 432
513 530
496 508
188 206
394 409
591 605
89 140
594 622
654 678
481 515
193 207
866 897
844 875
566 588
109 159
83 145
907 924
525 557
768 788
76 151
941 962
624 628
511 528
104 157
755 762
191 211
321 352
535 541
320 372
948 971
230 237
491 518
254 291
438 454
924 946
653 679
413 418
770 815
161 182
325 368
420 439
856 865
20 40
744 760
72 122
13 42
8 11
314 338
324 351
144 158
739 754
649 677
551 581
932 943
762 789
455 470
906 921
804 832
25 45
146 158
48 69
553 581
44 61
958 964
324 372
850 872
759 785
711 726
553 584
89 105
775 805
470 487
746 764
833 855
306 320
10 38
763 779
72 117
544 587
950 988
557 575
175 200
570 611
735 741
28 51
914 928
554 577
84 138
660 668
387 392
764 817
494 505
23 31
917 929
716 718
83 115
742 769
56 74
48 70
935 943
629 639
794 833
828 847
183 191
743 776
658 678
326 370
149 157
675 689
404 421
764 783
81 108
71 78
478 492
449 466
213 226
312 324
13 37
566 590
207 225
338 354
331 351
287 308
872 893
325 354
655 665
651 677
760 783
196 206
333 353
498 511
425 434
189 209
257 299
235 236
186 213
326 360
642 653
987 1000
807 826
440 461
577 597
632 639
103 160
931 947
670 702
546 589
665 710
472 479
489 508
236 290
38 63
908 927
283 306
627 641
141 156
262 269
462 467
373 381
317 331
29 48
554 569
303 318
199 212
645 661
629 640
364 384
209 221
507 534
645 655
528 542
551 591
3 12
463 493
94 121
49 61
601 620
542 577
642 650
510 533
523 552
85 120
435 452
863 900
8 17
403 425
942 983
431 459
909 931
925 960
556 591
87 123
506 525
807 830
700 716
456 468
90 147
57 81
511 536
328 369
69 95
641 649
956 982
224 245
955 994
340 341
13 41
936 957
175 192
331 350
252 283
884 912
398 412
443 448
675 691
326 364
866 885
534 553
533 546
472 503
836 859
333 370
809 841
30 70
56 92
775 807
206 220
167 179
50 69
14 47
486 505
638 657
536 557
228 243
7 16
435 454
597 619
576 608
470 480
536 552
521 554
56 91
768 822
581 599
767 822
666 701
764 819
732 741
720 740
669 697
754 773
212 224
444 461
725 731
87 136
448 475
548 577
745 772
958 966
81 143
762 801
765 779
195 215
840 847
61 73
408 425
7 11
596 618
772 810
217 257
87 125
867 888
165 177
8 18
610 620
470 486
224 239
769 820
279 314
91 106
582 597
217 249
20 48
57 73
878 905
135 154
67 83
590 594
438 461
85 148
227 236
526 559
738 756
502 511
289 306
845 874
768 797
813 833
922 954
757 766
328 359
914 937
649 665
394 413
485 512
93 148
446 451
928 958
331 362
573 596
58 74
219 237
593 611
604 618
173 194
582 605
16 33
342 382
468 490
775 783
956 976
948 995
61 87
212 227
467 488
67 87
720 732
210 228
402 418
188 216
662 701
323 342
919 929
566 571
72 139
874 883
63 100
307 321
249 292
90 104
668 697
468 492
440 451
765 782
558 571
933 943
224 255
328 351
810 839
469 502
107 167
419 436
147 170
505 535
259 296
743 764
679 699
818 833
192 210
203 227
610 623
713 719
269 310
67 81
626 630
720 731
694 713
407 424
762 787
262 301
810 826
15 39
748 777
627 638
245 267
924 958
329 367
576 607
138 169
11 44
746 775
351 388
942 964
567 584
621 630
397 403
596 616
886 918
531 543
72 138
646 657
6 25
339 375
775 824
425 438
269 307
64 72
511 525
848 862
100 113
675 696
588 612
39 57
218 264
570 610
528 559
264 285
769 795
654 675
70 74
369 386
527 563
159 173
260 290
79 112
729 756
520 536
362 382
157 180
476 498
784 829
439 461
19 45
210 230
777 808
542 585
295 306
807 835
628 643
331 361
25 52
160 183
905 930
154 185
27 33
218 245
933 951
57 77
907 929
956 991
904 937
659 680
122 171
173 186
245 285
526 544
488 507
866 889
159 182
954 972
520 524
609 619
503 509
92 115
233 236
665 703
767 810
251 278
735 757
780 831
658 672
66 99
656 680
496 512
652 671
526 549
668 703
617 636
721 739
321 378
176 194
62 81
759 783
740 750
818 828
657 663
296 304
535 563
839 859
957 993
521 550
385 391
646 648
77 108
782 843
202 220
224 265
532 563
86 105
766 800
320 365
772 821
455 472
76 112
679 702
914 926
517 533
751 758
775 814
718 737
163 173
320 378
36 58
632 644
762 823
522 556
307 333
70 86
544 590
287 315
41 67
266 268
674 704
712 726
203 231
960 984
870 887
211 222
829 859
875 892
592 595
269 308
521 566
56 76
635 639
484 516
292 309
327 358
171 181
786 834
663 695
244 302
429 436
333 341
762 806
659 666
107 156
476 488
205 230
763 811
536 551
309 340
918 934
82 112
649 680
297 318
22 53
310 333
455 463
754 759
959 988
325 341
236 294
588 601
17 52
323 368
241 282
504 527
917 926
488 505
574 607
174 195
628 644
356 385
84 132
395 413
104 159
771 818
423 436
351 389
221 262
440 452
205 226
831 860
298 308
950 972
775 790
328 365
862 884
506 524
659 674
731 750
216 224
663 688
89 111
520 526
320 363
542 569
877 887
633 645
924 955
239 292
568 602
19 52
577 601
884 910
219 245
484 511
957 980
669 696
240 300
815 829
244 293
226 259
73 142
837 848
593 612
571 598
511 531
459 464
930 938
787 842
537 541
144 165
627 639
7 13
304 325
503 514
89 116
292 310
487 507
711 725
876 885
204 233
756 763
940 998
211 218
456 475
339 368
596 625
940 966
738 747
431 457
597 624
670 686
958 975
360 380
495 520
269 317
323 352
445 448
243 297
179 192
328 371
440 447
984 999
453 464
728 751
477 491
180 197
221 237
532 557
220 243
435 460
198 208
762 793
208 233
323 364
749 769
815 831
945 989
507 540
11 48
314 322
497 509
621 634
603 626
519 527
403 417
185 196
929 959
475 498
544 588
647 649
246 295
769 798
540 548
199 205
176 198
197 204
537 553
331 379
891 908
414 425
71 77
792 836
182 189
554 572
64 80
56 98
248 298
524 563
532 560
532 551
343 386
751 759
913 937
913 921
319 321
552 592
622 632
336 378
959 982
889 904
766 817
951 994
767 804
263 268
573 602
956 994
958 973
90 117
29 40
530 563
533 555
40 68
58 99
422 433
245 284
555 583
451 473
124 159
864 894
279 309
314 335
336 373
938 996
776 793
59 83
429 444
97 115
945 971
96 151
618 634
408 427
110 168
296 306
778 828
466 479
93 117
429 433
858 868
986 1000
200 202
74 152
922 951
920 925
523 557
253 274
67 100
927 951
398 408
737 745
114 154
6 10
678 686
67 88
511 527
83 135
176 200
70 95
809 837
715 717
338 365
214 222
552 591
869 895
65 85
720 736
722 735
597 618
136 167
198 205
586 603
901 908
