1000 2000 25
21 41 41 41 41 41 41 41 41 42 42 42 42 42 42 42 42 42 42 42 42 42 42 42 21 
1 22
22 63
63 104
104 145
145 186
186 227
227 268
268 309
309 350
350 392
392 434
434 476
476 518
518 560
560 602
602 644
644 686
686 728
728 770
770 812
812 854
854 896
896 938
938 980
939 980
897 939
855 897
813 855
771 813
729 771
687 729
645 687
603 645
561 603
519 561
477 519
435 477
393 435
351 393
310 351
269 310
228 269
187 228
146 187
105 146
64 105
23 64
2 23
2 24
24 65
65 106
106 147
147 188
188 229
229 270
270 311
311 352
352 394
394 436
436 478
478 520
520 562
562 604
604 646
646 688
688 730
730 772
772 814
814 856
856 898
898 940
940 981
941 981
899 941
857 899
815 857
773 815
731 773
689 731
647 689
605 647
563 605
521 563
479 521
437 479
395 437
353 395
312 353
271 312
230 271
189 230
148 189
107 148
66 107
25 66
3 25
3 26
26 67
67 108
108 149
149 190
190 231
231 272
272 313
313 354
354 396
396 438
438 480
480 522
522 564
564 606
606 648
648 690
690 732
732 774
774 816
816 858
858 900
900 942
942 982
943 982
901 943
859 901
817 859
775 817
733 775
691 733
649 691
607 649
565 607
523 565
481 523
439 481
397 439
355 397
314 355
273 314
232 273
191 232
150 191
109 150
68 109
27 68
4 27
4 28
28 69
69 110
110 151
151 192
192 233
233 274
274 315
315 356
356 398
398 440
440 482
482 524
524 566
566 608
608 650
650 692
692 734
734 776
776 818
818 860
860 902
902 944
944 983
945 983
903 945
861 903
819 861
777 819
735 777
693 735
651 693
609 651
567 609
525 567
483 525
441 483
399 441
357 399
316 357
275 316
234 275
193 234
152 193
111 152
70 111
29 70
5 29
5 30
30 71
71 112
112 153
153 194
194 235
235 276
276 317
317 358
358 400
400 442
442 484
484 526
526 568
568 610
610 652
652 694
694 736
736 778
778 820
820 862
862 904
904 946
946 984
947 984
905 947
863 905
821 863
779 821
737 779
695 737
653 695
611 653
569 611
527 569
485 527
443 485
401 443
359 401
318 359
277 318
236 277
195 236
154 195
113 154
72 113
31 72
6 31
6 32
32 73
73 114
114 155
155 196
196 237
237 278
278 319
319 360
360 402
402 444
444 486
486 528
528 570
570 612
612 654
654 696
696 738
738 780
780 822
822 864
864 906
906 948
948 985
949 985
907 949
865 907
823 865
781 823
739 781
697 739
655 697
613 655
571 613
529 571
487 529
445 487
403 445
361 403
320 361
279 320
238 279
197 238
156 197
115 156
74 115
33 74
7 33
7 34
34 75
75 116
116 157
157 198
198 239
239 280
280 321
321 362
362 404
404 446
446 488
488 530
530 572
572 614
614 656
656 698
698 740
740 782
782 824
824 866
866 908
908 950
950 986
951 986
909 951
867 909
825 867
783 825
741 783
699 741
657 699
615 657
573 615
531 573
489 531
447 489
405 447
363 405
322 363
281 322
240 281
199 240
158 199
117 158
76 117
35 76
8 35
8 36
36 77
77 118
118 159
159 200
200 241
241 282
282 323
323 364
364 406
406 448
448 490
490 532
532 574
574 616
616 658
658 700
700 742
742 784
784 826
826 868
868 910
910 952
952 987
953 987
911 953
869 911
827 869
785 827
743 785
701 743
659 701
617 659
575 617
533 575
491 533
449 491
407 449
365 407
324 365
283 324
242 283
201 242
160 201
119 160
78 119
37 78
9 37
9 38
38 79
79 120
120 161
161 202
202 243
243 284
284 325
325 366
366 408
408 450
450 492
492 534
534 576
576 618
618 660
660 702
702 744
744 786
786 828
828 870
870 912
912 954
954 988
955 988
913 955
871 913
829 871
787 829
745 787
703 745
661 703
619 661
577 619
535 577
493 535
451 493
409 451
367 409
326 367
285 326
244 285
203 244
162 203
121 162
80 121
39 80
10 39
10 40
40 81
81 122
122 163
163 204
204 245
245 286
286 327
327 368
368 410
410 452
452 494
494 536
536 578
578 620
620 662
662 704
704 746
746 788
788 830
830 872
872 914
914 956
956 989
957 989
915 957
873 915
831 873
789 831
747 789
705 747
663 705
621 663
579 621
537 579
495 537
453 495
411 453
369 411
328 369
287 328
246 287
205 246
164 205
123 164
82 123
41 82
11 41
11 42
42 83
83 124
124 165
165 206
206 247
247 288
288 329
329 370
370 412
412 454
454 496
496 538
538 580
580 622
622 664
664 706
706 748
748 790
790 832
832 874
874 916
916 958
958 990
959 990
917 959
875 917
833 875
791 833
749 791
707 749
665 707
623 665
581 623
539 581
497 539
455 497
413 455
371 413
330 371
289 330
248 289
207 248
166 207
125 166
84 125
43 84
12 43
12 44
44 85
85 126
126 167
167 208
208 249
249 290
290 331
331 372
372 414
414 456
456 498
498 540
540 582
582 624
624 666
666 708
708 750
750 792
792 834
834 876
876 918
918 960
960 991
961 991
919 961
877 919
835 877
793 835
751 793
709 751
667 709
625 667
583 625
541 583
499 541
457 499
415 457
373 415
332 373
291 332
250 291
209 250
168 209
127 168
86 127
45 86
13 45
13 46
46 87
87 128
128 169
169 210
210 251
251 292
292 333
333 374
374 416
416 458
458 500
500 542
542 584
584 626
626 668
668 710
710 752
752 794
794 836
836 878
878 920
920 962
962 992
963 992
921 963
879 921
837 879
795 837
753 795
711 753
669 711
627 669
585 627
543 585
501 543
459 501
417 459
375 417
334 375
293 334
252 293
211 252
170 211
129 170
88 129
47 88
14 47
14 48
48 89
89 130
130 171
171 212
212 253
253 294
294 335
335 376
376 418
418 460
460 502
502 544
544 586
586 628
628 670
670 712
712 754
754 796
796 838
838 880
880 922
922 964
964 993
965 993
923 965
881 923
839 881
797 839
755 797
713 755
671 713
629 671
587 629
545 587
503 545
461 503
419 461
377 419
336 377
295 336
254 295
213 254
172 213
131 172
90 131
49 90
15 49
15 50
50 91
91 132
132 173
173 214
214 255
255 296
296 337
337 378
378 420
420 462
462 504
504 546
546 588
588 630
630 672
672 714
714 756
756 798
798 840
840 882
882 924
924 966
966 994
967 994
925 967
883 925
841 883
799 841
757 799
715 757
673 715
631 673
589 631
547 589
505 547
463 505
421 463
379 421
338 379
297 338
256 297
215 256
174 215
133 174
92 133
51 92
16 51
16 52
52 93
93 134
134 175
175 216
216 257
257 298
298 339
339 380
380 422
422 464
464 506
506 548
548 590
590 632
632 674
674 716
716 758
758 800
800 842
842 884
884 926
926 968
968 995
969 995
927 969
885 927
843 885
801 843
759 801
717 759
675 717
633 675
591 633
549 591
507 549
465 507
423 465
381 423
340 381
299 340
258 299
217 258
176 217
135 176
94 135
53 94
17 53
17 54
54 95
95 136
136 177
177 218
218 259
259 300
300 341
341 382
382 424
424 466
466 508
508 550
550 592
592 634
634 676
676 718
718 760
760 802
802 844
844 886
886 928
928 970
970 996
971 996
929 971
887 929
845 887
803 845
761 803
719 761
677 719
635 677
593 635
551 593
509 551
467 509
425 467
383 425
342 383
301 342
260 301
219 260
178 219
137 178
96 137
55 96
18 55
18 56
56 97
97 138
138 179
179 220
220 261
261 302
302 343
343 384
384 426
426 468
468 510
510 552
552 594
594 636
636 678
678 720
720 762
762 804
804 846
846 888
888 930
930 972
972 997
973 997
931 973
889 931
847 889
805 847
763 805
721 763
679 721
637 679
595 637
553 595
511 553
469 511
427 469
385 427
344 385
303 344
262 303
221 262
180 221
139 180
98 139
57 98
19 57
19 58
58 99
99 140
140 181
181 222
222 263
263 304
304 345
345 386
386 428
428 470
470 512
512 554
554 596
596 638
638 680
680 722
722 764
764 806
806 848
848 890
890 932
932 974
974 998
975 998
933 975
891 933
849 891
807 849
765 807
723 765
681 723
639 681
597 639
555 597
513 555
471 513
429 471
387 429
346 387
305 346
264 305
223 264
182 223
141 182
100 141
59 100
20 59
20 60
60 101
101 142
142 183
183 224
224 265
265 306
306 347
347 388
388 430
430 472
472 514
514 556
556 598
598 640
640 682
682 724
724 766
766 808
808 850
850 892
892 934
934 976
976 999
977 999
935 977
893 935
851 893
809 851
767 809
725 767
683 725
641 683
599 641
557 599
515 557
473 515
431 473
389 431
348 389
307 348
266 307
225 266
184 225
143 184
102 143
61 102
21 61
21 62
62 103
103 144
144 185
185 226
226 267
267 308
308 349
349 390
390 432
432 474
474 516
516 558
558 600
600 642
642 684
684 726
726 768
768 810
810 852
852 894
894 936
936 978
978 1000
979 1000
937 979
895 937
853 895
811 853
769 811
727 769
685 727
643 685
601 643
559 601
517 559
475 517
433 475
391 433
924 949
95 126
468 490
497 543
706 761
61 84
129 165
918 961
352 431
635 667
159 195
699 734
30 66
443 517
555 566
101 118
502 551
417 455
325 362
159 209
241 284
750 794
48 103
682 716
551 572
949 984
918 949
401 434
711 758
640 683
66 129
25 75
439 489
17 29
180 205
788 845
200 248
694 734
825 877
757 801
509 528
56 67
1 23
400 453
2 38
189 260
860 905
756 804
820 873
431 443
613 680
368 433
104 154
373 433
549 579
203 227
919 943
211 242
533 582
469 485
755 782
450 512
421 447
690 767
718 740
370 397
152 194
229 292
571 632
780 850
554 601
918 948
90 139
704 764
596 619
280 349
43 66
900 965
963 984
315 378
930 961
728 804
219 237
736 773
93 124
956 997
8 61
555 584
816 877
748 772
693 759
677 688
288 324
888 896
554 577
434 481
268 313
227 306
707 730
432 475
631 649
433 443
920 977
736 800
71 133
916 952
541 570
296 324
518 584
757 791
706 754
145 187
62 100
920 971
889 900
780 818
381 413
402 461
218 228
643 679
743 793
112 157
75 108
298 324
416 461
726 737
807 850
389 413
115 169
194 236
737 780
933 965
302 313
712 728
57 93
827 891
637 681
23 80
716 769
390 417
336 370
640 658
111 156
2 25
524 601
773 837
618 666
346 369
87 113
878 927
725 729
946 997
751 784
866 919
559 588
895 936
337 383
666 688
31 63
422 453
282 348
368 398
435 500
575 606
757 806
29 96
6 40
15 48
289 315
856 897
944 999
623 675
132 147
7 58
921 956
505 557
226 254
361 416
977 987
890 903
554 582
580 642
334 362
376 392
150 200
317 360
325 360
779 850
474 495
541 581
571 614
548 562
909 965
50 71
207 227
175 202
976 993
320 359
618 681
739 779
549 563
510 526
5 61
110 152
763 792
715 742
115 181
306 326
936 963
660 710
110 176
478 538
375 396
802 835
658 720
479 540
425 465
900 949
682 697
312 385
298 328
566 620
578 634
670 700
603 644
215 233
172 191
525 583
223 261
279 331
446 515
409 471
218 243
473 494
757 793
478 551
152 221
307 349
393 468
289 323
611 676
177 194
8 27
720 769
572 640
693 749
434 484
771 848
820 876
886 914
121 153
78 118
216 242
865 899
965 988
945 989
197 251
624 674
304 312
521 566
820 884
552 601
742 785
457 503
543 596
455 496
922 954
751 770
769 781
300 347
35 69
134 170
608 644
306 315
167 196
832 862
51 82
603 666
8 32
442 490
187 236
512 539
384 400
162 205
920 951
430 471
853 879
805 825
187 251
845 857
716 762
412 455
621 679
147 221
351 432
575 625
560 618
41 103
299 341
270 327
232 276
797 841
278 320
692 732
502 552
941 985
733 811
818 862
812 865
413 446
9 50
552 587
124 160
722 731
554 585
113 156
832 890
485 549
43 64
780 842
187 266
46 71
26 66
635 649
204 260
900 950
173 188
873 902
714 747
840 880
965 984
121 167
22 72
43 89
88 108
857 931
101 114
311 362
252 275
622 648
589 608
573 612
719 740
673 691
796 814
202 254
276 318
757 811
800 831
60 95
824 863
61 91
979 996
920 954
249 278
353 401
637 677
215 245
257 307
657 692
152 214
403 437
685 714
912 970
51 96
490 553
560 614
377 431
83 129
70 140
158 224
720 759
385 415
451 500
149 191
434 502
14 44
244 271
852 878
758 797
935 960
321 356
364 400
691 752
204 255
147 198
4 59
478 557
845 877
258 292
832 869
502 523
810 825
447 499
67 120
336 350
617 670
9 60
701 745
674 704
94 134
960 993
625 684
413 435
89 126
662 699
790 838
22 100
362 416
149 198
867 905
307 313
674 695
812 857
813 887
933 942
671 718
898 968
718 768
883 929
291 345
89 108
844 895
766 795
417 443
969 1000
554 579
773 844
54 103
443 498
102 120
41 64
221 243
345 355
100 116
802 846
365 399
539 566
466 477
143 164
513 532
386 406
468 484
101 133
145 208
505 526
897 942
327 369
230 274
266 269
179 190
575 635
889 924
637 685
700 765
357 408
381 433
148 210
163 207
799 834
26 78
389 406
18 39
4 58
918 974
946 980
179 226
714 732
384 412
333 377
711 744
136 182
760 785
917 943
266 274
818 892
508 520
91 106
478 540
127 155
778 853
847 877
774 833
841 867
8 31
189 265
791 828
101 119
488 544
310 387
783 845
787 825
822 866
883 912
90 130
681 690
129 156
877 920
800 816
865 930
643 680
364 414
56 86
276 311
16 48
480 536
637 652
881 902
815 866
203 248
435 499
805 844
560 612
97 143
929 938
573 639
20 47
71 105
292 323
741 773
437 516
437 482
966 984
29 77
903 963
154 215
930 958
654 711
539 599
829 854
874 904
598 630
517 553
704 738
201 234
687 730
410 466
66 104
450 514
227 279
584 640
228 291
613 644
403 439
18 62
852 868
319 355
479 535
646 716
275 315
345 384
840 862
326 353
695 765
29 91
964 991
279 315
851 877
532 570
967 986
320 357
19 25
261 306
707 738
947 990
279 344
105 152
396 442
727 759
58 96
934 947
275 332
412 449
943 987
686 746
328 362
22 93
489 548
222 264
616 646
13 41
920 946
555 591
286 347
574 607
524 581
705 736
902 971
609 670
65 143
619 652
133 147
6 33
383 415
142 179
100 117
1 61
17 35
740 770
496 528
512 555
202 229
575 623
466 489
146 190
937 944
462 489
346 367
806 853
531 599
701 756
101 121
962 1000
543 589
822 890
344 380
17 23
399 474
654 697
105 178
349 387
48 76
280 325
20 43
295 335
26 77
86 119
273 348
974 982
67 118
349 369
833 858
415 451
256 279
572 633
760 790
591 640
219 261
460 506
404 473
39 83
168 190
773 834
69 120
881 904
325 385
874 905
196 247
300 331
168 200
13 43
127 147
834 859
822 862
519 597
426 447
967 990
187 264
613 673
233 295
226 233
686 738
299 309
782 840
539 563
291 338
12 39
884 908
397 471
161 199
801 848
730 802
823 889
231 307
61 75
106 175
662 720
725 757
368 429
893 929
650 695
745 777
146 219
130 178
847 857
265 276
838 882
456 509
253 276
51 95
379 406
658 694
745 804
432 437
559 595
858 915
583 608
187 246
173 226
736 807
53 92
548 563
750 798
16 50
57 65
506 556
568 643
749 811
756 797
314 369
443 506
661 707
435 515
509 554
882 911
568 624
893 906
899 978
333 378
104 172
52 96
459 488
573 623
137 162
486 541
230 304
255 270
519 584
469 495
528 563
799 818
798 832
721 748
246 302
194 246
619 657
659 709
504 544
111 182
798 816
267 306
691 742
305 319
796 829
353 397
211 264
868 898
352 412
148 200
794 812
695 754
112 149
470 497
715 745
144 158
274 338
604 667
635 684
241 292
302 336
354 399
870 910
125 169
57 77
323 379
355 396
205 227
484 543
563 619
139 145
837 862
856 932
855 933
825 892
417 454
297 309
766 776
788 831
23 85
34 67
157 200
19 28
348 379
637 649
210 256
608 669
30 80
391 406
970 987
873 901
870 922
564 633
790 818
513 556
890 907
234 308
813 863
694 753
519 564
860 933
498 543
665 710
616 647
722 763
884 923
633 660
947 986
408 445
852 885
758 780
802 840
772 837
767 796
275 345
346 371
827 882
541 566
171 208
118 169
728 796
723 735
595 629
818 890
15 28
795 842
674 687
376 421
860 900
98 134
601 606
130 149
483 532
239 294
892 936
193 243
286 328
727 762
484 556
471 504
117 179
420 456
303 341
91 114
736 799
90 125
276 321
197 262
536 587
572 623
701 768
380 402
188 230
844 888
965 991
557 575
79 133
408 469
19 31
626 671
24 96
675 695
695 730
679 686
703 743
760 805
692 728
21 51
891 913
454 516
504 535
772 831
731 784
83 111
589 602
223 255
549 561
752 786
44 98
10 26
178 202
261 270
139 152
953 988
932 961
612 659
682 704
466 504
946 1000
16 53
939 995
507 546
417 442
482 540
595 619
185 205
105 185
950 988
565 606
638 648
181 202
787 812
915 958
753 784
41 96
780 826
917 949
629 679
208 235
211 246
855 935
17 58
14 46
649 712
258 284
523 566
477 549
334 387
130 182
892 916
233 286
583 623
130 180
442 517
684 687
397 460
89 111
211 248
511 528
900 968
667 708
917 954
23 101
734 774
135 160
217 245
264 271
812 873
472 502
54 66
937 964
144 152
587 617
514 546
421 437
23 92
123 154
411 440
343 383
4 50
395 436
836 876
684 688
185 214
205 254
175 214
876 912
129 152
747 782
639 668
308 342
530 584
199 239
106 149
931 979
844 883
308 331
58 101
461 497
654 713
177 215
623 664
866 918
334 360
891 906
766 782
310 385
69 138
557 601
170 225
770 840
333 365
713 753
223 249
247 277
81 111
34 77
935 946
362 428
699 765
457 514
115 185
808 821
85 113
478 542
740 783
667 686
877 901
702 733
142 175
193 265
910 942
