1000 2000 50
9 20 26 16 29 53 18 14 16 15 19 31 37 16 21 39 10 12 15 14 16 16 16 25 17 20 27 26 21 12 10 11 14 19 30 6 10 14 17 20 48 18 17 17 26 17 17 23 38 2 
1 10
1 11
1 12
10 30
10 31
11 32
12 33
12 34
12 35
30 56
31 57
31 58
31 59
32 60
32 61
34 62
35 63
56 72
56 73
57 74
57 75
57 76
58 77
58 78
59 79
59 80
59 81
60 82
60 83
60 84
61 85
61 86
63 87
63 88
74 101
74 102
74 103
76 104
76 105
76 106
77 107
78 108
78 109
79 110
79 111
80 112
80 113
81 114
81 115
81 116
82 117
82 118
82 119
83 120
83 121
83 122
84 123
85 124
85 125
86 126
86 127
87 128
87 129
88 130
130 154
154 172
172 186
172 187
186 202
187 203
202 217
217 236
217 237
217 238
236 267
236 268
237 269
238 270
238 271
267 304
267 305
267 306
268 307
268 308
270 309
270 310
270 311
271 312
271 313
304 320
304 321
304 322
307 323
307 324
310 325
310 326
310 327
311 328
311 329
311 330
312 331
312 332
313 333
313 334
313 335
324 341
324 342
324 343
326 344
326 345
327 346
327 347
328 348
328 349
329 350
329 351
329 352
330 353
330 354
330 355
331 356
331 357
332 358
332 359
333 360
333 361
334 362
334 363
334 364
335 365
365 380
380 390
390 402
402 417
417 431
417 432
431 447
432 448
432 449
447 463
447 464
447 465
448 466
448 467
448 468
464 479
464 480
464 481
466 482
467 483
467 484
467 485
468 486
468 487
468 488
479 504
479 505
482 506
482 507
482 508
484 509
486 510
486 511
486 512
487 513
487 514
488 515
504 521
504 522
505 523
505 524
505 525
506 526
507 527
507 528
507 529
508 530
508 531
508 532
512 533
513 534
513 535
514 536
521 541
521 542
524 543
524 544
525 545
525 546
525 547
527 548
527 549
527 550
528 551
528 552
528 553
529 554
529 555
529 556
530 557
531 558
531 559
531 560
534 561
534 562
534 563
535 564
564 568
568 594
594 615
594 616
616 627
627 637
637 648
648 662
662 681
681 711
711 717
711 718
711 719
717 727
717 728
718 729
718 730
718 731
719 732
719 733
727 741
727 742
727 743
729 744
731 745
731 746
732 747
733 748
733 749
733 750
741 758
741 759
742 760
742 761
743 762
744 763
744 764
745 765
745 766
747 767
748 768
748 769
748 770
749 771
749 772
749 773
759 778
759 779
759 780
760 781
760 782
762 783
762 784
762 785
763 786
763 787
763 788
764 789
764 790
767 791
767 792
768 793
768 794
768 795
769 796
769 797
770 798
771 799
772 800
773 801
773 802
802 826
826 844
826 845
826 846
844 861
845 862
845 863
846 864
861 878
861 879
863 880
863 881
863 882
864 883
864 884
864 885
878 904
879 905
879 906
879 907
881 908
881 909
881 910
882 911
883 912
885 913
885 914
904 921
904 922
904 923
905 924
905 925
906 926
906 927
909 928
909 929
912 930
912 931
914 932
914 933
914 934
921 938
923 939
923 940
923 941
924 942
924 943
925 944
925 945
925 946
929 947
929 948
929 949
930 950
932 951
932 952
933 953
933 954
934 955
934 956
934 957
938 961
938 962
939 963
940 964
942 965
943 966
943 967
943 968
944 969
944 970
944 971
945 972
945 973
945 974
946 975
948 976
948 977
948 978
949 979
949 980
949 981
951 982
951 983
951 984
952 985
954 986
954 987
954 988
955 989
955 990
957 991
957 992
992 999
993 999
994 999
995 999
958 995
935 958
915 935
916 935
917 935
886 916
887 916
888 917
889 917
890 917
865 887
866 888
867 889
868 890
869 890
870 890
847 866
848 867
849 868
850 868
851 869
852 869
853 870
854 870
855 870
827 848
828 848
829 849
830 849
831 850
832 850
833 852
834 853
835 853
803 827
804 830
805 830
806 831
807 831
808 834
774 808
751 774
752 774
753 774
734 751
735 751
736 753
720 735
721 735
712 720
713 721
682 712
683 712
684 713
685 713
686 713
663 682
664 683
665 683
666 683
667 684
668 685
649 663
650 663
651 664
652 667
653 667
654 667
638 649
639 650
640 653
641 653
642 654
628 641
629 641
630 641
631 642
632 642
617 630
618 630
619 631
620 631
621 632
595 617
596 617
597 617
598 618
599 618
600 618
601 619
602 619
603 619
604 620
605 620
569 595
570 595
571 595
572 597
573 598
574 598
575 598
576 599
577 599
578 600
579 600
580 600
581 601
582 601
583 601
584 602
585 602
586 602
587 603
588 603
589 604
590 604
591 604
565 591
537 565
516 537
517 537
489 517
469 489
450 469
451 469
433 451
418 433
419 433
403 419
391 403
392 403
393 403
381 391
382 392
383 393
366 381
367 381
368 382
336 368
314 336
315 336
272 314
273 314
239 272
240 273
241 273
218 240
219 241
220 241
204 219
205 219
188 204
189 204
190 205
191 205
173 188
174 188
175 191
176 191
155 173
156 174
157 174
158 175
159 175
160 176
161 176
162 176
131 155
132 155
133 156
134 156
135 156
136 158
137 158
138 158
139 159
140 160
141 161
142 161
143 161
89 143
64 89
36 64
13 36
14 36
15 36
2 14
3 14
4 15
5 15
2 16
2 17
5 18
16 37
16 38
18 39
37 65
38 66
39 67
39 68
39 69
65 90
66 91
66 92
67 93
68 94
68 95
68 96
69 97
97 144
144 163
163 177
163 178
163 179
177 192
179 193
179 194
179 195
192 206
192 207
193 208
193 209
194 210
206 221
206 222
207 223
208 224
209 225
210 226
221 242
221 243
222 244
222 245
223 246
223 247
223 248
224 249
225 250
225 251
225 252
226 253
242 274
242 275
242 276
243 277
243 278
244 279
244 280
245 281
246 282
246 283
246 284
247 285
247 286
247 287
248 288
248 289
249 290
249 291
250 292
250 293
252 294
252 295
252 296
253 297
297 316
316 337
337 369
337 370
370 384
384 394
384 395
395 404
395 405
395 406
404 420
405 421
421 434
434 452
434 453
434 454
452 470
452 471
452 472
453 473
453 474
453 475
454 476
471 490
471 491
471 492
472 493
472 494
472 495
473 496
473 497
473 498
474 499
474 500
500 518
518 538
518 539
538 566
566 592
592 606
606 622
622 633
622 634
633 643
633 644
634 645
634 646
643 655
644 656
644 657
645 658
646 659
646 660
655 669
655 670
656 671
657 672
657 673
658 674
659 675
659 676
659 677
660 678
660 679
669 687
669 688
670 689
671 690
671 691
671 692
672 693
673 694
673 695
674 696
674 697
674 698
676 699
676 700
676 701
677 702
677 703
679 704
679 705
705 714
714 722
714 723
723 737
723 738
723 739
737 754
738 755
739 756
754 775
755 776
775 809
775 810
775 811
776 812
812 836
836 856
836 857
856 871
856 872
856 873
857 874
857 875
857 876
871 891
873 892
873 893
873 894
874 895
874 896
875 897
875 898
875 899
876 900
900 918
918 936
936 959
959 996
996 1000
997 1000
998 1000
960 998
937 960
919 937
920 937
901 920
902 920
903 920
877 903
858 877
859 877
860 877
837 858
838 858
839 858
840 859
841 859
842 860
843 860
813 837
814 838
815 838
816 839
817 839
818 839
819 840
820 840
821 841
822 841
823 841
824 843
825 843
777 825
757 777
740 757
724 740
725 740
726 740
715 726
716 726
706 715
707 715
708 716
709 716
710 716
680 710
661 680
647 661
635 647
636 647
623 635
624 636
625 636
626 636
607 623
608 624
609 625
610 625
611 625
612 626
613 626
614 626
593 614
567 593
540 567
519 540
520 540
501 519
502 519
503 519
477 503
455 477
456 477
435 455
436 455
422 436
407 422
408 422
409 422
396 408
397 408
398 409
385 396
386 397
387 398
388 398
371 385
372 385
373 386
374 387
375 387
376 388
377 388
378 388
338 378
317 338
318 338
298 317
299 317
300 317
301 318
302 318
254 302
227 254
228 254
211 227
212 228
196 211
197 211
198 211
180 196
181 197
182 197
183 198
164 180
165 180
166 180
167 181
168 181
169 181
170 183
145 165
146 165
147 167
148 167
149 167
150 168
151 170
152 170
98 152
70 98
40 70
41 70
42 70
19 41
20 41
21 42
6 19
7 20
8 20
9 20
6 22
6 23
7 24
8 25
8 26
9 27
9 28
9 29
23 43
23 44
24 45
24 46
24 47
25 48
26 49
26 50
27 51
28 52
28 53
29 54
29 55
55 71
71 99
71 100
100 153
153 171
171 184
171 185
184 199
185 200
185 201
199 213
199 214
199 215
201 216
213 229
213 230
213 231
214 232
214 233
215 234
216 235
230 255
230 256
231 257
231 258
231 259
232 260
232 261
233 262
234 263
235 264
235 265
235 266
266 303
303 319
319 339
319 340
340 379
379 389
389 399
389 400
389 401
399 410
399 411
399 412
400 413
401 414
401 415
401 416
410 423
411 424
411 425
413 426
414 427
415 428
415 429
415 430
423 437
423 438
425 439
425 440
425 441
427 442
428 443
428 444
430 445
430 446
439 457
440 458
440 459
441 460
442 461
445 462
462 478
927 952
928 952
489 507
223 265
957 996
668 698
337 371
558 581
705 711
519 526
381 392
946 985
769 787
512 525
138 157
506 540
841 844
336 377
955 962
956 973
325 366
251 272
296 307
388 392
467 493
557 588
471 487
157 181
451 464
106 158
239 293
223 264
930 959
614 623
910 929
75 146
100 105
107 155
261 278
767 820
333 344
471 499
766 809
903 904
913 928
530 555
941 976
766 823
489 504
173 199
848 864
952 979
460 463
430 444
100 116
227 262
956 985
258 281
19 49
389 397
742 758
415 424
69 73
945 964
230 264
562 574
37 57
719 739
203 228
9 11
539 564
676 681
554 571
233 265
328 360
727 757
477 486
550 573
233 256
69 84
5 13
491 508
712 721
843 844
38 56
716 723
758 819
678 690
532 565
673 692
7 22
228 250
245 295
724 735
500 519
315 325
56 78
465 487
22 37
955 993
653 664
169 177
305 324
446 450
851 871
289 310
946 970
522 543
40 57
401 402
680 704
843 858
218 239
943 975
327 359
761 783
674 694
666 687
752 775
745 776
908 930
273 311
465 495
548 586
417 435
270 313
521 562
657 679
33 64
794 829
212 218
647 654
893 915
651 675
124 168
168 179
938 974
222 256
81 102
334 342
10 51
562 579
433 458
328 358
169 184
674 691
487 504
187 202
445 459
29 37
713 726
413 421
940 961
849 872
313 321
182 188
130 164
75 116
633 637
441 450
766 824
325 350
955 963
661 668
531 555
196 216
327 368
322 363
664 706
952 967
440 448
494 516
719 735
721 732
479 506
957 977
356 384
636 640
203 225
574 614
669 681
513 527
188 208
772 791
43 59
231 239
390 406
467 502
816 826
227 261
880 904
338 342
196 214
402 424
57 97
291 307
543 591
494 517
197 216
762 809
178 198
502 512
756 771
877 894
924 957
490 513
889 911
256 271
72 135
557 583
167 184
185 189
514 537
75 131
340 358
540 544
321 369
417 442
310 328
582 599
656 670
389 391
449 465
313 328
326 374
729 757
77 135
272 315
1 29
162 183
74 141
165 185
76 101
333 342
75 115
259 298
936 943
952 997
873 886
538 542
313 330
819 834
939 970
132 165
906 931
90 144
108 171
266 286
875 895
949 987
835 850
679 683
341 386
68 80
74 128
239 286
316 330
840 852
834 860
83 132
264 273
777 824
413 417
9 25
84 128
629 645
656 663
673 709
452 477
421 438
923 942
948 964
522 544
939 981
120 165
215 230
427 431
496 510
198 212
495 511
627 647
269 314
739 747
866 881
647 660
931 957
631 637
876 887
549 574
769 812
632 647
514 521
622 636
432 450
125 155
593 600
833 856
259 280
72 123
828 845
336 349
953 992
192 208
144 169
1 17
712 725
478 500
648 664
606 620
227 257
207 219
861 883
258 286
921 953
64 79
419 434
74 118
869 878
151 160
558 593
528 562
120 164
520 522
725 733
224 240
132 169
761 791
875 887
320 366
100 141
521 555
390 410
23 35
409 419
771 778
82 123
579 612
842 851
212 231
39 58
334 376
416 417
830 845
776 806
561 583
449 474
801 841
13 53
927 938
209 231
54 58
678 709
941 979
49 70
490 506
312 320
264 283
242 302
717 735
825 835
830 855
762 816
465 503
939 977
766 803
237 288
321 363
631 640
596 621
47 56
493 513
34 71
753 758
607 620
954 969
43 63
28 37
339 363
70 72
80 144
832 844
877 897
677 689
69 75
758 818
521 547
257 291
934 943
568 597
453 465
524 548
234 240
451 465
150 171
61 88
914 923
790 841
324 370
78 133
27 55
760 809
563 591
890 905
182 191
330 367
156 179
629 642
676 683
30 64
733 757
445 449
24 31
820 843
216 219
734 749
737 751
957 974
695 714
938 971
662 692
756 762
269 316
339 346
758 803
760 820
229 263
19 46
801 842
226 266
678 708
324 366
412 426
911 935
406 424
488 509
471 503
327 362
448 478
402 422
3 17
563 585
895 919
386 400
661 666
85 103
623 627
174 200
327 352
477 500
241 288
561 568
325 372
519 522
430 431
947 972
8 21
242 298
331 349
671 683
77 118
247 282
656 664
761 801
223 257
466 484
280 319
716 724
733 742
238 285
713 724
157 179
165 182
906 937
419 438
916 936
810 837
211 217
743 758
636 643
545 589
828 860
816 842
750 770
670 683
777 788
903 918
206 233
874 901
774 781
546 571
200 207
770 789
572 603
11 36
898 911
327 379
77 104
50 60
650 664
678 685
478 495
454 472
480 516
918 928
666 700
71 83
87 152
638 654
23 33
917 928
326 368
319 326
323 377
651 674
531 552
958 990
648 679
893 904
765 807
958 985
753 771
597 615
761 812
535 550
254 283
212 234
828 849
671 708
594 619
764 825
761 814
294 318
386 391
953 987
263 300
871 881
489 509
315 323
208 223
449 467
171 178
635 641
229 264
936 947
396 409
221 257
493 512
80 109
748 775
758 780
488 517
421 432
342 383
363 385
164 181
26 54
754 770
100 145
920 934
84 143
925 942
17 41
323 370
177 191
856 875
955 991
354 384
331 373
857 864
673 707
960 965
539 557
724 739
889 918
520 532
850 877
614 615
919 923
249 283
332 341
323 358
871 894
428 433
827 847
327 343
71 89
850 867
589 598
421 437
949 966
241 298
448 470
7 28
248 287
89 123
437 447
256 285
455 464
584 614
259 302
264 280
165 179
338 370
773 805
58 98
902 909
338 355
680 683
89 137
760 811
28 54
455 471
88 142
915 934
325 353
442 450
383 392
917 933
882 914
657 676
325 346
921 946
538 543
267 313
335 374
108 166
601 616
769 814
334 349
86 108
335 342
947 996
738 744
608 615
243 274
542 582
94 119
634 637
906 929
576 606
268 316
97 101
59 77
870 895
676 691
576 614
876 899
209 217
269 304
556 584
427 443
75 132
859 867
392 412
400 408
888 916
62 72
425 436
741 770
858 862
557 587
198 210
321 348
371 386
312 340
770 781
640 651
82 146
882 908
869 880
211 235
760 814
323 371
72 109
216 228
539 549
512 538
748 773
587 599
256 276
775 793
728 745
584 609
774 806
64 83
733 741
749 770
848 873
250 275
666 706
387 395
644 650
530 550
344 387
864 902
296 317
728 742
473 481
418 442
226 262
881 912
608 616
644 651
93 130
188 205
597 625
115 161
257 270
74 125
933 960
785 830
388 401
158 174
781 834
874 885
81 117
804 841
530 565
8 19
922 946
371 382
527 559
437 448
392 405
476 494
467 479
665 702
461 471
778 836
918 930
758 781
266 292
74 134
549 582
657 678
58 87
939 969
675 681
464 482
256 278
885 912
87 109
808 838
568 598
57 98
98 127
589 613
262 303
59 98
530 543
95 123
74 112
481 516
729 751
309 326
549 591
208 219
804 829
496 511
736 747
184 200
78 137
572 607
22 43
890 911
525 544
948 982
318 331
864 891
74 116
198 216
916 926
584 606
8 29
87 140
527 560
447 474
751 770
741 772
184 196
48 64
97 114
320 346
928 955
82 142
450 474
956 963
437 449
951 998
724 731
475 487
861 881
435 458
659 671
475 482
645 660
861 897
471 484
156 177
334 359
263 303
519 536
235 243
252 293
89 112
329 344
325 360
502 505
196 203
559 582
421 440
515 529
937 945
386 401
95 103
257 290
875 883
247 274
776 779
839 855
468 480
783 838
497 507
429 446
598 620
295 319
69 80
678 693
4 19
542 576
462 473
765 820
150 165
633 646
799 826
957 984
324 359
677 683
165 172
740 742
604 621
875 903
185 198
924 947
539 560
802 843
408 419
204 228
746 767
465 488
201 213
27 39
560 575
40 63
866 902
923 945
523 553
231 247
312 328
57 95
90 119
217 251
429 440
447 473
176 189
547 582
82 103
320 342
744 767
472 482
953 971
5 11
744 758
92 121
522 562
438 455
6 28
543 587
420 437
926 954
956 979
897 911
314 321
327 355
856 867
88 123
944 982
102 160
462 464
952 962
726 729
388 397
476 485
768 783
922 945
394 414
99 106
838 859
107 158
518 524
552 578
59 73
7 15
848 875
19 47
273 307
173 189
625 629
483 514
776 780
79 153
674 684
92 147
388 393
680 697
766 811
146 168
671 707
722 736
767 781
116 167
255 280
446 456
72 149
181 188
514 526
652 662
2 25
334 365
897 913
231 264
78 121
670 688
15 42
531 554
550 571
181 190
796 829
370 380
906 935
178 193
945 991
510 540
337 358
223 236
416 423
316 324
769 783
752 769
567 572
404 429
849 877
69 74
169 180
607 624
361 386
787 841
528 561
180 193
872 880
600 626
768 791
338 351
96 147
51 65
832 857
725 729
849 871
625 633
772 787
204 227
26 51
934 960
252 281
90 124
221 240
182 193
562 592
728 741
305 320
649 672
273 317
939 973
727 756
499 514
526 557
602 623
5 10
925 956
925 955
738 752
229 237
384 398
526 550
672 689
847 875
225 257
75 136
177 198
769 800
781 838
