1000 2000 50
23 23 20 16 19 24 33 9 6 32 22 24 19 14 17 31 17 25 40 12 10 12 15 30 26 7 9 13 32 16 22 18 17 19 24 54 12 10 11 12 13 16 29 36 7 8 16 21 47 12 
1 24
1 25
24 47
24 48
24 49
47 67
47 68
47 69
48 70
49 71
49 72
68 83
69 84
70 85
70 86
70 87
71 88
71 89
72 90
72 91
72 92
83 102
84 103
85 104
86 105
87 106
87 107
88 108
89 109
89 110
89 111
90 112
90 113
91 114
91 115
102 126
103 127
103 128
103 129
104 130
104 131
104 132
105 133
105 134
105 135
106 136
106 137
107 138
107 139
109 140
109 141
109 142
110 143
111 144
111 145
112 146
112 147
113 148
113 149
114 150
150 159
159 168
159 169
168 174
168 175
168 176
169 177
176 206
206 228
206 229
228 252
228 253
229 254
252 271
252 272
252 273
253 274
253 275
254 276
271 285
272 286
272 287
273 288
273 289
274 290
275 291
285 302
286 303
287 304
289 305
289 306
289 307
290 308
290 309
291 310
291 311
291 312
303 333
304 334
304 335
304 336
305 337
306 338
306 339
306 340
307 341
310 342
311 343
312 344
333 350
334 351
334 352
334 353
336 354
336 355
337 356
337 357
338 358
338 359
339 360
339 361
339 362
340 363
340 364
340 365
342 366
343 367
344 368
350 375
350 376
351 377
351 378
352 379
352 380
352 381
353 382
353 383
353 384
354 385
354 386
355 387
355 388
356 389
357 390
358 391
358 392
358 393
359 394
359 395
360 396
362 397
362 398
363 399
363 400
364 401
365 402
365 403
367 404
367 405
405 415
415 427
415 428
427 437
428 438
428 439
428 440
437 449
437 450
439 451
440 452
440 453
449 464
449 465
450 466
450 467
450 468
451 469
451 470
451 471
452 472
452 473
453 474
453 475
453 476
464 494
464 495
465 496
465 497
465 498
466 499
466 500
468 501
468 502
468 503
471 504
473 505
473 506
473 507
474 508
474 509
474 510
475 511
476 512
476 513
476 514
514 520
520 527
520 528
528 536
528 537
528 538
536 549
536 550
537 551
538 552
538 553
538 554
549 581
551 582
552 583
553 584
581 597
581 598
581 599
582 600
582 601
584 602
597 619
597 620
599 621
600 622
601 623
602 624
602 625
602 626
619 637
622 638
623 639
625 640
625 641
626 642
637 654
637 655
637 656
639 657
640 658
640 659
641 660
641 661
641 662
642 663
642 664
654 673
654 674
656 675
656 676
656 677
657 678
657 679
657 680
658 681
660 682
660 683
660 684
661 685
662 686
662 687
663 688
663 689
663 690
664 691
664 692
673 697
675 698
675 699
675 700
676 701
676 702
677 703
678 704
678 705
679 706
679 707
679 708
680 709
681 710
681 711
683 712
683 713
684 714
684 715
684 716
685 717
685 718
685 719
686 720
686 721
686 722
687 723
687 724
688 725
688 726
688 727
689 728
690 729
691 730
691 731
692 732
692 733
692 734
734 751
751 763
751 764
763 773
763 774
763 775
764 776
764 777
773 784
774 785
775 786
775 787
775 788
777 789
784 796
785 797
785 798
788 799
788 800
796 809
797 810
798 811
798 812
798 813
799 814
800 815
800 816
809 825
809 826
810 827
810 828
810 829
811 830
812 831
812 832
812 833
814 834
814 835
815 836
815 837
815 838
816 839
816 840
816 841
825 854
825 855
826 856
826 857
826 858
827 859
828 860
828 861
828 862
829 863
831 864
832 865
832 866
832 867
833 868
835 869
835 870
835 871
836 872
836 873
837 874
838 875
839 876
839 877
839 878
840 879
841 880
841 881
841 882
882 890
890 897
890 898
897 905
897 906
897 907
898 908
898 909
907 921
909 922
909 923
909 924
921 942
921 943
922 944
922 945
923 946
923 947
923 948
924 949
924 950
942 989
943 990
944 991
945 992
945 993
945 994
946 995
946 996
948 997
948 998
949 999
951 989
952 989
953 990
954 990
955 991
956 991
957 991
958 993
959 993
960 994
961 997
962 998
963 998
964 998
965 999
966 999
925 966
910 925
899 910
891 899
883 891
842 883
817 842
818 842
801 818
802 818
790 802
791 802
778 790
779 790
765 778
766 778
767 778
768 779
752 765
753 765
754 765
755 767
756 767
757 767
758 768
759 768
735 752
736 753
737 753
738 754
739 755
740 756
741 756
742 756
743 757
744 757
745 759
746 759
747 759
693 747
665 693
643 665
644 665
627 643
628 643
629 644
630 644
603 627
604 627
605 628
606 628
607 628
608 629
609 630
610 630
585 603
586 603
587 604
588 604
589 604
590 608
591 610
592 610
593 610
555 585
556 585
557 586
558 586
559 586
560 588
561 588
562 588
563 590
564 590
565 591
566 591
567 592
568 592
569 592
570 593
539 570
529 539
530 539
521 529
522 529
523 530
515 522
516 522
477 516
454 477
441 454
429 441
430 441
416 429
417 429
418 429
419 430
420 430
421 430
406 416
407 418
408 420
409 420
410 421
369 410
345 369
346 369
313 345
314 346
315 346
292 315
293 315
294 315
277 292
278 293
279 293
280 294
255 277
256 277
257 278
258 278
259 279
260 279
261 279
262 280
263 280
264 280
230 256
231 257
232 257
233 257
234 258
235 259
236 259
237 259
238 260
239 260
240 261
241 263
242 263
243 264
244 264
207 232
208 232
209 232
210 233
211 233
212 233
213 235
214 235
215 236
216 237
217 237
218 237
219 239
220 239
221 240
222 242
223 242
224 244
178 207
179 208
180 208
181 210
182 210
183 210
184 211
185 212
186 212
187 212
188 214
189 214
190 215
191 215
192 216
193 217
194 218
195 219
196 219
197 220
198 221
199 221
200 221
201 222
202 223
170 202
160 170
161 170
162 170
151 160
152 161
153 161
154 161
116 154
93 116
94 116
95 116
73 93
74 93
75 93
76 94
77 94
78 95
79 95
50 73
51 73
52 74
53 74
54 75
55 75
56 76
57 76
58 77
59 78
60 78
61 79
62 79
63 79
26 50
27 51
28 53
29 54
30 57
31 57
32 57
33 58
34 58
35 59
36 60
37 60
38 60
39 61
40 61
41 62
42 63
2 26
3 27
4 30
5 30
6 32
7 32
8 32
9 33
10 33
11 34
12 34
13 35
14 38
15 38
16 38
17 39
18 39
19 40
20 40
21 41
22 42
22 43
43 64
64 80
80 96
80 97
80 98
96 117
96 118
97 119
97 120
98 121
98 122
122 155
155 163
163 171
171 203
203 225
225 245
245 265
265 281
281 295
281 296
281 297
295 316
295 317
295 318
296 319
296 320
296 321
297 322
297 323
297 324
324 347
347 370
347 371
347 372
372 411
411 422
422 431
422 432
422 433
431 442
432 443
432 444
432 445
433 446
443 455
444 456
446 457
446 458
446 459
455 478
455 479
456 480
457 481
457 482
457 483
458 484
458 485
458 486
459 487
487 517
517 524
524 531
531 540
531 541
531 542
540 571
540 572
541 573
541 574
541 575
575 594
594 611
594 612
611 631
611 632
611 633
612 634
631 645
631 646
632 647
632 648
633 649
633 650
633 651
645 666
646 667
646 668
647 669
650 670
651 671
667 694
669 695
695 748
748 760
760 769
760 770
760 771
771 780
780 792
780 793
780 794
792 803
792 804
793 805
793 806
793 807
804 819
804 820
805 821
806 822
806 823
819 843
820 844
820 845
821 846
822 847
822 848
822 849
823 850
823 851
823 852
852 884
884 892
892 900
892 901
892 902
900 911
900 912
900 913
901 914
901 915
901 916
902 917
902 918
902 919
911 926
911 927
911 928
913 929
913 930
913 931
914 932
915 933
915 934
915 935
916 936
916 937
916 938
917 939
918 940
927 967
928 968
929 969
929 970
930 971
930 972
930 973
931 974
932 975
932 976
934 977
935 978
935 979
936 980
936 981
936 982
937 983
939 984
940 985
940 986
940 987
987 1000
988 1000
941 988
920 941
903 920
904 920
893 903
894 904
895 904
896 904
885 894
886 895
887 896
888 896
889 896
853 889
824 853
808 824
795 808
781 795
782 795
783 795
772 783
761 772
762 772
749 761
750 761
696 750
672 696
652 672
653 672
635 652
636 653
613 635
614 635
615 635
616 636
617 636
618 636
595 618
576 595
577 595
543 577
532 543
525 532
518 525
488 518
460 488
447 460
434 447
423 434
424 434
425 434
412 423
413 424
373 413
348 373
325 348
298 325
282 298
283 298
266 282
267 282
268 282
269 283
246 267
247 267
248 268
249 269
250 269
226 250
204 226
172 204
164 172
165 172
166 172
156 164
157 164
123 157
99 123
81 99
65 81
44 65
45 65
23 45
23 46
46 66
66 82
82 100
82 101
100 124
100 125
125 158
158 167
167 173
173 205
205 227
227 251
251 270
270 284
284 299
284 300
284 301
299 326
300 327
300 328
300 329
301 330
301 331
301 332
332 349
349 374
374 414
414 426
426 435
426 436
436 448
448 461
448 462
448 463
461 489
462 490
462 491
462 492
463 493
493 519
519 526
526 533
526 534
526 535
533 544
534 545
534 546
534 547
535 548
547 578
547 579
547 580
580 596
57 80
256 279
443 458
22 24
584 614
913 935
351 382
910 931
451 479
168 188
285 305
592 599
659 690
682 705
536 575
663 679
292 309
319 339
214 251
128 166
377 418
499 523
813 834
966 997
416 434
925 945
421 434
217 239
644 655
844 877
472 513
75 84
578 591
921 988
940 943
660 692
279 294
35 66
169 179
357 401
159 173
662 675
584 599
589 607
939 967
528 544
69 98
809 834
304 343
368 393
586 600
607 633
397 415
787 808
586 617
535 543
643 663
548 560
169 193
84 111
836 860
685 713
107 131
79 97
447 449
486 502
933 967
695 730
80 99
539 558
161 168
362 413
48 78
557 583
168 178
681 721
180 218
636 643
88 121
941 981
227 230
818 851
770 779
488 514
849 878
634 647
256 272
135 159
621 652
687 719
343 364
936 974
822 839
18 42
630 651
587 605
171 188
173 181
268 275
934 959
600 635
341 352
586 607
350 377
359 396
363 382
446 462
168 199
29 56
452 478
454 482
608 630
75 90
225 232
109 146
73 97
338 370
327 345
170 194
455 476
671 677
693 724
657 690
527 543
797 818
678 741
919 937
608 620
293 325
441 458
810 836
439 454
978 989
446 456
583 602
857 895
123 154
446 455
107 142
683 733
468 499
271 301
936 968
364 408
591 607
94 115
212 244
299 308
79 98
398 425
620 650
923 976
593 612
173 183
524 530
585 606
285 328
834 866
454 467
542 561
10 44
669 692
756 771
829 874
539 554
383 415
442 456
530 541
50 68
276 298
43 63
763 783
170 184
654 676
413 418
94 117
800 824
331 345
362 390
546 567
931 947
651 662
525 530
191 207
902 908
110 127
680 743
391 426
108 158
589 613
821 827
674 726
660 679
597 624
746 757
618 633
342 354
821 832
617 633
532 536
418 428
576 596
602 633
52 82
486 495
782 787
788 806
493 510
10 24
327 341
114 128
752 766
339 372
216 250
272 293
237 252
929 958
803 818
913 926
926 981
569 581
563 584
939 980
909 933
209 249
213 234
311 334
731 759
29 61
848 868
609 627
176 215
680 737
812 852
917 935
291 329
529 538
776 795
86 117
280 292
39 54
638 661
690 720
934 945
139 167
709 759
368 386
679 719
604 624
98 114
479 494
266 273
34 54
596 600
444 458
914 933
617 634
165 168
256 275
481 494
768 778
455 464
123 130
662 695
907 940
82 92
355 392
821 841
168 185
290 327
657 694
333 372
934 943
113 135
612 636
823 839
491 517
444 461
173 179
816 833
20 44
479 513
92 110
141 165
10 35
648 664
473 494
960 991
125 155
108 151
935 968
915 938
499 524
811 829
621 645
72 84
459 469
458 467
66 77
442 452
280 285
596 605
174 207
439 457
414 415
640 656
931 965
864 895
337 370
450 465
458 493
709 755
460 489
781 790
191 206
543 568
346 371
43 48
532 539
366 410
823 845
171 198
951 995
563 587
834 878
179 217
641 666
417 436
114 132
547 566
663 696
463 464
798 814
215 247
25 50
921 946
893 899
536 560
583 613
834 889
695 722
664 679
89 105
594 614
726 755
647 656
340 354
680 723
677 731
545 562
676 706
254 281
49 67
363 397
147 167
839 864
531 536
733 753
821 845
845 869
278 295
838 872
165 170
772 778
35 64
373 376
182 213
292 305
909 929
827 857
278 294
212 231
661 687
678 712
64 77
845 861
78 83
805 809
662 696
595 605
169 191
859 894
207 242
509 523
208 231
892 904
539 575
691 697
683 736
622 651
774 787
948 990
625 639
82 98
826 882
169 194
107 129
679 717
276 297
335 354
362 400
123 134
898 917
538 578
527 542
79 94
950 999
802 814
171 200
626 640
935 955
708 753
105 150
652 659
27 65
453 471
681 737
655 681
685 707
405 423
180 217
253 283
276 294
289 314
74 90
605 634
37 50
451 483
791 808
268 271
174 220
544 579
472 507
810 847
618 620
620 637
666 684
447 458
908 934
546 557
362 392
172 194
659 675
837 856
372 413
820 842
844 855
463 491
688 701
687 701
454 481
676 720
835 868
676 741
673 713
924 970
617 628
671 692
684 711
909 935
924 973
234 269
559 585
927 964
227 239
636 650
798 819
548 561
366 386
799 819
100 106
95 125
373 405
926 949
439 463
32 53
689 729
172 174
248 261
69 89
680 722
537 572
932 977
523 533
347 351
323 343
112 137
752 769
376 420
227 228
836 885
365 404
89 114
687 697
643 658
118 137
307 335
677 749
937 964
267 277
935 945
829 854
63 74
422 436
462 474
819 827
164 168
289 320
449 485
21 42
356 395
47 72
685 731
306 334
663 676
615 625
169 196
86 106
267 284
555 595
202 212
355 408
373 379
222 229
939 944
930 942
800 812
912 936
941 976
489 513
172 180
597 628
932 960
19 28
651 656
425 429
276 292
908 924
343 362
678 719
557 596
537 571
833 871
932 959
584 598
352 376
355 383
973 998
352 385
287 329
425 431
122 140
344 356
212 230
269 280
173 203
352 383
449 484
538 579
704 760
936 986
776 791
56 72
80 91
778 793
527 538
421 432
247 262
168 197
824 851
15 28
372 382
170 185
40 66
540 559
449 468
541 564
761 771
828 873
904 911
600 631
195 223
806 824
547 558
925 962
974 993
730 754
680 704
364 378
523 528
87 121
69 100
765 779
829 882
328 348
172 190
941 971
220 251
475 497
163 173
424 428
102 158
917 940
26 62
275 300
799 812
225 235
113 153
429 440
331 342
125 128
204 211
199 208
132 166
541 572
795 803
824 833
573 587
199 225
584 616
332 335
338 354
226 239
722 752
915 926
573 590
546 559
739 759
529 547
816 830
301 325
639 661
635 651
478 505
100 117
671 693
80 94
901 918
365 410
924 956
679 703
801 820
105 154
103 156
803 820
956 994
616 622
609 629
462 476
953 995
797 809
169 201
662 674
671 673
306 349
368 404
779 794
4 32
366 387
435 448
415 429
170 186
905 936
679 725
478 494
542 555
687 727
794 796
907 923
143 161
109 136
558 596
326 339
254 283
300 302
619 642
493 514
13 28
373 402
167 172
251 260
231 263
622 649
433 442
915 921
628 648
939 965
819 838
902 916
849 856
380 425
974 998
48 80
19 26
663 694
532 540
784 801
536 570
576 586
181 214
804 818
635 647
116 132
300 307
856 891
282 296
91 125
176 208
101 103
669 691
436 443
510 521
85 110
910 922
431 446
762 770
527 545
759 771
289 303
666 677
531 539
299 314
80 85
624 652
910 938
844 882
810 843
168 186
844 864
292 328
633 646
550 596
209 233
429 437
531 538
110 140
434 444
330 340
584 601
642 655
362 391
361 413
827 889
679 712
361 411
411 418
293 307
109 131
820 843
122 146
324 346
925 955
687 718
359 375
255 274
811 838
676 735
897 912
292 319
296 306
693 739
301 312
929 959
96 111
325 338
16 41
839 869
219 251
540 561
653 655
47 76
112 128
540 578
538 564
18 33
483 498
747 761
852 875
691 721
93 118
9 31
921 948
559 588
277 291
432 446
365 406
585 602
671 681
675 718
70 91
85 102
24 53
809 847
540 556
477 500
116 139
457 475
802 816
487 499
247 259
529 537
547 554
823 836
690 704
61 70
969 989
140 166
24 50
694 722
582 605
852 882
104 150
818 840
348 361
549 589
797 816
468 500
938 943
59 80
277 300
67 101
930 975
479 502
102 157
42 49
124 157
541 560
206 246
171 175
658 674
926 962
19 31
756 770
294 308
903 907
491 509
212 237
541 563
922 952
683 723
670 685
779 784
437 454
471 508
367 407
345 354
893 898
784 808
695 724
176 224
626 637
338 367
897 916
651 665
692 708
807 809
443 460
18 29
768 775
617 621
807 810
842 855
650 654
459 485
688 722
916 921
169 187
246 263
113 129
696 738
759 763
574 590
819 848
689 717
799 813
660 693
673 724
955 992
803 815
293 328
100 103
643 671
549 587
817 834
169 203
20 43
109 151
488 506
800 814
680 738
656 681
987 999
112 156
212 246
760 772
120 131
640 654
665 681
684 705
366 375
813 830
652 667
276 301
85 105
322 343
820 846
655 674
214 228
48 82
94 119
829 872
297 313
206 244
827 886
392 423
333 352
645 658
291 319
819 826
781 789
69 97
90 115
557 584
305 348
266 271
841 877
646 657
155 159
335 351
539 576
171 178
27 48
696 712
941 949
667 680
796 819
79 93
667 690
91 112
677 737
563 589
431 448
763 779
672 691
667 688
478 518
634 643
859 891
904 918
808 817
763 780
485 497
454 464
251 257
355 396
542 579
201 217
172 176
96 125
450 483
590 603
443 457
10 31
293 317
542 564
424 427
812 828
56 80
169 186
122 143
533 543
629 637
49 79
468 496
678 714
673 727
158 160
815 851
613 627
356 407
893 902
102 155
119 150
113 155
449 491
922 985
364 379
108 137
783 784
51 69
890 903
930 953
237 265
731 758
523 534
595 597
286 305
933 984
271 289
219 250
294 320
