1000 4000 50
24 20 21 17 22 34 10 11 14 15 15 23 18 29 11 21 34 8 11 16 19 30 5 30 20 23 18 21 52 21 12 13 16 12 22 45 10 8 4 32 34 19 15 14 20 26 9 19 27 30 
1 25
1 26
25 45
45 66
66 83
83 105
105 139
139 149
149 160
160 174
174 189
174 190
190 204
204 227
204 228
204 229
227 245
227 246
228 247
245 274
245 275
245 276
246 277
247 278
247 279
247 280
274 285
274 286
274 287
275 288
275 289
276 290
276 291
277 292
277 293
278 294
279 295
279 296
279 297
280 298
285 306
287 307
287 308
288 309
288 310
289 311
289 312
291 313
291 314
292 315
292 316
293 317
294 318
294 319
294 320
295 321
295 322
296 323
296 324
298 325
298 326
326 340
340 348
340 349
340 350
348 359
348 360
348 361
349 362
349 363
349 364
350 365
359 375
360 376
360 377
362 378
362 379
362 380
363 381
363 382
364 383
364 384
365 385
365 386
365 387
375 394
375 395
375 396
376 397
376 398
377 399
377 400
377 401
378 402
378 403
379 404
379 405
379 406
380 407
380 408
380 409
382 410
383 411
383 412
384 413
384 414
385 415
387 416
387 417
417 424
424 429
429 459
429 460
459 479
459 480
459 481
460 482
460 483
479 502
479 503
479 504
480 505
480 506
480 507
482 508
483 509
483 510
483 511
502 520
502 521
502 522
503 523
503 524
505 525
508 526
508 527
508 528
509 529
509 530
510 531
510 532
511 533
511 534
520 541
520 542
521 543
521 544
521 545
524 546
524 547
524 548
525 549
525 550
526 551
526 552
527 553
528 554
528 555
528 556
529 557
530 558
530 559
531 560
531 561
531 562
532 563
534 564
534 565
565 593
593 614
614 626
614 627
614 628
626 639
626 640
626 641
627 642
628 643
628 644
628 645
639 655
640 656
641 657
641 658
641 659
642 660
642 661
642 662
655 667
655 668
655 669
656 670
656 671
656 672
657 673
658 674
658 675
658 676
659 677
659 678
659 679
660 680
660 681
660 682
661 683
661 684
662 685
667 689
667 690
667 691
669 692
670 693
670 694
670 695
671 696
671 697
671 698
672 699
672 700
673 701
673 702
674 703
674 704
674 705
676 706
676 707
677 708
677 709
677 710
679 711
680 712
680 713
681 714
681 715
682 716
683 717
683 718
683 719
684 720
684 721
684 722
722 734
734 744
744 752
752 756
756 788
788 822
822 841
822 842
822 843
842 856
856 870
856 871
856 872
870 890
870 891
871 892
871 893
872 894
890 916
891 917
891 918
892 919
894 920
894 921
916 925
916 926
916 927
917 928
917 929
918 930
918 931
918 932
919 933
919 934
919 935
920 936
920 937
921 938
921 939
926 944
926 945
928 946
930 947
930 948
931 949
931 950
933 951
933 952
934 953
934 954
934 955
935 956
936 957
936 958
936 959
937 960
937 961
938 962
939 963
944 971
944 972
946 973
946 974
946 975
948 976
950 977
950 978
951 979
951 980
952 981
953 982
954 983
955 984
955 985
955 986
957 987
958 988
958 989
959 990
959 991
959 992
960 993
962 994
962 995
962 996
963 997
963 998
963 999
964 999
940 964
922 940
895 922
896 922
873 895
874 895
875 896
876 896
857 873
858 873
859 874
860 875
861 875
844 858
845 859
846 859
847 861
848 861
849 861
823 844
824 845
825 845
826 845
827 846
828 848
829 848
830 848
831 849
789 823
790 823
791 824
792 824
793 824
794 825
795 825
796 825
797 826
798 827
799 827
800 827
801 828
802 829
803 830
804 831
805 831
757 789
758 789
759 790
760 790
761 790
762 791
763 791
764 792
765 792
766 792
767 793
768 795
769 797
770 797
771 798
772 798
773 798
774 800
775 800
776 801
777 802
778 802
779 803
780 803
781 803
782 805
783 805
784 805
753 784
745 753
746 753
747 753
735 745
736 745
737 745
738 746
739 747
723 736
724 737
725 737
726 737
727 738
728 738
729 739
730 739
731 739
686 731
663 686
646 663
647 663
629 646
630 646
631 647
632 647
633 647
615 629
616 631
617 631
618 632
619 632
620 632
621 633
622 633
594 615
595 616
596 616
597 616
598 617
599 618
600 618
601 619
602 619
603 621
604 621
605 621
606 622
607 622
608 622
566 596
567 596
568 597
569 597
570 597
571 598
572 598
573 598
574 599
575 599
576 600
577 600
578 600
579 601
580 602
581 602
582 602
583 603
584 604
585 604
586 604
587 605
588 608
535 588
512 535
513 535
514 535
484 512
485 512
486 512
487 513
488 513
489 513
490 514
491 514
461 484
462 485
463 485
464 485
465 486
466 486
467 487
468 487
469 488
470 488
471 490
472 490
473 490
474 491
475 491
430 461
431 461
432 461
433 462
434 463
435 465
436 466
437 466
438 466
439 467
440 467
441 468
442 468
443 468
444 469
445 469
446 469
447 470
448 472
449 472
450 473
451 474
452 474
425 452
418 425
388 418
366 388
367 388
368 388
351 366
352 367
341 351
342 351
343 351
344 352
327 342
328 342
329 342
330 343
331 343
332 344
299 332
281 299
248 281
230 248
231 248
205 231
206 231
207 231
191 205
175 191
176 191
161 175
162 175
163 175
164 176
150 161
151 162
152 163
153 163
140 150
141 151
142 151
143 151
144 152
145 153
106 140
107 140
108 141
109 141
110 142
111 143
112 143
113 144
114 145
115 145
84 108
85 108
86 108
87 113
88 114
89 114
90 115
67 85
68 85
69 85
70 86
71 88
72 90
73 90
46 67
47 67
48 67
49 68
50 68
51 70
52 70
53 70
54 71
55 71
56 71
57 72
58 72
59 72
27 47
28 48
29 48
30 49
31 49
32 50
33 50
34 50
35 51
36 51
37 51
38 54
39 54
40 54
41 59
2 27
3 28
4 28
5 29
6 29
7 30
8 31
9 32
10 32
11 32
12 33
13 33
14 34
15 34
16 34
17 35
18 35
19 35
20 37
21 37
22 38
23 40
23 42
42 60
42 61
42 62
60 74
60 75
61 76
61 77
62 78
62 79
62 80
75 91
75 92
75 93
76 94
76 95
76 96
77 97
79 98
79 99
80 100
80 101
91 116
92 117
92 118
93 119
95 120
95 121
97 122
97 123
97 124
98 125
98 126
99 127
99 128
99 129
100 130
100 131
100 132
101 133
101 134
101 135
135 146
146 154
154 165
154 166
154 167
165 177
166 178
167 179
167 180
177 192
177 193
180 194
192 208
192 209
192 210
193 211
193 212
193 213
194 214
194 215
208 232
208 233
210 234
210 235
210 236
211 237
211 238
213 239
214 240
215 241
215 242
232 249
232 250
233 251
233 252
234 253
234 254
234 255
235 256
235 257
236 258
236 259
236 260
237 261
237 262
237 263
238 264
239 265
240 266
240 267
240 268
241 269
241 270
242 271
271 282
282 300
282 301
300 333
300 334
300 335
335 345
345 353
345 354
353 369
354 370
354 371
354 372
370 389
370 390
370 391
390 419
390 420
420 426
426 453
453 476
476 492
476 493
493 515
515 536
515 537
515 538
537 589
537 590
538 591
591 609
609 623
623 634
623 635
623 636
635 648
636 649
636 650
636 651
650 664
651 665
665 687
687 732
732 740
740 748
748 754
754 785
754 786
786 806
806 832
832 850
832 851
850 862
850 863
850 864
851 865
851 866
851 867
862 877
862 878
864 879
864 880
865 881
865 882
865 883
866 884
866 885
867 886
867 887
867 888
877 897
877 898
880 899
880 900
881 901
881 902
881 903
883 904
883 905
883 906
884 907
884 908
887 909
887 910
887 911
888 912
912 923
923 941
923 942
941 965
941 966
941 967
942 968
942 969
969 1000
970 1000
943 970
924 943
913 924
914 924
915 924
889 915
868 889
869 889
852 868
853 869
854 869
855 869
833 852
834 852
835 852
836 853
837 853
838 854
839 855
840 855
807 833
808 834
809 834
810 835
811 835
812 836
813 836
814 837
815 837
816 838
817 838
818 839
819 839
820 840
821 840
787 821
755 787
749 755
750 755
751 755
741 749
742 751
743 751
733 742
688 733
666 688
652 666
653 666
654 666
637 653
638 654
624 637
625 637
610 624
611 624
612 625
613 625
592 613
539 592
516 539
517 539
518 539
494 516
495 517
496 517
497 517
498 518
499 518
477 499
454 477
455 477
456 477
427 456
421 427
422 427
392 422
373 392
355 373
346 355
336 346
337 346
338 346
302 338
283 302
272 283
243 272
216 243
217 243
195 217
196 217
181 195
168 181
169 181
170 181
155 169
156 169
147 156
136 147
137 147
102 137
81 102
63 81
43 63
24 43
24 44
44 64
44 65
65 82
82 103
82 104
104 138
138 148
148 157
148 158
148 159
157 171
157 172
158 173
171 182
171 183
171 184
172 185
172 186
172 187
173 188
182 197
184 198
185 199
187 200
187 201
187 202
188 203
199 218
199 219
199 220
200 221
201 222
201 223
201 224
203 225
203 226
226 244
244 273
273 284
284 303
284 304
284 305
305 339
339 347
347 356
347 357
347 358
357 374
374 393
393 423
423 428
428 457
428 458
458 478
478 500
478 501
501 519
519 540
904 921
355 367
824 848
10 30
855 867
427 452
459 487
178 191
137 145
147 158
688 716
533 559
385 402
472 500
536 555
847 857
868 881
424 443
931 960
98 107
755 772
29 47
178 197
229 268
965 972
668 697
896 921
183 189
228 269
62 82
5 40
929 953
967 994
656 669
536 587
847 865
425 448
528 559
173 176
341 354
861 871
391 406
285 312
686 710
528 581
754 766
865 888
528 571
674 710
678 733
495 519
682 717
496 519
530 578
89 105
480 504
754 759
300 330
677 692
434 466
864 873
170 175
754 769
935 955
540 592
519 523
226 228
48 69
681 689
600 624
456 463
808 838
524 586
391 420
281 301
524 588
752 769
969 977
819 824
670 711
516 527
201 216
635 643
356 364
287 335
199 210
486 513
533 584
199 221
917 933
93 125
358 362
964 989
384 406
154 170
758 807
87 110
453 468
45 82
678 712
72 91
467 499
213 236
925 959
281 298
540 553
389 402
231 264
79 87
845 863
361 377
20 33
139 152
443 475
43 50
753 774
868 886
752 782
411 426
150 164
537 561
75 85
6 27
778 800
286 321
518 524
368 379
73 84
682 715
145 159
883 894
61 74
387 412
235 246
231 253
578 611
492 516
624 633
371 393
11 33
441 461
814 825
523 589
825 851
244 266
39 55
557 595
561 608
531 559
819 838
303 323
756 795
815 828
172 175
100 135
274 304
858 885
342 350
529 581
155 171
538 551
46 68
189 212
428 429
637 652
886 900
340 357
81 98
502 525
647 660
21 25
391 414
424 448
877 903
19 28
320 341
780 799
288 314
27 48
296 339
200 224
172 174
852 859
828 842
829 842
146 156
539 580
424 440
961 973
308 340
58 74
664 672
100 105
924 928
754 770
25 62
497 516
674 702
368 384
665 683
171 186
648 662
244 248
805 827
775 818
637 646
35 53
61 73
483 515
443 465
752 764
392 414
154 161
477 484
933 968
288 329
380 419
99 108
921 930
796 839
545 602
669 732
810 826
224 229
527 547
517 530
98 118
876 908
312 342
364 385
121 148
478 496
752 771
556 599
156 162
858 881
308 341
779 809
175 203
899 923
838 844
689 740
657 675
509 534
361 393
661 672
172 181
661 682
628 653
209 231
531 566
656 674
850 857
362 376
728 735
527 568
81 86
793 830
231 267
523 555
245 282
425 458
758 795
70 95
696 742
432 464
734 747
232 247
921 928
262 283
529 543
1 39
226 229
539 549
754 756
675 694
488 512
286 332
672 722
834 848
675 715
428 441
665 680
533 587
956 983
471 496
26 55
67 86
362 377
933 969
428 443
831 855
773 809
193 219
146 151
752 780
197 206
177 197
638 648
484 509
590 595
655 677
920 939
168 187
672 726
506 521
743 744
197 214
210 230
492 505
844 861
43 56
294 317
939 949
291 323
908 916
639 660
274 301
381 396
933 947
631 654
360 390
291 311
237 271
152 173
657 672
375 402
496 511
866 888
954 981
293 318
539 563
527 574
5 42
682 697
349 368
671 719
916 940
148 156
930 956
476 487
757 801
530 571
826 855
528 562
965 995
357 362
957 973
160 180
50 79
69 93
348 374
97 112
189 225
259 279
39 58
37 65
466 488
408 428
970 991
952 987
637 654
442 467
388 400
6 30
540 554
503 536
428 456
169 185
880 893
941 962
660 676
479 515
672 731
78 92
35 54
616 633
635 651
759 821
93 122
635 645
169 180
933 955
867 870
36 55
598 621
620 627
269 274
661 681
762 813
236 255
755 783
66 87
598 620
104 121
963 982
733 740
686 700
529 579
303 329
682 692
69 90
49 71
202 217
387 402
191 225
280 295
351 367
944 989
162 187
882 912
947 995
297 329
926 948
515 523
783 820
253 278
861 877
841 864
386 403
635 639
843 863
754 787
377 407
390 411
171 187
173 174
392 418
738 744
774 791
806 838
448 463
11 43
709 736
466 494
537 563
280 294
654 662
425 450
622 627
924 937
579 596
475 493
510 533
448 475
908 921
796 823
960 978
938 944
136 146
540 568
141 155
44 47
232 273
690 738
94 134
664 678
433 461
924 936
292 308
858 876
579 606
298 329
357 360
4 36
786 797
99 117
662 683
821 833
877 910
948 988
358 364
685 693
787 810
872 915
312 345
695 740
351 373
789 839
795 834
221 241
180 196
293 337
752 784
929 959
535 567
755 779
625 626
443 471
938 946
428 452
753 785
935 969
576 597
279 298
842 865
964 986
739 746
765 811
256 279
941 947
28 50
473 481
895 924
672 733
328 344
90 110
293 321
464 494
150 166
425 443
526 563
953 979
427 448
118 140
755 786
872 890
172 184
264 277
485 517
637 648
561 607
426 452
37 47
886 915
957 992
425 451
775 811
457 475
31 59
80 104
246 275
677 695
200 219
736 747
105 146
791 835
823 850
640 660
595 622
628 651
28 45
199 217
928 944
109 145
223 229
507 524
170 188
814 830
531 567
510 526
684 729
777 810
349 359
527 549
883 911
677 694
383 395
529 592
90 123
711 742
197 207
171 176
970 982
393 403
276 302
881 893
424 430
799 840
646 662
665 681
357 369
878 900
683 698
128 144
784 803
573 605
925 960
229 253
228 264
428 454
342 349
681 696
364 389
359 392
74 104
934 949
789 834
639 666
507 522
752 765
139 158
676 689
289 317
934 950
68 94
134 142
888 906
876 895
167 186
863 887
239 247
524 589
84 119
679 691
491 515
183 193
72 99
963 994
193 206
664 673
640 663
342 358
369 383
540 565
157 166
616 632
288 339
193 215
233 260
301 312
202 220
917 930
466 498
633 651
888 896
755 773
374 392
951 978
266 276
863 876
753 762
154 171
498 503
849 857
525 583
136 139
466 482
674 731
939 944
351 372
437 471
163 181
190 213
229 263
143 157
73 89
379 409
225 230
811 839
683 699
462 489
323 342
409 425
292 317
501 506
673 694
491 518
948 995
428 430
424 454
197 213
72 100
878 893
143 149
172 177
213 237
604 615
956 980
474 496
923 940
87 123
629 653
926 951
524 578
536 585
81 93
373 383
591 595
427 437
389 421
507 520
299 314
174 198
889 907
25 58
172 178
864 882
661 677
533 591
823 846
685 690
680 731
363 387
524 570
522 556
531 541
86 136
252 279
187 196
502 530
200 205
202 213
223 240
863 884
126 144
14 40
242 263
425 437
126 148
689 741
293 331
911 918
279 305
103 130
104 117
875 900
925 963
428 439
624 631
141 153
779 821
288 320
46 70
11 40
677 719
508 533
576 608
428 432
424 455
568 609
485 513
663 678
425 433
424 438
478 493
523 577
628 639
21 38
484 515
890 921
300 339
361 384
489 516
538 559
461 495
81 92
475 497
673 697
794 822
882 895
275 296
824 842
147 150
819 828
77 87
74 99
639 656
814 831
77 84
857 876
225 236
377 414
98 105
21 30
682 727
59 66
680 694
616 637
542 610
610 615
112 147
436 463
148 149
537 560
538 572
356 366
376 406
843 859
538 542
204 236
219 239
535 579
19 27
623 633
824 846
774 790
497 505
27 60
752 758
350 372
540 561
919 925
178 202
680 700
31 58
407 424
587 610
959 994
23 30
45 73
828 853
54 75
475 498
755 781
962 982
310 345
888 894
164 177
27 56
840 854
954 989
619 634
310 341
362 390
167 182
586 606
359 391
534 542
234 271
274 289
215 235
469 483
355 369
228 254
391 408
824 849
752 781
79 90
744 754
433 470
183 196
970 979
755 775
937 953
736 744
679 689
197 210
426 451
942 959
787 808
74 93
424 439
224 244
837 843
955 976
385 398
921 943
241 268
189 207
783 800
206 242
788 837
672 720
621 627
66 91
884 900
688 704
353 359
238 245
767 796
826 852
239 246
690 737
191 221
673 729
217 236
522 572
807 828
206 228
103 127
276 292
685 724
370 381
959 988
929 956
155 161
647 662
86 106
722 735
180 191
786 798
494 511
583 604
951 996
27 59
682 720
87 133
293 339
517 538
286 333
88 134
656 681
291 329
761 811
668 727
526 587
180 199
704 735
752 770
254 274
797 828
870 900
800 829
897 921
833 855
664 676
526 586
34 63
786 815
104 113
276 299
156 160
704 738
71 96
525 574
356 362
905 920
482 502
930 950
344 348
881 896
104 136
838 842
687 693
238 265
523 560
280 299
737 747
461 480
754 761
609 622
391 397
520 571
771 797
754 779
28 61
641 662
757 799
95 134
374 387
242 249
539 552
867 885
86 122
288 324
344 350
90 126
81 101
101 126
740 746
966 977
61 72
858 886
57 70
933 957
377 408
317 347
203 208
338 342
341 355
425 442
55 80
211 240
450 468
195 205
825 842
949 977
805 839
871 905
160 177
761 805
34 58
342 352
947 974
668 707
687 731
665 667
867 876
684 696
736 749
533 592
200 217
683 701
675 718
47 69
947 987
232 245
495 505
493 509
237 255
305 338
480 502
287 325
671 725
768 793
354 361
830 854
925 967
512 529
285 334
664 680
140 156
634 653
29 59
343 354
840 843
199 209
454 466
920 929
484 503
426 440
839 847
478 487
530 545
675 719
221 240
865 887
103 111
820 822
818 834
860 874
74 98
922 929
93 107
234 269
956 977
771 805
952 995
14 43
665 677
627 640
755 770
139 155
670 715
149 171
351 364
490 505
627 654
37 49
969 983
14 33
349 360
186 199
278 299
426 449
79 101
288 333
110 139
664 670
525 559
855 859
916 930
764 794
619 635
202 204
385 396
192 211
428 444
278 292
828 843
527 569
444 474
697 739
506 530
970 995
455 476
859 872
605 615
900 922
683 691
749 754
780 795
12 27
669 722
802 835
427 436
923 930
436 468
156 165
538 558
217 229
835 844
361 391
471 498
305 307
864 885
630 643
754 772
73 100
832 842
518 520
825 843
428 437
481 515
854 868
76 84
220 227
294 332
726 742
870 907
754 784
915 917
335 341
536 542
84 128
926 952
87 135
354 374
282 289
378 421
463 491
553 603
274 300
158 166
292 325
299 336
185 200
463 480
768 807
936 956
157 161
188 194
622 626
478 498
634 654
293 309
754 762
348 365
202 208
279 294
958 1000
199 214
159 173
534 551
357 359
924 925
333 345
673 705
530 573
54 73
922 938
260 281
610 625
875 914
491 513
495 515
192 221
950 979
410 425
509 523
41 56
275 305
48 82
676 710
181 192
835 845
376 405
427 438
929 944
441 478
674 724
101 119
872 908
105 145
444 463
926 967
281 288
662 678
861 874
180 197
3 43
293 332
89 108
746 755
863 870
753 778
530 585
354 360
753 769
447 466
872 911
741 748
7 32
609 616
886 899
937 950
140 155
359 387
681 727
931 955
86 114
531 572
862 886
476 491
604 623
260 280
424 453
389 409
514 530
677 693
963 974
96 118
48 76
669 710
391 405
343 357
860 884
737 744
385 405
97 130
933 950
177 191
446 476
667 694
26 50
676 702
925 965
336 342
67 92
799 835
685 706
785 810
198 209
613 620
751 752
284 300
61 80
876 909
280 304
631 641
543 596
189 210
516 525
675 692
553 596
793 833
274 303
39 47
425 447
156 167
661 678
646 666
153 168
912 916
461 497
820 828
524 592
366 392
449 466
964 996
274 296
917 934
918 935
366 377
809 835
239 258
449 463
432 474
51 79
655 687
678 717
525 552
427 450
350 363
477 497
942 954
732 742
285 307
45 69
772 811
532 573
877 911
96 109
208 229
104 135
424 447
81 99
597 623
342 348
427 446
430 464
244 253
872 901
616 630
246 284
375 411
890 918
70 103
91 113
505 539
144 159
566 598
919 943
533 556
77 85
926 957
555 597
356 367
462 486
685 695
951 999
664 684
773 799
428 447
93 109
469 498
465 482
646 656
872 905
969 981
506 535
196 216
660 667
871 904
964 972
153 162
370 380
263 283
304 339
82 86
197 219
448 465
279 303
794 823
494 505
522 564
810 830
239 257
54 69
650 659
532 547
675 729
465 497
669 693
234 248
192 207
283 303
582 597
705 736
666 669
686 717
220 231
233 264
640 662
92 123
877 913
670 732
508 521
489 519
185 202
957 986
806 828
632 648
216 235
617 629
752 763
142 155
280 291
230 249
855 868
54 77
470 481
230 264
571 599
424 442
395 427
229 272
94 119
780 796
705 734
754 757
516 522
74 94
36 45
970 975
679 690
424 456
239 248
25 48
800 840
860 881
674 729
102 124
205 243
623 632
457 469
243 263
686 720
784 810
860 888
282 287
305 333
142 157
753 777
80 98
44 48
529 563
525 560
924 935
284 294
426 439
426 437
191 220
59 82
108 148
94 129
546 602
918 939
536 572
25 46
908 920
335 347
194 212
76 93
516 528
753 770
644 661
916 942
344 357
358 371
58 66
836 844
198 223
528 592
923 931
297 313
261 283
183 198
531 555
173 179
866 870
424 434
788 833
753 756
353 373
398 424
162 179
668 690
781 806
355 362
569 599
964 991
278 286
533 562
357 365
676 701
14 29
303 317
758 798
755 762
523 545
648 661
300 321
427 449
52 68
938 956
279 287
926 956
753 767
623 631
879 890
595 623
6 31
195 209
240 249
68 88
889 899
546 612
928 950
688 691
851 862
352 369
511 539
872 897
884 893
229 256
411 427
24 35
68 91
911 917
208 234
200 213
375 413
426 457
297 306
575 596
191 219
458 471
165 182
860 878
387 407
37 61
386 402
368 378
307 343
443 463
885 899
754 780
48 74
642 665
381 402
242 266
288 308
387 409
295 334
899 921
498 516
498 512
753 761
536 565
170 183
197 212
785 790
755 782
1 44
355 371
633 643
140 149
540 580
187 190
277 290
102 132
186 202
497 504
142 158
415 428
875 913
503 528
965 985
55 82
281 285
96 115
56 73
676 715
298 309
638 643
4 32
755 768
478 488
918 925
353 371
668 703
897 923
159 162
364 388
887 903
132 148
243 246
927 970
623 630
72 101
462 482
657 681
63 68
99 116
870 893
949 984
648 660
425 434
687 700
510 534
244 264
611 621
536 592
90 105
377 404
682 733
957 989
280 305
557 603
385 416
382 408
359 379
339 341
862 883
673 692
359 380
968 980
375 397
35 49
170 176
958 987
619 630
596 621
539 557
238 249
187 197
104 128
145 158
32 47
570 606
934 966
77 98
782 812
175 192
384 417
668 720
632 646
865 884
340 358
597 624
896 918
84 107
373 379
140 154
196 208
358 369
290 315
960 991
156 168
428 440
791 831
527 560
293 313
427 444
391 422
885 911
38 51
287 337
417 426
232 270
656 685
426 454
114 139
301 322
682 700
187 189
373 384
936 962
97 115
587 611
296 334
956 987
98 115
824 844
345 348
428 433
969 988
526 575
279 304
87 122
290 336
919 939
286 312
40 64
90 138
655 672
922 942
250 274
767 806
611 618
84 129
753 781
785 809
59 78
858 883
948 986
522 557
527 546
774 803
774 812
440 475
919 942
98 138
326 345
69 83
92 137
616 629
861 888
853 864
882 894
933 960
348 372
433 466
45 67
348 363
96 132
198 225
69 102
750 752
279 299
526 584
755 760
676 730
632 650
418 424
22 43
178 203
199 206
384 411
621 634
628 654
555 596
387 414
189 208
482 505
927 969
221 239
657 667
939 956
818 831
291 320
390 409
162 177
520 585
930 945
539 555
9 26
529 582
383 410
13 40
71 102
55 73
433 475
865 878
752 766
757 795
903 924
329 347
213 242
758 804
520 549
710 742
486 515
886 901
857 881
19 30
75 87
837 854
759 817
580 606
425 449
835 853
89 129
179 198
562 595
820 831
618 636
86 112
97 107
967 983
25 49
195 206
550 598
225 237
189 219
847 863
434 459
27 49
268 277
93 110
596 619
233 259
450 462
889 908
94 109
663 669
783 814
744 755
397 424
209 229
851 869
757 815
946 972
776 819
664 671
745 754
72 98
965 984
349 361
277 301
29 51
615 638
534 582
502 533
681 722
945 988
506 522
190 208
68 93
521 562
600 617
856 884
515 531
529 552
550 610
194 221
206 244
426 436
830 845
425 440
514 523
792 833
538 577
916 939
754 776
357 370
923 943
217 242
792 831
196 206
873 910
157 163
382 394
274 299
447 472
859 878
32 54
885 894
449 478
165 188
379 399
282 298
643 660
862 884
491 508
76 91
46 78
425 432
888 899
513 538
486 518
655 679
752 757
812 824
755 758
296 314
175 193
482 512
13 36
139 154
472 479
276 296
380 420
876 894
468 497
655 681
663 673
274 305
628 652
938 964
424 450
187 199
922 927
99 122
192 215
78 90
877 912
885 907
841 869
231 245
176 199
319 342
860 882
761 807
755 756
762 817
605 625
767 802
83 107
279 302
474 488
655 670
655 688
72 87
670 710
526 578
270 283
762 788
464 497
758 809
587 597
507 521
947 978
153 172
454 469
425 444
43 62
80 95
849 869
22 28
202 211
99 115
294 334
525 543
671 726
197 211
818 830
512 530
478 485
543 604
277 299
292 337
730 743
848 859
41 48
1 38
928 962
935 949
268 278
541 600
670 702
941 969
262 281
822 845
627 653
227 258
922 941
577 603
925 957
792 830
672 704
473 497
199 223
481 504
674 712
753 765
389 403
749 753
287 315
477 491
798 828
939 966
34 45
686 703
233 250
289 310
715 743
428 431
848 862
183 194
546 600
678 729
165 184
946 994
19 26
67 102
785 804
517 537
800 836
391 423
860 879
125 139
636 653
287 321
754 771
361 381
497 510
537 551
340 353
734 745
493 505
877 890
536 547
498 519
91 138
520 581
339 344
781 800
916 936
892 920
91 115
178 200
543 601
542 613
174 203
437 477
15 28
527 545
878 897
90 131
753 780
339 340
92 131
382 414
360 386
591 597
961 998
31 61
689 739
181 200
660 685
925 952
515 528
820 834
522 578
480 518
503 532
866 872
932 958
722 742
861 883
186 196
532 586
210 229
526 585
3 33
781 790
658 687
618 634
9 37
291 338
813 840
761 802
494 515
504 527
183 197
165 174
289 339
616 635
276 286
244 260
781 794
227 262
812 837
306 344
214 232
511 535
209 227
859 889
209 230
801 840
890 924
82 89
768 800
425 445
925 968
291 334
25 60
123 148
303 321
660 669
895 923
86 118
236 273
688 727
25 56
606 617
534 578
620 636
768 788
427 457
536 554
519 521
870 914
294 315
175 200
278 297
966 973
355 370
753 760
828 844
668 712
870 897
578 596
96 106
271 275
863 873
618 629
932 956
925 948
386 417
885 900
424 449
284 296
447 467
545 606
539 556
231 272
358 367
850 856
493 503
286 318
662 686
535 541
237 254
146 158
879 907
792 826
166 185
49 74
760 799
521 558
539 541
179 202
606 620
859 887
525 567
24 40
677 718
202 214
597 625
429 463
289 336
343 349
141 156
228 267
793 834
922 930
459 489
529 574
381 406
14 37
627 643
691 736
793 836
129 140
59 73
276 287
351 359
380 411
393 404
258 282
2 28
871 891
527 567
783 815
88 130
564 613
871 908
210 237
661 668
594 622
39 65
663 681
57 82
495 511
192 206
511 540
88 129
223 234
678 713
655 675
149 165
155 173
685 707
58 71
763 801
191 222
754 763
265 280
178 189
752 760
761 794
539 572
362 375
764 812
50 70
824 855
37 63
660 671
598 614
531 583
845 865
191 204
459 501
762 789
302 323
521 582
275 300
528 561
117 146
265 277
763 799
147 155
238 257
522 546
899 918
734 746
901 923
600 625
502 527
525 584
283 290
260 276
780 790
525 548
922 933
239 254
196 219
95 107
524 542
82 83
44 50
179 197
150 162
163 182
284 285
958 981
515 527
233 257
230 255
536 545
927 955
624 635
116 145
44 58
860 871
620 637
919 926
379 402
916 938
654 663
149 164
748 755
537 547
424 432
561 600
495 510
240 262
615 628
47 79
528 544
26 57
927 957
215 240
413 428
645 660
925 955
936 952
803 835
608 625
207 227
523 565
79 95
380 400
717 736
304 321
850 858
600 616
753 775
481 509
529 575
451 459
550 603
945 985
533 548
864 874
24 33
563 598
100 119
436 470
382 396
751 753
100 118
231 263
157 165
880 894
686 729
621 637
381 394
865 874
281 292
887 891
369 389
217 239
539 542
237 247
852 862
458 466
347 351
880 901
612 621
682 726
55 66
433 469
426 442
885 897
754 777
70 102
944 981
839 848
529 558
66 102
425 446
281 293
197 221
951 994
537 553
587 598
222 235
477 498
424 446
233 261
40 62
393 422
322 347
523 574
458 476
31 60
959 998
870 896
17 40
171 179
956 971
846 864
764 810
936 945
159 164
922 931
298 313
499 509
764 815
813 839
573 607
52 82
195 215
388 404
270 274
841 857
754 773
942 963
651 663
910 924
122 140
887 913
427 442
524 558
87 106
676 725
837 850
73 97
631 640
661 675
194 206
596 620
97 121
132 147
187 195
949 994
925 954
171 174
848 857
468 490
879 910
966 972
371 391
920 928
920 926
351 374
884 896
18 39
923 926
292 326
916 941
607 620
683 714
225 235
190 225
212 229
952 973
678 706
777 801
78 102
938 969
372 383
302 339
430 459
815 823
225 238
342 355
524 584
534 545
464 491
304 326
475 499
831 841
467 486
181 197
781 801
241 249
526 561
92 121
340 354
900 917
388 397
243 273
686 733
298 331
378 415
529 551
191 217
237 246
514 522
319 346
755 759
753 759
292 318
297 336
22 37
808 831
933 966
366 381
26 60
431 474
152 160
352 374
460 487
659 684
196 225
934 961
300 310
91 130
659 669
522 543
498 508
167 181
649 658
346 349
954 976
540 558
290 307
540 549
29 52
517 532
282 290
366 390
336 344
392 416
936 948
194 226
8 30
70 91
51 73
67 96
2 32
99 120
924 930
623 629
853 866
780 812
928 951
29 45
5 39
524 569
47 78
525 587
488 505
461 491
458 462
344 353
146 150
286 337
944 975
450 466
531 546
239 260
279 290
82 88
658 685
950 974
66 98
680 730
439 478
1 31
150 173
467 482
943 946
344 355
884 911
301 339
103 109
376 399
82 94
377 410
494 508
382 415
777 792
764 789
774 811
861 881
816 831
359 376
767 788
113 145
198 208
427 453
171 185
21 33
678 703
918 941
280 300
287 322
232 262
48 72
621 632
127 144
26 58
376 417
425 436
352 372
682 689
440 460
626 653
554 604
823 842
215 228
355 374
241 266
789 826
809 829
507 531
425 431
34 54
474 499
172 182
427 458
366 391
487 512
295 332
184 196
842 857
832 853
401 426
537 571
67 101
585 611
687 719
223 227
613 617
354 368
940 945
488 519
869 888
920 940
469 501
391 403
356 363
30 60
459 497
17 43
623 628
218 242
147 153
754 765
239 249
13 37
374 376
921 925
856 877
520 550
180 202
393 394
543 611
544 605
449 461
531 589
147 151
961 997
533 554
67 89
826 847
523 573
500 509
539 561
532 584
128 139
533 574
518 531
35 45
669 731
588 610
660 678
176 192
775 801
643 655
599 624
274 290
472 487
250 276
884 898
60 71
935 946
83 132
900 924
296 321
831 850
661 669
14 26
37 59
317 346
669 727
540 577
756 814
304 313
530 551
30 53
83 138
619 636
931 959
379 416
671 722
229 260
624 638
967 976
101 127
648 666
648 656
150 168
341 357
168 185
428 449
54 82
380 398
89 135
510 537
346 351
892 916
586 610
380 416
931 946
638 651
382 417
426 434
681 694
642 659
529 584
258 275
781 817
683 711
376 395
126 139
277 304
532 589
668 726
149 169
189 216
297 335
782 804
91 112
279 286
917 937
481 519
31 52
735 747
433 478
476 497
479 507
778 807
9 40
822 853
422 425
295 337
530 567
691 740
282 291
766 797
170 174
740 744
207 233
168 178
103 110
753 783
923 929
5 30
231 251
523 585
303 312
684 703
318 341
93 137
231 249
158 170
535 542
608 621
73 94
127 139
125 143
97 105
886 893
675 707
657 684
645 655
530 583
304 310
954 971
424 445
946 998
292 323
364 380
349 367
926 958
202 207
754 781
820 823
956 974
350 367
296 315
426 433
81 100
506 523
137 141
607 616
340 356
596 624
650 666
373 381
621 626
521 569
927 949
228 253
511 523
229 254
668 731
754 783
78 100
795 826
103 124
65 74
656 687
798 840
854 858
37 57
526 574
526 558
143 153
509 531
924 932
455 475
856 887
241 248
445 462
822 846
966 992
311 340
663 667
822 849
285 315
961 990
678 704
754 782
824 854
887 896
233 255
938 949
290 311
789 833
537 542
44 60
530 592
104 131
474 480
675 696
925 946
60 77
787 816
201 218
377 394
839 852
289 320
922 926
943 965
29 57
273 282
676 731
117 142
828 845
657 678
81 84
727 734
639 665
755 761
538 545
251 280
92 130
613 616
150 172
964 997
425 438
385 400
511 526
688 694
347 350
212 244
471 491
808 840
102 138
252 283
140 153
161 186
496 507
763 821
614 633
620 638
35 57
959 974
858 875
305 325
864 886
765 810
292 332
536 566
488 507
319 343
737 749
216 231
94 105
161 184
144 151
294 313
945 994
86 132
87 115
528 573
125 145
390 418
50 80
957 983
918 937
198 210
601 622
522 541
288 332
231 261
340 352
520 551
539 576
377 419
428 435
472 486
859 879
927 967
224 238
188 189
296 308
809 825
216 236
86 133
934 959
343 356
518 529
469 481
754 767
558 594
354 362
776 797
82 95
928 947
471 487
678 726
683 726
13 30
741 751
616 638
253 284
676 716
68 104
275 287
438 459
601 618
753 771
737 746
788 823
288 322
879 893
767 797
655 673
502 531
925 949
737 748
201 215
231 246
581 613
391 395
297 324
673 703
525 569
43 59
719 735
740 745
758 788
241 262
156 163
622 638
668 711
874 915
739 749
473 479
481 518
708 739
885 903
940 965
675 710
78 97
864 871
880 911
670 730
871 894
355 364
336 340
780 811
161 180
961 982
658 683
818 833
317 342
236 253
847 856
882 892
968 982
561 599
460 479
526 549
873 897
853 860
287 332
70 100
931 944
275 297
467 500
213 230
884 895
10 28
517 521
527 542
524 571
671 732
185 201
283 286
844 862
27 51
684 726
969 974
665 673
287 326
652 656
207 244
816 829
243 247
276 301
935 966
848 864
932 966
579 603
856 886
794 829
856 889
490 511
72 96
686 701
676 703
849 864
672 712
475 488
540 583
915 920
274 302
664 683
46 82
678 720
300 314
389 394
774 804
561 595
65 71
511 532
882 914
753 757
625 636
784 814
620 635
424 435
384 405
266 282
633 642
603 620
89 138
140 152
9 36
70 98
351 371
614 636
653 665
533 576
858 877
210 239
519 539
305 328
348 373
184 193
537 543
754 758
620 629
274 291
877 909
155 172
182 190
847 862
967 985
510 535
618 638
774 820
200 225
381 420
674 697
353 372
935 967
220 234
64 74
913 922
