1000 4000 50
11 21 21 21 21 21 21 21 21 21 21 21 21 21 21 21 21 21 21 21 20 20 20 20 20 20 20 20 20 20 20 20 20 20 20 20 20 20 20 20 20 20 20 20 20 20 20 20 20 10 
1 12
12 33
33 54
54 75
75 96
96 117
117 138
138 159
159 180
180 201
201 222
222 243
243 264
264 285
285 306
306 327
327 348
348 369
369 390
390 411
411 431
431 451
451 471
471 491
491 511
511 531
531 551
551 571
571 591
591 611
611 631
631 651
651 671
671 691
691 711
711 731
731 751
751 771
771 791
791 811
811 831
831 851
851 871
871 891
891 911
911 931
931 951
951 971
971 991
972 991
952 972
932 952
912 932
892 912
872 892
852 872
832 852
812 832
792 812
772 792
752 772
732 752
712 732
692 712
672 692
652 672
632 652
612 632
592 612
572 592
552 572
532 552
512 532
492 512
472 492
452 472
432 452
412 432
391 412
370 391
349 370
328 349
307 328
286 307
265 286
244 265
223 244
202 223
181 202
160 181
139 160
118 139
97 118
76 97
55 76
34 55
13 34
2 13
2 14
14 35
35 56
56 77
77 98
98 119
119 140
140 161
161 182
182 203
203 224
224 245
245 266
266 287
287 308
308 329
329 350
350 371
371 392
392 413
413 433
433 453
453 473
473 493
493 513
513 533
533 553
553 573
573 593
593 613
613 633
633 653
653 673
673 693
693 713
713 733
733 753
753 773
773 793
793 813
813 833
833 853
853 873
873 893
893 913
913 933
933 953
953 973
973 992
974 992
954 974
934 954
914 934
894 914
874 894
854 874
834 854
814 834
794 814
774 794
754 774
734 754
714 734
694 714
674 694
654 674
634 654
614 634
594 614
574 594
554 574
534 554
514 534
494 514
474 494
454 474
434 454
414 434
393 414
372 393
351 372
330 351
309 330
288 309
267 288
246 267
225 246
204 225
183 204
162 183
141 162
120 141
99 120
78 99
57 78
36 57
15 36
3 15
3 16
16 37
37 58
58 79
79 100
100 121
121 142
142 163
163 184
184 205
205 226
226 247
247 268
268 289
289 310
310 331
331 352
352 373
373 394
394 415
415 435
435 455
455 475
475 495
495 515
515 535
535 555
555 575
575 595
595 615
615 635
635 655
655 675
675 695
695 715
715 735
735 755
755 775
775 795
795 815
815 835
835 855
855 875
875 895
895 915
915 935
935 955
955 975
975 993
976 993
956 976
936 956
916 936
896 916
876 896
856 876
836 856
816 836
796 816
776 796
756 776
736 756
716 736
696 716
676 696
656 676
636 656
616 636
596 616
576 596
556 576
536 556
516 536
496 516
476 496
456 476
436 456
416 436
395 416
374 395
353 374
332 353
311 332
290 311
269 290
248 269
227 248
206 227
185 206
164 185
143 164
122 143
101 122
80 101
59 80
38 59
17 38
4 17
4 18
18 39
39 60
60 81
81 102
102 123
123 144
144 165
165 186
186 207
207 228
228 249
249 270
270 291
291 312
312 333
333 354
354 375
375 396
396 417
417 437
437 457
457 477
477 497
497 517
517 537
537 557
557 577
577 597
597 617
617 637
637 657
657 677
677 697
697 717
717 737
737 757
757 777
777 797
797 817
817 837
837 857
857 877
877 897
897 917
917 937
937 957
957 977
977 994
978 994
958 978
938 958
918 938
898 918
878 898
858 878
838 858
818 838
798 818
778 798
758 778
738 758
718 738
698 718
678 698
658 678
638 658
618 638
598 618
578 598
558 578
538 558
518 538
498 518
478 498
458 478
438 458
418 438
397 418
376 397
355 376
334 355
313 334
292 313
271 292
250 271
229 250
208 229
187 208
166 187
145 166
124 145
103 124
82 103
61 82
40 61
19 40
5 19
5 20
20 41
41 62
62 83
83 104
104 125
125 146
146 167
167 188
188 209
209 230
230 251
251 272
272 293
293 314
314 335
335 356
356 377
377 398
398 419
419 439
439 459
459 479
479 499
499 519
519 539
539 559
559 579
579 599
599 619
619 639
639 659
659 679
679 699
699 719
719 739
739 759
759 779
779 799
799 819
819 839
839 859
859 879
879 899
899 919
919 939
939 959
959 979
979 995
980 995
960 980
940 960
920 940
900 920
880 900
860 880
840 860
820 840
800 820
780 800
760 780
740 760
720 740
700 720
680 700
660 680
640 660
620 640
600 620
580 600
560 580
540 560
520 540
500 520
480 500
460 480
440 460
420 440
399 420
378 399
357 378
336 357
315 336
294 315
273 294
252 273
231 252
210 231
189 210
168 189
147 168
126 147
105 126
84 105
63 84
42 63
21 42
6 21
6 22
22 43
43 64
64 85
85 106
106 127
127 148
148 169
169 190
190 211
211 232
232 253
253 274
274 295
295 316
316 337
337 358
358 379
379 400
400 421
421 441
441 461
461 481
481 501
501 521
521 541
541 561
561 581
581 601
601 621
621 641
641 661
661 681
681 701
701 721
721 741
741 761
761 781
781 801
801 821
821 841
841 861
861 881
881 901
901 921
921 941
941 961
961 981
981 996
982 996
962 982
942 962
922 942
902 922
882 902
862 882
842 862
822 842
802 822
782 802
762 782
742 762
722 742
702 722
682 702
662 682
642 662
622 642
602 622
582 602
562 582
542 562
522 542
502 522
482 502
462 482
442 462
422 442
401 422
380 401
359 380
338 359
317 338
296 317
275 296
254 275
233 254
212 233
191 212
170 191
149 170
128 149
107 128
86 107
65 86
44 65
23 44
7 23
7 24
24 45
45 66
66 87
87 108
108 129
129 150
150 171
171 192
192 213
213 234
234 255
255 276
276 297
297 318
318 339
339 360
360 381
381 402
402 423
423 443
443 463
463 483
483 503
503 523
523 543
543 563
563 583
583 603
603 623
623 643
643 663
663 683
683 703
703 723
723 743
743 763
763 783
783 803
803 823
823 843
843 863
863 883
883 903
903 923
923 943
943 963
963 983
983 997
984 997
964 984
944 964
924 944
904 924
884 904
864 884
844 864
824 844
804 824
784 804
764 784
744 764
724 744
704 724
684 704
664 684
644 664
624 644
604 624
584 604
564 584
544 564
524 544
504 524
484 504
464 484
444 464
424 444
403 424
382 403
361 382
340 361
319 340
298 319
277 298
256 277
235 256
214 235
193 214
172 193
151 172
130 151
109 130
88 109
67 88
46 67
25 46
8 25
8 26
26 47
47 68
68 89
89 110
110 131
131 152
152 173
173 194
194 215
215 236
236 257
257 278
278 299
299 320
320 341
341 362
362 383
383 404
404 425
425 445
445 465
465 485
485 505
505 525
525 545
545 565
565 585
585 605
605 625
625 645
645 665
665 685
685 705
705 725
725 745
745 765
765 785
785 805
805 825
825 845
845 865
865 885
885 905
905 925
925 945
945 965
965 985
985 998
986 998
966 986
946 966
926 946
906 926
886 906
866 886
846 866
826 846
806 826
786 806
766 786
746 766
726 746
706 726
686 706
666 686
646 666
626 646
606 626
586 606
566 586
546 566
526 546
506 526
486 506
466 486
446 466
426 446
405 426
384 405
363 384
342 363
321 342
300 321
279 300
258 279
237 258
216 237
195 216
174 195
153 174
132 153
111 132
90 111
69 90
48 69
27 48
9 27
9 28
28 49
49 70
70 91
91 112
112 133
133 154
154 175
175 196
196 217
217 238
238 259
259 280
280 301
301 322
322 343
343 364
364 385
385 406
406 427
427 447
447 467
467 487
487 507
507 527
527 547
547 567
567 587
587 607
607 627
627 647
647 667
667 687
687 707
707 727
727 747
747 767
767 787
787 807
807 827
827 847
847 867
867 887
887 907
907 927
927 947
947 967
967 987
987 999
988 999
968 988
948 968
928 948
908 928
888 908
868 888
848 868
828 848
808 828
788 808
768 788
748 768
728 748
708 728
688 708
668 688
648 668
628 648
608 628
588 608
568 588
548 568
528 548
508 528
488 508
468 488
448 468
428 448
407 428
386 407
365 386
344 365
323 344
302 323
281 302
260 281
239 260
218 239
197 218
176 197
155 176
134 155
113 134
92 113
71 92
50 71
29 50
10 29
10 30
30 51
51 72
72 93
93 114
114 135
135 156
156 177
177 198
198 219
219 240
240 261
261 282
282 303
303 324
324 345
345 366
366 387
387 408
408 429
429 449
449 469
469 489
489 509
509 529
529 549
549 569
569 589
589 609
609 629
629 649
649 669
669 689
689 709
709 729
729 749
749 769
769 789
789 809
809 829
829 849
849 869
869 889
889 909
909 929
929 949
949 969
969 989
989 1000
990 1000
970 990
950 970
930 950
910 930
890 910
870 890
850 870
830 850
810 830
790 810
770 790
750 770
730 750
710 730
690 710
670 690
650 670
630 650
610 630
590 610
570 590
550 570
530 550
510 530
490 510
470 490
450 470
430 450
409 430
388 409
367 388
346 367
325 346
304 325
283 304
262 283
241 262
220 241
199 220
178 199
157 178
136 157
115 136
94 115
73 94
52 73
31 52
11 31
11 32
32 53
53 74
74 95
95 116
116 137
137 158
158 179
179 200
200 221
221 242
242 263
263 284
284 305
305 326
326 347
347 368
368 389
389 410
585 596
875 898
468 483
284 301
714 741
110 126
705 722
386 401
609 630
774 795
672 694
72 76
315 347
752 774
892 917
374 406
546 561
43 60
332 359
4 19
118 150
355 388
935 966
150 165
401 415
581 596
210 222
918 946
719 750
655 683
66 80
91 99
301 315
240 259
642 661
675 694
700 726
828 836
558 581
780 793
436 454
961 980
549 551
69 84
450 466
480 504
771 796
669 686
32 41
672 709
255 272
317 341
43 58
301 311
758 771
294 310
65 85
819 837
673 702
56 82
32 38
242 261
674 693
303 306
235 247
319 333
103 135
4 22
553 588
310 336
519 546
825 846
268 294
70 82
259 270
824 838
686 695
757 773
828 849
353 372
531 552
770 786
304 320
208 231
361 378
394 416
198 214
576 592
507 517
441 451
688 697
525 539
687 693
101 119
735 769
642 652
346 368
475 505
594 613
662 675
867 890
891 926
627 645
665 678
804 816
312 334
12 45
377 400
885 904
853 871
552 589
162 196
404 413
649 654
564 581
499 524
832 851
690 708
630 642
575 608
18 38
7 14
325 334
501 524
527 535
964 990
568 581
9 20
145 170
587 610
704 716
738 764
115 119
353 369
721 745
174 198
278 303
769 779
189 221
513 543
5 21
805 818
309 342
145 175
295 318
955 979
735 760
682 694
697 713
801 812
531 558
806 830
2 16
837 863
10 26
418 436
473 501
440 461
883 898
505 512
108 127
734 763
822 847
814 840
45 64
444 452
636 661
134 158
457 484
727 733
189 204
10 12
157 161
646 661
417 443
897 921
451 478
981 991
143 171
65 95
95 115
46 60
185 201
947 957
910 916
901 916
958 990
445 460
476 501
170 186
715 732
734 764
30 36
101 117
504 516
44 61
751 784
693 715
280 303
508 515
316 328
172 184
752 778
278 302
633 659
262 276
91 108
35 64
179 187
142 161
639 662
166 189
977 999
936 962
540 566
272 289
324 338
571 596
461 476
535 568
859 880
3 27
789 798
307 327
915 934
822 833
516 542
337 361
757 787
923 941
288 307
639 670
386 408
12 40
926 940
614 642
371 406
907 921
454 488
238 262
858 887
952 978
548 558
365 381
941 965
605 615
838 870
841 860
339 361
226 249
293 308
16 47
887 899
430 444
595 614
490 492
312 335
678 700
100 128
692 718
959 986
768 774
855 886
277 305
533 558
58 92
12 43
371 390
510 516
966 973
635 663
312 327
875 894
973 993
347 352
227 252
886 902
908 915
871 898
751 775
505 521
109 121
298 315
372 396
305 318
450 457
106 128
458 472
959 988
535 561
684 708
460 488
181 220
548 562
117 146
744 762
351 388
139 174
569 573
960 979
42 58
270 299
283 290
398 430
480 499
635 653
940 955
377 404
798 822
490 493
984 994
316 339
911 932
155 164
809 812
681 696
829 846
199 202
186 206
53 72
584 606
926 931
879 906
527 550
23 36
62 76
60 80
592 613
511 547
331 354
897 912
592 614
811 844
396 415
842 861
849 855
762 783
3 14
424 433
796 828
220 225
284 287
736 754
234 249
574 593
305 321
605 612
396 424
167 200
236 254
66 94
510 511
351 381
743 770
92 105
541 557
451 477
82 106
105 118
784 794
636 658
388 405
542 568
525 549
662 687
434 470
721 736
77 102
29 37
399 426
580 599
588 604
275 297
757 779
205 239
250 277
308 330
92 111
161 194
15 38
834 856
300 318
904 919
473 494
403 411
117 142
381 407
63 90
762 785
3 29
186 209
78 107
874 899
280 298
364 375
490 502
81 103
162 180
922 944
617 649
442 459
815 840
765 784
56 94
742 751
811 841
551 589
24 44
836 861
9 17
436 455
103 119
541 555
455 472
202 238
426 433
3 28
23 52
191 218
11 14
75 98
408 430
193 201
760 781
617 638
559 588
813 850
250 280
332 356
327 366
597 614
721 731
149 162
487 494
326 332
989 995
427 446
887 893
247 274
577 596
835 858
265 291
252 269
676 700
983 1000
130 150
8 31
379 398
1 25
60 79
9 21
341 353
865 871
885 897
789 800
943 962
574 603
24 49
493 518
357 382
169 184
656 688
798 827
475 497
28 47
536 552
312 343
307 331
434 468
813 848
739 766
42 74
464 473
906 914
941 970
747 752
937 952
949 962
968 975
29 52
146 179
666 682
352 379
422 437
860 875
730 749
222 251
213 227
778 802
201 229
973 997
411 449
687 705
747 757
660 672
677 705
424 448
499 511
181 206
182 213
357 371
882 908
32 50
953 981
274 296
848 852
404 422
750 763
901 920
236 247
940 953
305 311
875 908
819 833
888 893
674 698
212 236
974 997
152 174
755 780
728 741
427 433
827 848
569 577
692 721
426 448
531 561
256 274
379 402
676 710
426 431
368 373
188 220
301 314
5 26
614 648
126 154
190 204
915 939
93 111
42 54
841 869
258 269
905 929
372 401
317 327
694 713
386 409
695 718
698 720
737 753
544 559
500 525
949 966
634 652
881 894
824 847
334 352
210 223
231 261
241 256
719 742
878 894
670 682
805 816
356 375
249 267
732 769
722 736
273 295
153 162
688 706
599 627
417 435
395 422
389 397
650 658
803 820
51 60
723 745
944 965
475 509
681 692
94 111
213 231
372 394
596 626
591 629
680 710
139 164
642 668
186 221
455 490
351 386
62 80
286 306
918 937
830 841
250 274
411 439
357 384
175 199
506 527
710 723
143 172
342 366
875 892
468 481
591 617
34 56
584 594
593 617
740 762
624 639
153 179
335 349
570 574
69 89
741 759
57 95
394 425
43 72
857 885
939 951
166 199
453 476
557 587
418 449
809 817
451 479
598 629
70 89
435 451
882 897
207 229
559 590
431 453
894 917
374 399
120 138
369 392
572 599
619 646
170 190
900 929
352 383
923 945
625 650
46 65
142 168
50 56
796 822
94 103
354 373
546 568
439 455
70 84
916 941
935 957
736 761
495 513
337 352
307 345
623 637
272 295
476 509
359 383
421 444
911 934
719 736
142 159
108 131
306 328
520 545
775 799
374 408
742 757
242 256
22 51
35 70
112 122
36 70
481 500
343 357
713 747
336 349
965 979
414 441
564 589
622 633
983 991
327 367
750 767
367 381
122 152
391 427
36 58
277 300
912 938
257 268
942 968
578 599
262 265
646 668
631 660
750 754
925 933
916 950
504 511
361 383
581 605
436 467
390 422
400 422
664 683
397 416
914 945
422 441
636 670
87 113
601 618
891 922
36 74
83 109
362 382
596 627
100 123
460 481
729 739
503 522
213 239
853 872
13 45
679 705
653 683
491 521
889 893
734 760
491 529
260 279
74 79
430 446
505 520
369 395
439 454
397 426
69 95
323 328
271 303
671 694
350 387
571 604
402 429
943 956
783 797
903 916
559 582
732 758
91 107
436 464
268 288
687 698
140 170
880 897
491 525
143 161
102 117
500 519
68 75
56 93
139 177
784 799
946 970
7 22
147 159
659 674
593 620
802 821
57 76
42 56
716 732
242 245
939 954
347 353
280 285
308 339
316 345
937 962
771 809
396 425
657 681
110 128
406 414
795 827
155 163
497 528
558 572
710 717
39 55
142 164
501 512
635 665
522 537
444 451
169 199
597 612
801 825
225 254
551 586
543 559
628 637
181 212
970 975
483 497
358 385
703 728
510 517
944 968
509 520
209 237
72 75
891 921
574 606
446 454
582 604
39 72
956 971
691 719
582 605
234 261
689 695
601 611
534 570
369 394
651 688
931 963
682 700
913 945
22 44
18 49
139 169
208 241
875 909
302 312
12 41
73 80
894 924
405 425
282 291
194 209
65 78
861 877
405 414
968 977
568 589
843 865
341 365
988 992
200 212
530 539
245 271
92 114
605 611
391 417
127 151
80 100
689 700
54 88
167 182
463 476
690 693
63 89
711 743
900 923
226 243
749 758
30 45
3 13
204 230
408 428
469 483
10 13
39 61
864 872
759 781
801 819
859 876
162 187
364 371
177 187
757 774
938 968
770 787
384 397
815 843
211 235
534 566
168 197
567 573
136 144
212 229
666 675
296 324
349 374
55 80
840 858
225 259
774 805
826 833
945 956
807 811
436 458
299 324
869 886
227 262
616 650
398 429
29 47
609 611
372 398
494 524
559 580
573 592
610 616
117 143
707 712
802 817
926 950
900 916
324 331
964 985
836 864
376 408
665 684
751 787
180 220
500 514
598 630
205 227
640 661
976 995
516 540
93 107
41 64
886 903
330 362
78 114
990 993
420 446
223 260
688 709
298 320
407 417
316 344
166 195
583 595
779 806
481 504
54 83
771 806
736 760
206 237
887 891
925 936
261 276
36 66
16 46
461 473
720 731
275 289
51 57
566 572
292 324
201 232
2 31
109 117
137 149
76 101
484 493
935 962
637 670
852 874
138 174
449 451
786 800
825 844
605 619
125 152
691 715
141 159
640 670
780 808
281 294
768 787
126 150
284 303
449 457
730 732
711 733
939 958
521 550
958 987
766 778
434 453
679 704
195 207
643 654
929 934
516 550
593 616
423 440
455 473
240 251
720 750
831 853
925 934
340 350
258 268
255 283
795 824
338 351
677 703
969 976
586 610
316 342
186 214
647 668
831 857
462 484
483 496
341 359
922 946
246 270
37 72
622 637
824 850
421 434
106 125
971 1000
758 775
568 590
533 552
485 493
871 901
44 72
161 192
634 651
370 396
516 543
744 765
306 346
865 882
668 681
393 424
809 826
126 138
72 78
677 694
470 476
555 578
188 216
244 264
919 943
114 121
889 897
735 754
59 86
908 913
268 302
51 74
796 813
565 583
661 672
200 206
109 132
583 601
140 178
101 121
54 76
245 281
67 82
599 616
296 323
407 411
236 250
762 781
447 456
75 113
795 819
293 320
674 702
69 87
453 487
355 372
414 444
908 916
760 783
360 382
737 763
822 850
775 792
42 71
193 203
565 590
915 948
265 285
527 544
154 171
912 950
586 601
205 222
450 464
38 62
206 233
880 894
802 820
234 246
479 503
839 869
144 172
254 266
831 863
70 76
536 557
783 800
231 245
568 578
252 282
929 943
405 423
536 564
332 362
412 434
810 813
511 532
247 278
723 731
370 404
512 550
849 854
640 652
564 576
748 766
559 575
586 600
84 108
288 311
840 862
300 314
134 156
836 868
207 231
392 426
156 178
294 312
718 739
737 761
686 693
321 339
654 675
193 215
947 958
5 13
640 669
444 461
311 346
253 269
297 326
446 459
322 340
753 787
377 401
415 441
963 987
67 79
848 857
366 388
825 850
325 347
681 706
888 902
311 338
169 197
838 856
78 104
337 357
747 759
624 632
57 82
66 85
813 847
838 855
1 28
505 523
794 819
407 426
136 143
982 1000
250 265
501 519
26 38
182 212
597 620
477 507
496 529
13 42
516 531
481 506
43 56
825 833
320 331
184 207
342 361
429 434
710 724
980 997
818 842
577 606
146 178
166 186
251 281
952 988
14 43
289 316
709 722
468 486
191 213
492 515
569 582
922 947
753 779
925 941
583 604
618 648
589 595
264 299
872 899
183 202
836 866
926 944
208 235
753 786
707 722
952 989
79 116
150 170
672 701
265 290
452 487
359 370
190 217
155 171
218 226
913 938
455 471
631 663
433 458
361 388
725 731
443 462
818 837
307 330
161 181
589 605
586 592
867 885
886 907
578 601
74 90
913 937
1 20
493 528
807 822
699 723
320 328
735 758
981 999
513 542
230 257
829 841
860 885
452 473
368 370
576 598
464 480
427 450
857 878
597 627
932 967
277 289
60 87
413 442
709 712
604 621
31 43
613 647
701 719
223 261
409 427
281 287
341 354
221 233
255 282
576 610
948 960
896 928
733 754
124 149
889 907
733 755
15 33
286 312
865 884
959 973
693 717
189 205
460 478
625 641
300 317
421 449
270 288
935 964
790 805
648 656
12 36
11 21
669 687
136 149
713 731
304 316
328 348
141 167
19 52
481 499
484 508
396 427
521 547
978 996
151 170
884 897
275 286
640 667
132 140
773 798
281 293
61 83
863 882
412 449
893 927
220 232
902 914
694 729
374 393
800 823
884 892
519 537
938 960
60 93
854 887
809 813
538 560
987 995
835 865
334 358
322 330
277 301
693 716
442 461
824 849
343 360
382 396
531 569
487 496
855 879
967 972
880 906
219 239
314 340
519 538
352 375
308 334
665 673
537 564
203 228
192 201
262 268
516 549
821 842
152 171
529 548
387 406
548 559
206 235
802 829
736 759
118 148
868 875
443 468
204 239
590 591
807 826
624 650
68 83
470 484
601 614
666 674
719 731
458 481
75 104
918 944
128 150
882 904
715 742
321 327
51 56
159 190
310 329
691 730
471 497
645 655
435 453
176 198
474 505
30 41
578 600
780 797
36 63
418 448
145 178
391 423
859 885
238 257
174 183
420 445
621 635
705 716
625 640
583 605
61 77
954 988
709 716
51 59
703 719
476 505
580 608
784 810
141 169
11 30
74 85
246 283
420 443
455 485
156 166
519 550
876 903
154 177
284 285
343 361
89 100
78 105
659 673
688 694
449 459
972 996
718 750
50 68
427 442
910 923
514 535
480 507
784 796
332 349
259 264
559 578
292 308
503 527
213 230
851 873
893 914
589 610
623 640
160 188
541 568
327 351
926 938
742 764
234 253
68 86
192 216
448 470
700 716
909 918
747 768
345 354
416 448
729 750
772 803
574 598
860 872
184 220
616 641
294 323
299 307
266 288
692 723
152 165
27 38
826 850
811 834
401 411
758 782
548 554
782 793
113 129
444 457
328 350
760 774
952 979
945 960
114 119
75 108
2 15
57 79
867 888
931 957
14 49
591 628
2 21
867 882
431 470
892 928
763 773
590 608
80 108
350 374
285 319
443 469
881 907
803 828
594 619
86 100
224 263
461 471
971 999
823 838
330 364
788 806
469 478
356 382
715 738
578 597
397 419
485 496
735 763
509 516
564 578
88 102
496 522
205 234
251 273
653 680
118 156
468 474
880 893
617 642
72 83
297 310
887 901
295 306
285 321
596 614
908 914
164 186
131 142
838 865
315 328
610 621
577 594
6 18
865 878
757 778
861 885
699 722
870 883
519 531
734 765
238 243
258 277
906 919
104 117
32 34
24 50
847 860
511 549
199 203
17 35
423 432
900 921
413 447
390 412
34 65
175 181
177 192
667 682
530 549
468 477
696 719
728 734
648 665
364 388
125 151
187 215
597 630
776 800
931 967
459 484
409 428
206 224
600 613
650 659
434 467
147 179
70 83
100 135
641 656
334 359
425 432
322 329
560 576
27 47
253 278
832 856
683 706
960 972
11 12
878 906
540 557
921 949
19 35
485 501
688 698
818 849
660 674
559 581
581 609
826 847
295 307
217 234
691 729
338 354
504 526
910 926
331 362
208 226
488 509
456 475
560 590
866 882
208 222
82 102
166 191
902 923
596 615
688 701
169 191
959 978
333 358
481 497
546 560
17 53
687 709
276 290
945 951
766 790
664 690
462 485
899 927
391 411
77 112
847 859
646 657
720 735
152 167
662 684
417 447
436 457
713 734
932 954
383 397
394 428
245 274
901 927
660 690
745 766
89 96
908 930
817 835
681 699
981 997
53 66
790 793
848 856
231 260
283 286
878 895
175 187
987 1000
299 312
475 510
843 866
870 879
203 227
711 741
989 997
581 592
16 51
510 529
620 643
962 980
494 520
864 888
896 918
472 497
477 505
744 767
106 126
374 405
925 947
725 735
540 553
672 691
904 926
669 676
17 48
659 676
732 754
429 431
883 897
97 123
268 301
813 831
489 494
960 978
601 612
793 821
572 597
85 108
244 274
127 145
544 558
889 904
668 671
725 737
27 49
759 776
297 315
955 983
278 289
554 586
78 108
636 668
182 214
10 24
400 411
718 735
438 468
418 444
542 556
381 390
85 110
611 646
434 463
86 106
411 433
75 109
182 204
646 662
138 167
655 678
528 540
324 330
155 167
352 381
84 104
491 513
220 235
765 779
385 398
336 350
754 787
566 590
599 622
944 959
462 489
515 533
117 158
223 254
734 755
344 349
675 706
198 210
164 196
900 915
201 228
774 809
825 843
879 908
90 114
482 503
27 51
461 485
11 22
872 908
642 660
138 178
4 12
969 975
108 137
254 277
384 402
829 839
212 234
431 467
821 834
148 177
148 167
475 494
961 983
680 694
232 252
465 474
483 499
480 501
956 972
587 601
542 553
303 316
946 957
552 573
14 34
419 444
868 885
889 898
842 852
98 131
35 67
257 277
192 211
323 343
278 297
706 716
287 326
125 139
799 811
641 668
180 204
441 467
673 705
541 553
602 624
322 337
589 607
938 964
527 549
55 83
719 741
428 441
167 198
258 272
3 22
648 651
180 203
321 330
89 108
649 663
200 215
713 741
386 400
454 477
446 453
238 263
641 651
955 990
715 734
44 64
73 75
960 985
677 692
431 465
279 285
732 761
133 150
498 511
11 19
955 972
846 856
807 824
329 354
688 699
904 927
456 487
458 475
743 760
623 632
26 36
79 105
5 29
88 107
670 675
762 789
957 976
393 429
479 496
453 488
965 980
644 653
264 291
544 570
988 997
669 672
599 615
598 622
907 926
951 976
415 445
348 372
289 312
630 646
603 630
290 309
874 908
225 245
667 672
20 38
628 649
322 338
673 698
92 102
476 508
202 224
31 40
943 957
140 171
865 886
323 330
968 990
627 643
79 102
157 164
487 491
390 425
895 920
498 515
844 862
948 958
14 51
817 845
882 907
859 884
3 32
548 561
242 260
77 109
272 296
337 365
615 638
49 64
340 363
138 169
722 733
133 149
129 141
613 635
386 399
275 294
563 581
367 371
524 533
569 590
776 802
707 726
173 185
4 27
615 639
297 308
847 862
909 925
131 148
532 560
483 509
203 234
116 130
387 402
200 207
283 285
638 652
343 349
465 479
109 137
227 255
74 83
155 175
966 975
941 951
549 556
392 421
415 440
962 981
440 458
339 353
607 616
228 250
889 900
213 240
301 313
228 262
459 489
425 443
719 743
36 65
385 392
6 15
713 739
780 807
359 369
893 919
853 885
417 446
974 999
354 383
479 505
758 790
523 531
398 421
193 206
635 651
206 226
631 668
487 500
322 345
864 873
795 816
9 18
66 92
424 447
873 909
702 729
318 336
318 327
333 357
521 543
12 48
205 237
289 313
595 623
624 648
720 749
522 548
394 418
391 426
893 924
741 754
455 487
376 403
679 710
213 226
286 308
862 883
753 789
822 844
484 502
469 475
312 338
346 361
768 790
572 605
865 876
933 957
819 846
182 205
91 105
796 830
640 655
604 625
777 800
456 482
374 394
797 812
791 824
276 291
604 630
80 99
870 887
408 421
9 31
498 519
310 339
812 839
295 325
312 337
483 500
171 195
955 976
258 284
780 794
116 133
831 868
18 44
968 972
818 847
781 791
169 186
652 686
249 271
426 444
962 978
708 715
531 567
912 946
362 380
428 431
822 837
683 699
157 177
69 85
170 185
210 224
606 627
765 771
45 58
81 106
779 800
819 841
860 876
444 453
904 912
598 619
558 585
914 933
749 765
740 767
771 798
87 99
433 470
26 42
750 764
463 478
250 268
785 806
778 796
700 714
150 176
921 933
248 283
779 802
873 899
498 527
710 720
654 683
821 835
121 156
674 692
239 251
761 788
759 775
953 990
183 221
962 986
562 580
4 24
70 93
800 829
97 128
815 836
135 148
581 591
48 74
637 652
538 566
23 34
870 886
607 612
168 183
752 776
732 759
706 720
447 468
347 365
90 109
218 240
752 787
10 32
521 545
96 120
920 939
745 770
134 142
632 662
714 750
595 613
384 410
811 843
84 114
385 399
349 386
748 763
401 419
74 91
292 314
226 246
903 922
745 761
577 604
226 244
584 602
673 694
677 691
522 543
570 575
10 25
20 45
653 674
441 464
859 871
401 417
661 671
662 680
223 259
257 264
343 368
21 36
669 678
810 812
391 420
837 866
648 654
3 26
470 472
454 478
810 825
931 954
638 656
275 293
856 887
124 156
754 771
353 378
447 451
635 658
895 914
390 416
190 220
345 359
934 953
77 96
350 388
502 530
598 626
537 551
766 773
797 825
760 785
961 974
193 216
384 401
286 324
819 836
66 93
544 556
71 76
412 448
291 311
618 639
572 602
177 197
924 934
314 337
883 904
903 920
904 925
456 474
631 664
984 992
344 360
486 500
882 909
232 263
193 204
23 38
90 101
180 214
626 648
132 156
525 544
225 244
111 118
449 455
733 757
346 356
529 542
930 937
802 819
17 41
536 560
903 927
195 209
506 524
787 804
568 582
774 799
125 155
715 743
420 449
120 143
720 733
870 881
450 463
247 266
204 223
159 195
605 630
829 832
597 626
681 695
578 602
379 390
59 85
738 756
730 731
621 647
486 499
64 75
133 148
523 541
64 80
546 567
178 192
881 910
419 450
779 803
572 593
986 992
93 98
383 401
784 800
572 601
726 737
463 481
535 560
471 506
827 834
351 385
101 125
674 691
805 812
688 692
691 714
741 768
622 644
54 81
432 470
829 833
457 474
975 995
193 217
791 817
135 144
241 248
583 602
441 456
489 504
959 971
560 573
328 365
550 568
767 780
28 34
906 917
871 896
313 327
284 288
874 898
107 122
910 911
343 348
747 753
924 946
277 296
278 288
370 398
466 484
399 417
954 977
645 663
571 608
759 780
498 513
265 298
452 471
948 970
859 889
600 617
34 59
346 362
184 201
908 917
941 966
43 63
142 174
800 827
401 430
142 165
24 41
543 556
233 263
805 817
636 663
550 556
320 345
738 752
536 551
878 907
881 899
490 505
64 94
316 327
167 186
576 595
428 438
873 910
347 349
71 95
911 945
544 565
633 669
642 667
41 59
387 392
207 237
762 787
595 616
659 686
633 670
682 704
283 295
275 287
46 55
929 933
326 346
65 93
44 56
219 235
482 498
144 170
431 459
854 876
412 445
61 90
186 219
200 204
188 203
276 305
660 689
281 292
909 915
282 292
894 912
676 709
596 623
402 419
683 698
375 391
220 226
792 824
224 253
531 555
739 757
170 200
261 278
71 90
140 159
798 811
116 126
71 81
871 894
906 911
76 99
963 973
892 929
968 980
706 714
848 851
872 894
237 255
868 873
645 651
196 203
167 185
53 73
248 264
325 331
308 337
591 624
511 545
81 108
500 524
508 523
145 174
304 319
467 476
150 177
246 280
403 428
34 54
647 663
657 680
223 250
290 315
662 674
25 42
98 133
291 324
171 184
311 329
443 470
575 600
6 25
434 458
675 699
263 274
905 918
326 330
605 629
488 496
834 860
625 643
560 578
656 690
475 501
664 671
106 122
611 632
127 139
549 564
549 553
171 182
592 618
663 678
425 448
475 492
970 976
369 401
246 278
489 506
188 206
511 543
530 535
876 907
831 866
814 832
57 87
750 759
402 422
214 222
236 256
667 677
357 381
213 224
650 651
764 788
624 646
816 840
301 306
162 200
979 998
774 798
724 738
840 853
446 469
495 530
570 586
878 902
871 909
907 917
838 864
609 612
725 748
498 526
621 640
117 141
397 424
343 350
170 198
833 855
269 285
729 745
839 861
234 248
360 389
528 547
139 159
462 480
639 657
335 368
50 55
298 308
796 824
403 429
823 850
460 474
499 522
151 166
632 665
478 492
285 322
860 874
242 244
175 198
265 293
255 270
618 631
317 342
539 562
766 775
664 677
777 794
39 65
895 918
577 600
555 573
360 378
133 138
929 931
566 580
47 54
575 599
59 79
440 468
414 438
302 309
102 135
683 692
622 641
119 158
76 98
649 651
98 126
445 451
565 587
217 227
765 787
849 852
511 542
84 99
22 33
141 170
371 402
662 689
363 386
390 429
968 971
842 854
249 276
669 690
167 195
649 653
24 39
990 991
192 203
869 885
398 417
85 114
230 249
147 172
247 265
137 145
160 180
381 396
898 922
34 73
364 369
47 58
121 145
9 24
695 722
701 714
213 229
139 178
274 302
631 656
184 218
721 740
831 862
440 462
139 165
919 932
407 427
73 81
196 207
345 360
83 96
256 269
638 660
438 453
5 15
166 182
157 165
432 466
86 113
724 743
88 106
557 572
845 862
367 380
747 766
41 60
1 17
352 384
746 767
793 827
336 353
468 472
512 535
522 533
697 725
788 794
806 813
655 689
299 314
86 99
149 168
568 574
714 733
559 573
421 435
206 232
845 851
197 219
741 760
951 982
646 652
818 848
893 912
466 479
57 86
408 427
102 132
903 924
186 205
891 919
920 946
118 138
679 694
878 904
60 77
969 978
437 452
144 162
632 657
432 468
830 832
669 685
316 332
282 299
729 742
139 167
58 84
843 858
826 841
941 963
75 116
188 212
60 88
11 28
923 950
296 306
16 42
879 891
298 323
265 296
136 145
363 377
179 196
77 103
552 583
103 137
964 988
706 724
758 789
500 522
933 969
511 550
378 396
922 932
162 198
672 710
474 506
911 950
356 372
801 822
562 577
48 70
722 732
131 141
606 612
859 878
966 972
530 537
546 555
932 964
838 859
705 728
855 877
320 346
717 736
937 951
520 544
420 432
869 877
630 637
917 943
271 294
37 69
866 879
390 417
763 782
657 678
780 791
877 894
300 306
917 940
732 768
855 872
545 556
916 947
335 360
858 886
311 337
464 472
89 115
441 462
513 546
68 79
138 170
98 127
914 935
233 250
964 974
517 531
87 109
670 674
887 905
669 677
432 461
344 366
386 391
884 896
453 482
232 255
807 819
878 891
537 563
28 51
293 307
209 242
354 372
422 450
83 98
955 984
956 988
715 741
89 116
888 905
691 717
117 156
836 860
335 361
378 393
25 51
585 598
180 210
948 967
87 98
827 849
963 971
751 773
608 617
44 67
695 726
56 89
360 376
751 781
385 396
608 623
323 332
294 320
916 939
938 954
104 118
777 791
871 902
229 251
843 854
533 568
659 689
372 400
957 987
888 894
203 222
9 22
858 871
800 818
818 841
497 525
847 865
22 46
21 39
115 137
799 813
353 371
105 124
27 36
948 959
503 518
349 379
96 126
482 499
477 499
455 483
116 134
633 652
89 114
588 598
34 70
257 283
600 624
825 840
744 769
336 364
777 798
648 666
42 61
947 951
58 95
340 360
497 512
543 561
909 926
638 659
179 191
384 392
309 337
519 535
375 402
564 574
315 335
261 272
115 121
665 675
475 493
903 925
600 622
95 114
70 94
355 375
680 695
815 848
144 176
316 329
308 345
400 419
666 687
929 947
663 675
483 504
821 847
305 316
566 579
692 716
547 552
427 448
160 194
435 469
350 375
644 656
767 771
669 688
42 66
632 654
914 941
743 756
357 375
180 218
859 875
542 555
349 373
915 940
320 329
886 894
534 567
963 977
