1000 2000 100
2 6 18 11 7 8 5 3 3 3 4 13 9 6 10 26 8 8 8 16 6 9 6 8 22 8 6 10 19 11 10 11 24 7 8 14 6 10 17 20 3 14 10 6 5 11 14 4 7 6 9 17 8 8 7 5 6 9 15 11 12 17 4 5 10 16 4 6 7 11 12 19 6 6 5 12 11 11 23 11 6 5 10 14 24 8 5 6 19 9 6 8 10 21 5 7 5 9 25 9 
1 3
1 4
3 9
9 27
27 38
38 45
45 53
53 58
58 61
61 64
64 67
64 68
68 71
71 84
71 85
71 86
84 93
84 94
85 95
93 99
93 100
93 101
94 102
95 103
95 104
95 105
99 109
99 110
99 111
100 112
100 113
101 114
101 115
102 116
102 117
103 118
104 119
104 120
104 121
105 122
122 135
135 143
143 151
151 159
151 160
151 161
160 175
160 176
160 177
161 178
176 181
176 182
177 183
177 184
178 185
178 186
178 187
181 190
183 191
185 192
187 193
190 196
190 197
192 198
192 199
192 200
193 201
196 204
196 205
196 206
197 207
197 208
197 209
198 210
198 211
198 212
199 213
200 214
201 215
201 216
216 226
226 234
226 235
234 240
234 241
235 242
241 250
241 251
242 252
242 253
251 269
251 270
251 271
252 272
253 273
269 280
269 281
270 282
270 283
272 284
272 285
273 286
280 290
281 291
281 292
281 293
283 294
284 295
284 296
285 297
285 298
290 301
291 302
292 303
292 304
293 305
294 306
294 307
294 308
295 309
298 310
298 311
311 325
325 332
332 340
340 354
340 355
340 356
354 360
354 361
355 362
355 363
356 364
356 365
360 370
360 371
361 372
361 373
361 374
364 375
364 376
364 377
365 378
365 379
370 387
370 388
371 389
372 390
372 391
372 392
373 393
374 394
374 395
375 396
375 397
375 398
376 399
378 400
378 401
379 402
379 403
379 404
404 407
407 410
410 424
410 425
410 426
425 434
425 435
434 440
434 441
434 442
440 445
440 446
440 447
441 448
441 449
441 450
442 451
445 456
445 457
445 458
446 459
447 460
448 461
448 462
448 463
449 464
449 465
449 466
466 470
470 474
474 481
474 482
474 483
481 487
481 488
481 489
482 490
482 491
483 492
483 493
487 496
487 497
487 498
489 499
489 500
490 501
490 502
490 503
492 504
493 505
493 506
506 513
513 521
521 529
529 536
529 537
529 538
536 541
536 542
536 543
541 547
541 548
541 549
543 550
543 551
547 556
547 557
548 558
548 559
548 560
551 561
551 562
551 563
557 571
557 572
558 573
558 574
559 575
562 576
562 577
562 578
563 579
571 582
571 583
571 584
572 585
572 586
573 587
574 588
574 589
575 590
576 591
583 594
584 595
584 596
584 597
586 598
588 599
588 600
588 601
589 602
589 603
590 604
590 605
591 606
606 611
611 615
615 620
620 630
630 646
630 647
646 650
646 651
650 656
650 657
651 658
651 659
651 660
656 663
657 664
657 665
657 666
658 667
658 668
659 669
660 670
663 674
663 675
665 676
665 677
665 678
667 679
669 680
669 681
670 682
670 683
674 686
675 687
676 688
677 689
677 690
677 691
679 692
680 693
680 694
681 695
681 696
681 697
682 698
698 705
705 711
711 717
711 718
717 722
717 723
717 724
718 725
718 726
722 734
722 735
722 736
723 737
723 738
723 739
725 740
734 745
735 746
735 747
735 748
737 749
737 750
739 751
739 752
740 753
745 756
746 757
746 758
749 759
749 760
750 761
750 762
751 763
751 764
752 765
752 766
753 767
767 779
779 790
790 796
790 797
796 801
796 802
796 803
797 804
797 805
797 806
801 811
802 812
802 813
802 814
803 815
804 816
805 817
806 818
806 819
811 825
811 826
812 827
812 828
812 829
813 830
813 831
814 832
814 833
814 834
815 835
817 836
819 837
819 838
838 849
849 857
857 862
862 868
862 869
862 870
869 887
869 888
887 896
887 897
896 902
896 903
897 904
902 910
902 911
902 912
903 913
904 914
904 915
904 916
910 920
910 921
910 922
911 923
911 924
912 925
912 926
912 927
913 928
914 929
914 930
915 931
915 932
915 933
933 941
941 946
946 953
946 954
953 958
953 959
954 960
954 961
958 967
958 968
958 969
961 970
961 971
967 992
967 993
968 994
968 995
968 996
969 997
971 998
971 999
972 992
973 992
974 992
975 993
976 993
977 994
978 995
979 995
980 995
981 996
982 997
983 997
984 998
985 998
962 985
955 962
947 955
942 947
934 942
935 942
917 935
905 917
898 905
899 905
889 898
890 898
891 899
892 899
893 899
871 889
872 890
873 890
874 890
875 891
876 891
877 892
878 892
879 893
880 893
863 880
858 863
850 858
851 858
852 858
839 850
840 850
841 850
842 851
843 851
844 851
845 852
846 852
820 846
807 820
808 820
809 820
798 807
799 808
791 798
792 799
793 799
794 799
780 791
781 791
782 792
783 792
784 792
785 793
786 793
787 793
788 794
768 781
769 781
770 782
771 783
772 783
773 785
774 785
775 785
776 787
777 788
754 777
741 754
742 754
743 754
727 741
728 741
729 741
730 742
731 742
732 742
719 732
712 719
713 719
706 712
707 712
708 712
709 713
699 706
700 708
701 708
702 708
703 709
684 703
671 684
661 671
652 661
648 652
631 648
621 631
616 621
612 616
613 616
607 613
608 613
609 613
592 609
580 592
564 580
565 580
566 580
552 566
544 552
545 552
539 545
530 539
531 539
532 539
522 530
523 531
524 532
525 532
514 522
515 522
516 523
517 524
518 524
519 525
507 514
508 514
509 517
510 517
511 517
494 511
484 494
475 484
476 484
477 484
471 475
472 477
467 472
468 472
452 468
443 452
436 443
437 443
438 443
427 436
428 436
429 436
430 437
431 437
432 437
411 428
412 429
413 429
414 430
415 430
416 431
417 431
418 431
419 432
420 432
421 432
408 421
405 408
380 405
366 380
357 366
358 366
341 357
342 357
343 357
344 358
345 358
346 358
333 342
334 342
335 343
336 345
326 333
327 333
328 333
329 334
330 335
312 326
313 326
314 326
315 327
316 327
317 327
318 329
319 329
320 329
321 330
322 330
323 330
299 323
287 299
288 299
274 287
275 287
276 287
277 288
278 288
254 274
255 274
256 275
257 275
258 275
259 277
260 277
261 277
262 278
263 278
264 278
243 264
236 243
237 243
227 236
228 236
229 236
230 237
231 237
232 237
217 227
218 227
219 227
220 228
221 229
222 229
223 231
202 223
194 202
188 194
179 188
162 179
163 179
164 179
152 162
153 162
154 164
144 153
145 154
146 154
147 154
136 144
137 145
138 146
139 146
140 147
141 147
123 138
124 139
125 139
126 139
127 140
128 140
129 140
130 141
131 141
106 131
96 106
97 106
87 96
88 96
89 96
90 97
91 97
72 87
73 87
74 87
75 88
76 88
77 88
78 89
79 90
80 91
81 91
82 91
69 82
65 69
62 65
59 62
54 59
55 59
56 59
46 55
47 55
48 55
49 56
39 47
40 48
41 48
42 49
43 49
28 39
29 39
30 39
31 41
32 42
33 42
34 43
35 43
36 43
10 29
11 29
12 29
13 31
14 31
15 31
16 32
17 32
18 33
19 34
20 34
21 34
22 36
23 36
24 36
5 24
2 5
2 6
2 7
2 8
6 25
7 26
26 37
37 44
44 50
44 51
44 52
52 57
57 60
60 63
63 66
66 70
70 83
83 92
92 98
98 107
98 108
107 132
108 133
108 134
134 142
142 148
142 149
142 150
148 155
148 156
150 157
150 158
155 165
155 166
155 167
156 168
156 169
157 170
157 171
157 172
158 173
158 174
174 180
180 189
189 195
195 203
203 224
203 225
225 233
233 238
233 239
238 244
238 245
238 246
239 247
239 248
239 249
246 265
249 266
249 267
249 268
268 279
279 289
289 300
300 324
324 331
331 337
331 338
331 339
337 347
337 348
338 349
338 350
338 351
339 352
339 353
353 359
359 367
359 368
359 369
367 381
367 382
367 383
368 384
368 385
369 386
386 406
406 409
409 422
409 423
423 433
433 439
439 444
444 453
444 454
444 455
455 469
469 473
473 478
473 479
473 480
479 485
479 486
486 495
495 512
512 520
520 526
520 527
520 528
526 533
528 534
528 535
534 540
540 546
546 553
546 554
546 555
553 567
553 568
553 569
555 570
570 581
581 593
593 610
610 614
614 617
614 618
614 619
617 622
617 623
618 624
618 625
618 626
619 627
619 628
619 629
622 632
623 633
623 634
623 635
624 636
624 637
625 638
626 639
626 640
626 641
627 642
627 643
627 644
628 645
645 649
649 653
649 654
649 655
654 662
662 672
662 673
673 685
685 704
704 710
710 714
710 715
710 716
715 720
715 721
721 733
733 744
744 755
755 778
778 789
789 795
795 800
800 810
810 821
810 822
810 823
823 847
847 853
853 859
859 864
859 865
859 866
865 881
865 882
865 883
866 884
866 885
885 894
894 900
900 906
906 918
918 936
936 943
943 948
943 949
943 950
948 956
956 963
956 964
956 965
963 986
964 987
964 988
964 989
989 1000
990 1000
991 1000
966 991
957 966
951 957
952 957
944 951
945 952
937 944
938 945
939 945
940 945
919 940
907 919
908 919
909 919
901 908
895 901
886 895
867 886
860 867
861 867
854 860
855 860
856 861
848 855
824 848
592 604
698 706
751 767
404 408
720 731
811 842
571 592
511 514
864 881
537 545
547 563
371 404
260 272
834 855
755 758
151 168
750 777
504 516
890 897
418 428
41 49
683 689
522 529
821 847
673 675
733 737
465 470
145 155
718 727
383 404
548 564
26 34
580 590
164 175
864 874
866 868
162 180
535 537
325 338
553 557
533 540
815 848
556 571
820 848
863 871
42 45
290 310
552 556
677 694
519 528
733 738
745 768
809 822
682 693
483 488
473 476
42 47
855 861
586 602
441 453
541 553
944 946
962 986
253 272
256 276
524 529
176 188
575 592
574 583
812 841
334 350
911 936
435 443
554 564
864 884
192 201
16 35
193 199
815 833
97 101
737 745
947 953
354 363
288 291
646 653
193 200
841 856
85 97
341 356
555 557
762 789
27 40
67 73
805 811
572 591
824 833
434 443
752 769
300 322
145 151
621 638
139 148
296 307
408 410
736 754
248 263
136 143
369 381
553 566
364 386
670 677
275 283
823 833
240 263
537 543
712 721
898 903
482 494
547 562
864 882
591 598
255 276
92 94
69 78
591 610
619 622
882 895
792 797
660 666
266 273
849 861
407 415
632 648
862 876
569 572
9 31
104 112
336 350
798 803
556 580
150 152
913 938
153 172
194 199
862 874
372 396
448 468
104 127
289 298
200 224
989 996
325 335
751 778
6 10
177 182
462 473
917 934
861 864
215 227
810 812
650 661
203 217
760 787
713 718
923 943
785 792
522 535
578 587
107 131
924 942
865 880
671 674
96 103
885 891
576 582
697 706
738 750
630 649
909 915
755 761
788 793
372 395
585 607
67 75
81 89
800 808
944 948
800 803
193 196
985 993
540 543
913 939
8 22
69 80
305 330
740 745
299 318
148 152
384 387
60 62
674 691
522 532
964 975
142 145
545 548
961 983
451 468
666 677
738 754
891 898
659 673
303 330
731 738
912 934
966 969
102 114
288 296
535 538
7 14
518 521
559 578
754 759
384 398
618 629
808 813
284 294
34 42
808 817
409 417
783 795
965 983
222 230
678 693
299 302
149 154
988 999
229 237
412 425
199 210
919 926
472 475
39 48
246 251
803 817
243 262
526 534
799 809
910 925
89 95
614 615
648 654
386 388
332 344
72 86
372 394
575 582
492 506
848 850
633 648
563 576
747 767
750 775
485 493
617 627
409 414
721 722
470 475
199 211
327 337
755 777
363 381
962 988
906 914
587 608
39 50
352 354
958 975
481 490
102 124
928 943
924 941
358 361
570 578
102 129
595 612
755 762
408 415
659 668
187 190
584 599
453 462
15 28
662 666
555 567
836 852
866 878
240 257
428 434
986 999
624 638
45 55
99 125
33 41
750 767
916 924
362 376
105 124
5 23
958 989
493 510
743 748
716 721
666 678
516 522
820 842
818 828
411 424
728 738
203 205
675 690
121 138
246 256
242 260
289 299
742 748
890 899
534 538
203 219
132 142
282 299
577 584
550 558
156 165
965 973
380 403
201 222
239 241
107 134
197 224
680 690
452 458
471 479
262 276
622 645
19 35
445 468
363 374
291 316
245 252
422 430
385 395
415 427
203 223
374 400
667 678
621 639
550 564
470 476
356 362
865 870
295 320
911 932
964 984
69 79
251 275
948 957
100 119
693 706
280 299
620 638
689 707
671 678
282 291
291 308
23 28
942 952
136 149
279 283
285 290
938 943
62 64
714 719
565 578
807 813
371 406
794 800
910 927
617 625
420 425
99 118
446 464
718 729
436 442
652 658
963 976
5 21
366 377
773 784
588 604
780 790
658 663
148 153
915 935
925 944
911 929
675 694
156 164
484 491
805 820
652 657
149 151
752 757
956 962
662 671
335 341
84 98
803 819
220 229
491 498
365 382
721 724
150 154
201 207
153 165
491 505
334 351
15 32
915 939
68 83
621 641
400 409
361 383
70 72
683 704
779 795
918 921
665 681
918 934
905 913
439 441
202 205
772 780
660 665
721 731
94 107
325 337
959 977
678 696
915 924
322 326
298 302
715 719
342 358
489 496
799 802
15 36
866 870
592 601
718 732
849 858
359 360
615 625
135 145
751 777
423 425
677 696
720 727
588 594
896 906
96 102
330 333
155 160
748 763
372 398
523 529
747 757
408 412
73 91
770 784
408 418
854 859
98 100
499 513
149 153
363 384
588 597
445 462
960 973
191 200
45 57
6 9
658 673
657 663
696 710
500 514
81 86
359 364
941 948
800 805
366 370
949 954
75 87
40 49
243 265
488 506
244 250
199 219
524 534
590 609
386 394
553 564
573 591
693 705
455 459
268 273
647 653
585 597
772 785
408 422
488 496
26 35
532 536
514 525
817 830
961 985
664 682
67 78
46 56
624 634
840 851
515 521
4 12
620 640
850 859
657 668
876 895
545 553
359 362
861 862
866 881
492 501
179 182
661 669
243 261
518 523
236 245
739 750
290 313
87 95
578 590
175 184
751 773
730 737
270 285
732 737
583 608
479 483
956 961
896 909
206 226
140 145
982 992
916 940
108 130
548 567
58 62
159 175
962 989
622 630
183 195
617 629
48 57
735 751
901 902
627 640
141 145
678 695
95 101
745 757
824 838
864 883
296 309
864 876
46 53
291 306
954 959
662 663
3 11
688 710
105 128
234 247
861 866
469 471
822 840
269 285
603 612
510 513
402 409
820 844
683 700
753 760
717 732
317 325
491 506
619 624
726 738
625 634
102 128
379 392
582 597
57 58
135 147
227 234
73 88
680 697
615 627
739 748
196 219
542 555
95 107
658 670
96 107
866 871
243 260
623 638
163 177
941 950
239 246
408 417
125 136
151 169
1 7
755 765
495 502
328 338
955 959
238 241
365 383
900 905
381 401
364 379
731 744
98 104
684 704
362 374
593 607
75 91
156 171
518 525
337 345
649 650
752 771
857 865
522 533
801 814
646 652
591 601
177 188
225 229
681 687
754 773
962 971
525 531
484 495
175 185
67 76
334 345
570 573
755 775
368 377
944 947
620 635
846 851
483 491
772 788
6 21
869 893
647 651
443 446
336 343
7 22
910 940
228 234
616 622
374 404
617 626
240 259
616 628
527 529
578 584
744 750
99 120
581 586
797 803
453 458
483 494
748 757
77 87
287 293
44 45
399 408
945 946
23 27
552 568
577 593
990 994
717 733
798 808
395 407
708 713
273 282
747 760
378 387
71 87
347 356
82 90
862 872
407 419
983 993
807 812
295 311
271 288
819 834
7 11
409 410
664 685
957 965
530 538
283 297
722 737
389 408
425 438
354 368
267 277
616 629
905 915
690 705
654 657
588 598
137 147
409 415
295 323
492 512
733 741
116 136
296 323
241 259
958 970
613 618
99 112
863 884
520 521
360 382
867 872
294 315
911 935
466 472
781 794
959 987
674 704
682 696
899 904
667 675
292 321
683 695
916 920
669 685
699 710
440 448
746 761
627 638
456 473
382 389
489 510
948 953
813 836
555 569
103 112
712 717
486 492
718 723
201 220
918 935
174 179
280 294
359 363
325 334
296 313
65 68
799 803
271 281
914 921
875 888
180 185
711 719
987 995
850 857
297 305
255 272
379 400
329 338
819 830
798 802
309 328
505 520
350 354
619 623
654 656
672 675
78 85
782 790
147 155
70 81
365 374
814 827
618 623
86 96
960 986
857 866
617 628
631 647
60 61
107 112
915 929
243 263
868 890
585 603
292 308
656 669
192 197
729 744
487 505
40 46
390 407
285 299
244 255
863 882
867 881
155 172
908 913
326 334
721 727
871 892
472 476
792 798
295 312
547 569
8 21
475 486
105 125
713 717
35 44
545 549
21 30
240 264
908 911
941 947
8 26
407 412
151 163
291 310
108 118
489 503
478 481
203 206
778 782
931 944
480 484
673 674
291 311
858 865
38 50
953 962
277 287
957 960
115 136
570 576
553 559
55 58
859 863
235 247
412 428
720 722
191 196
358 365
755 764
292 309
248 254
376 392
863 885
588 603
748 775
360 375
295 304
755 757
955 965
272 288
443 451
338 346
437 441
581 584
290 316
224 233
239 243
617 620
508 516
34 39
683 694
818 832
554 567
791 800
485 490
872 888
904 913
713 720
863 883
202 207
701 709
552 567
412 430
706 711
355 366
68 79
946 956
719 728
225 227
15 29
52 53
382 404
629 630
805 816
14 37
67 71
296 314
481 493
754 757
370 401
801 813
367 378
472 480
327 335
919 939
365 373
675 702
977 1000
486 493
254 272
476 485
878 887
586 603
98 99
811 837
638 646
554 568
986 995
569 580
424 437
140 143
443 450
891 897
580 586
329 336
216 229
331 335
186 191
524 535
280 295
862 883
325 339
78 84
246 262
419 429
727 744
65 67
233 236
903 910
492 509
965 985
452 460
373 405
661 673
860 862
280 298
313 329
268 272
727 734
808 816
913 922
611 619
291 314
245 261
103 127
369 373
196 208
107 123
101 118
104 129
383 396
587 605
18 32
879 889
