1000 4000 25
21 41 41 41 41 41 41 41 41 42 42 42 42 42 42 42 42 42 42 42 42 42 42 42 21 
1 22
22 63
63 104
104 145
145 186
186 227
227 268
268 309
309 350
350 392
392 434
434 476
476 518
518 560
560 602
602 644
644 686
686 728
728 770
770 812
812 854
854 896
896 938
938 980
939 980
897 939
855 897
813 855
771 813
729 771
687 729
645 687
603 645
561 603
519 561
477 519
435 477
393 435
351 393
310 351
269 310
228 269
187 228
146 187
105 146
64 105
23 64
2 23
2 24
24 65
65 106
106 147
147 188
188 229
229 270
270 311
311 352
352 394
394 436
436 478
478 520
520 562
562 604
604 646
646 688
688 730
730 772
772 814
814 856
856 898
898 940
940 981
941 981
899 941
857 899
815 857
773 815
731 773
689 731
647 689
605 647
563 605
521 563
479 521
437 479
395 437
353 395
312 353
271 312
230 271
189 230
148 189
107 148
66 107
25 66
3 25
3 26
26 67
67 108
108 149
149 190
190 231
231 272
272 313
313 354
354 396
396 438
438 480
480 522
522 564
564 606
606 648
648 690
690 732
732 774
774 816
816 858
858 900
900 942
942 982
943 982
901 943
859 901
817 859
775 817
733 775
691 733
649 691
607 649
565 607
523 565
481 523
439 481
397 439
355 397
314 355
273 314
232 273
191 232
150 191
109 150
68 109
27 68
4 27
4 28
28 69
69 110
110 151
151 192
192 233
233 274
274 315
315 356
356 398
398 440
440 482
482 524
524 566
566 608
608 650
650 692
692 734
734 776
776 818
818 860
860 902
902 944
944 983
945 983
903 945
861 903
819 861
777 819
735 777
693 735
651 693
609 651
567 609
525 567
483 525
441 483
399 441
357 399
316 357
275 316
234 275
193 234
152 193
111 152
70 111
29 70
5 29
5 30
30 71
71 112
112 153
153 194
194 235
235 276
276 317
317 358
358 400
400 442
442 484
484 526
526 568
568 610
610 652
652 694
694 736
736 778
778 820
820 862
862 904
904 946
946 984
947 984
905 947
863 905
821 863
779 821
737 779
695 737
653 695
611 653
569 611
527 569
485 527
443 485
401 443
359 401
318 359
277 318
236 277
195 236
154 195
113 154
72 113
31 72
6 31
6 32
32 73
73 114
114 155
155 196
196 237
237 278
278 319
319 360
360 402
402 444
444 486
486 528
528 570
570 612
612 654
654 696
696 738
738 780
780 822
822 864
864 906
906 948
948 985
949 985
907 949
865 907
823 865
781 823
739 781
697 739
655 697
613 655
571 613
529 571
487 529
445 487
403 445
361 403
320 361
279 320
238 279
197 238
156 197
115 156
74 115
33 74
7 33
7 34
34 75
75 116
116 157
157 198
198 239
239 280
280 321
321 362
362 404
404 446
446 488
488 530
530 572
572 614
614 656
656 698
698 740
740 782
782 824
824 866
866 908
908 950
950 986
951 986
909 951
867 909
825 867
783 825
741 783
699 741
657 699
615 657
573 615
531 573
489 531
447 489
405 447
363 405
322 363
281 322
240 281
199 240
158 199
117 158
76 117
35 76
8 35
8 36
36 77
77 118
118 159
159 200
200 241
241 282
282 323
323 364
364 406
406 448
448 490
490 532
532 574
574 616
616 658
658 700
700 742
742 784
784 826
826 868
868 910
910 952
952 987
953 987
911 953
869 911
827 869
785 827
743 785
701 743
659 701
617 659
575 617
533 575
491 533
449 491
407 449
365 407
324 365
283 324
242 283
201 242
160 201
119 160
78 119
37 78
9 37
9 38
38 79
79 120
120 161
161 202
202 243
243 284
284 325
325 366
366 408
408 450
450 492
492 534
534 576
576 618
618 660
660 702
702 744
744 786
786 828
828 870
870 912
912 954
954 988
955 988
913 955
871 913
829 871
787 829
745 787
703 745
661 703
619 661
577 619
535 577
493 535
451 493
409 451
367 409
326 367
285 326
244 285
203 244
162 203
121 162
80 121
39 80
10 39
10 40
40 81
81 122
122 163
163 204
204 245
245 286
286 327
327 368
368 410
410 452
452 494
494 536
536 578
578 620
620 662
662 704
704 746
746 788
788 830
830 872
872 914
914 956
956 989
957 989
915 957
873 915
831 873
789 831
747 789
705 747
663 705
621 663
579 621
537 579
495 537
453 495
411 453
369 411
328 369
287 328
246 287
205 246
164 205
123 164
82 123
41 82
11 41
11 42
42 83
83 124
124 165
165 206
206 247
247 288
288 329
329 370
370 412
412 454
454 496
496 538
538 580
580 622
622 664
664 706
706 748
748 790
790 832
832 874
874 916
916 958
958 990
959 990
917 959
875 917
833 875
791 833
749 791
707 749
665 707
623 665
581 623
539 581
497 539
455 497
413 455
371 413
330 371
289 330
248 289
207 248
166 207
125 166
84 125
43 84
12 43
12 44
44 85
85 126
126 167
167 208
208 249
249 290
290 331
331 372
372 414
414 456
456 498
498 540
540 582
582 624
624 666
666 708
708 750
750 792
792 834
834 876
876 918
918 960
960 991
961 991
919 961
877 919
835 877
793 835
751 793
709 751
667 709
625 667
583 625
541 583
499 541
457 499
415 457
373 415
332 373
291 332
250 291
209 250
168 209
127 168
86 127
45 86
13 45
13 46
46 87
87 128
128 169
169 210
210 251
251 292
292 333
333 374
374 416
416 458
458 500
500 542
542 584
584 626
626 668
668 710
710 752
752 794
794 836
836 878
878 920
920 962
962 992
963 992
921 963
879 921
837 879
795 837
753 795
711 753
669 711
627 669
585 627
543 585
501 543
459 501
417 459
375 417
334 375
293 334
252 293
211 252
170 211
129 170
88 129
47 88
14 47
14 48
48 89
89 130
130 171
171 212
212 253
253 294
294 335
335 376
376 418
418 460
460 502
502 544
544 586
586 628
628 670
670 712
712 754
754 796
796 838
838 880
880 922
922 964
964 993
965 993
923 965
881 923
839 881
797 839
755 797
713 755
671 713
629 671
587 629
545 587
503 545
461 503
419 461
377 419
336 377
295 336
254 295
213 254
172 213
131 172
90 131
49 90
15 49
15 50
50 91
91 132
132 173
173 214
214 255
255 296
296 337
337 378
378 420
420 462
462 504
504 546
546 588
588 630
630 672
672 714
714 756
756 798
798 840
840 882
882 924
924 966
966 994
967 994
925 967
883 925
841 883
799 841
757 799
715 757
673 715
631 673
589 631
547 589
505 547
463 505
421 463
379 421
338 379
297 338
256 297
215 256
174 215
133 174
92 133
51 92
16 51
16 52
52 93
93 134
134 175
175 216
216 257
257 298
298 339
339 380
380 422
422 464
464 506
506 548
548 590
590 632
632 674
674 716
716 758
758 800
800 842
842 884
884 926
926 968
968 995
969 995
927 969
885 927
843 885
801 843
759 801
717 759
675 717
633 675
591 633
549 591
507 549
465 507
423 465
381 423
340 381
299 340
258 299
217 258
176 217
135 176
94 135
53 94
17 53
17 54
54 95
95 136
136 177
177 218
218 259
259 300
300 341
341 382
382 424
424 466
466 508
508 550
550 592
592 634
634 676
676 718
718 760
760 802
802 844
844 886
886 928
928 970
970 996
971 996
929 971
887 929
845 887
803 845
761 803
719 761
677 719
635 677
593 635
551 593
509 551
467 509
425 467
383 425
342 383
301 342
260 301
219 260
178 219
137 178
96 137
55 96
18 55
18 56
56 97
97 138
138 179
179 220
220 261
261 302
302 343
343 384
384 426
426 468
468 510
510 552
552 594
594 636
636 678
678 720
720 762
762 804
804 846
846 888
888 930
930 972
972 997
973 997
931 973
889 931
847 889
805 847
763 805
721 763
679 721
637 679
595 637
553 595
511 553
469 511
427 469
385 427
344 385
303 344
262 303
221 262
180 221
139 180
98 139
57 98
19 57
19 58
58 99
99 140
140 181
181 222
222 263
263 304
304 345
345 386
386 428
428 470
470 512
512 554
554 596
596 638
638 680
680 722
722 764
764 806
806 848
848 890
890 932
932 974
974 998
975 998
933 975
891 933
849 891
807 849
765 807
723 765
681 723
639 681
597 639
555 597
513 555
471 513
429 471
387 429
346 387
305 346
264 305
223 264
182 223
141 182
100 141
59 100
20 59
20 60
60 101
101 142
142 183
183 224
224 265
265 306
306 347
347 388
388 430
430 472
472 514
514 556
556 598
598 640
640 682
682 724
724 766
766 808
808 850
850 892
892 934
934 976
976 999
977 999
935 977
893 935
851 893
809 851
767 809
725 767
683 725
641 683
599 641
557 599
515 557
473 515
431 473
389 431
348 389
307 348
266 307
225 266
184 225
143 184
102 143
61 102
21 61
21 62
62 103
103 144
144 185
185 226
226 267
267 308
308 349
349 390
390 432
432 474
474 516
516 558
558 600
600 642
642 684
684 726
726 768
768 810
810 852
852 894
894 936
936 978
978 1000
979 1000
937 979
895 937
853 895
811 853
769 811
727 769
685 727
643 685
601 643
559 601
517 559
475 517
433 475
391 433
403 451
50 76
23 76
595 608
71 143
260 299
471 516
144 174
556 595
48 83
914 947
749 777
881 917
784 827
903 948
793 819
325 372
449 510
306 320
300 344
156 200
615 658
649 707
427 455
501 521
604 648
866 917
312 370
364 398
395 470
77 109
373 414
109 184
270 340
44 96
854 909
883 932
318 351
265 290
101 129
877 928
489 522
6 50
576 632
262 280
919 951
199 235
769 784
900 971
438 482
813 892
32 74
889 910
132 150
397 441
699 769
35 65
193 266
780 827
509 545
11 34
418 453
18 37
415 439
606 656
833 894
190 254
261 308
329 380
125 181
41 63
576 610
967 984
296 328
82 143
757 775
728 803
533 577
348 356
214 246
341 366
441 515
689 729
654 709
616 650
302 326
300 320
384 429
207 257
459 505
885 935
479 538
352 421
230 305
405 459
546 586
413 451
481 552
473 483
2 25
950 980
368 398
262 291
329 390
404 449
6 40
431 458
61 66
733 790
76 118
876 926
363 395
507 532
223 234
430 434
403 439
45 93
149 218
704 742
777 817
747 780
547 577
292 338
588 631
485 548
543 590
817 867
318 353
100 131
227 288
812 888
238 271
490 526
639 673
738 786
775 849
200 248
421 452
920 953
787 841
705 764
491 555
484 542
664 700
446 515
458 477
406 438
574 619
703 742
165 204
115 165
979 986
661 686
844 860
633 669
937 969
373 409
257 280
673 709
111 173
148 209
499 556
807 819
256 271
380 415
139 178
139 153
78 117
203 234
526 575
308 332
102 109
571 628
918 948
529 584
391 400
249 294
672 696
172 209
426 462
583 611
447 498
450 516
350 418
160 216
297 348
275 328
103 118
761 806
409 461
546 582
64 118
278 323
197 240
197 239
429 465
104 180
132 157
465 512
693 769
419 460
865 920
845 884
212 250
466 498
587 635
610 677
592 627
293 327
185 217
613 656
726 753
161 207
479 532
31 85
633 673
892 937
16 48
589 626
904 954
499 523
228 306
154 188
184 203
69 138
178 210
158 193
750 796
770 853
622 657
41 67
690 728
656 705
904 966
933 959
31 68
50 67
270 328
398 469
744 803
760 792
454 497
601 608
467 513
167 194
103 104
697 748
391 398
194 264
73 104
608 676
747 803
337 376
629 667
547 560
568 639
11 26
256 281
933 951
390 418
49 101
249 300
880 937
45 89
298 334
236 291
918 955
515 539
672 720
306 341
394 459
434 488
713 760
156 217
631 661
858 936
442 498
374 426
424 457
742 790
720 750
580 614
186 249
199 260
175 222
960 994
734 788
929 953
419 435
70 139
285 312
106 170
117 171
464 505
706 767
435 517
521 579
801 832
237 288
113 158
375 431
315 376
636 680
180 198
370 427
457 494
482 531
673 717
333 386
562 621
338 378
397 462
681 726
416 438
241 284
821 871
401 458
775 846
260 286
134 170
481 533
542 577
203 249
120 176
922 967
744 772
15 35
377 412
473 481
14 44
706 756
93 110
364 409
276 349
599 612
37 94
957 999
774 822
783 821
449 484
904 978
20 52
411 475
268 339
865 903
694 761
507 541
459 503
307 334
646 695
141 157
503 519
510 541
25 98
666 723
448 503
297 324
739 777
918 974
10 50
13 42
658 724
122 146
305 320
663 694
828 885
698 743
343 381
889 926
656 702
821 861
42 102
503 549
197 230
919 940
820 879
616 657
720 767
442 476
323 383
883 910
709 765
534 566
218 230
50 89
483 558
8 58
408 451
907 955
606 660
698 760
884 913
229 294
603 649
558 578
877 915
389 392
91 140
518 598
49 72
590 631
549 583
628 678
731 789
312 383
675 706
386 414
157 191
383 411
276 325
526 582
153 208
934 968
861 918
171 206
36 70
391 418
397 447
728 789
39 68
4 29
304 330
884 919
22 68
708 766
553 561
806 824
464 508
662 708
187 248
489 556
584 632
462 496
284 321
62 85
19 24
612 665
612 662
140 162
746 793
773 821
865 924
536 560
202 238
155 222
593 602
777 848
426 446
552 591
126 154
109 157
546 566
923 938
782 822
389 429
82 110
266 271
248 286
650 686
336 365
648 707
693 768
250 283
615 684
684 692
682 720
672 691
780 825
896 972
309 373
217 247
10 53
194 267
90 122
416 435
7 51
808 820
856 934
819 858
22 91
258 294
604 652
481 553
48 73
573 620
921 945
497 541
733 808
458 483
339 362
619 672
438 517
668 702
830 856
614 661
191 251
371 420
889 928
163 195
521 599
589 620
872 916
847 876
485 542
457 512
25 94
940 1000
326 381
302 341
917 940
30 72
473 504
375 412
229 300
484 550
378 402
130 162
943 985
365 423
630 683
19 54
669 726
682 696
50 68
291 328
734 794
902 949
326 360
484 537
717 751
550 572
101 144
363 393
550 560
3 40
41 80
97 131
515 545
591 622
917 951
22 92
747 771
797 849
394 452
243 268
904 951
566 623
916 960
533 564
671 712
3 42
226 230
369 427
616 674
386 420
205 257
494 548
159 193
242 303
139 175
436 499
95 134
663 702
400 447
724 743
502 542
14 23
386 426
490 551
964 997
397 440
961 993
38 75
520 599
765 772
307 313
976 988
659 692
90 107
905 963
883 913
90 116
83 122
611 662
298 317
830 881
727 762
792 818
151 187
185 225
508 548
640 654
631 664
308 314
702 749
414 470
474 514
825 890
661 699
820 877
437 489
603 681
773 838
27 85
884 927
558 575
846 880
466 511
58 74
393 467
294 323
405 451
598 610
297 317
318 380
363 423
499 525
143 177
706 736
302 346
294 327
374 429
161 206
519 599
473 509
485 544
684 720
626 662
816 856
650 697
441 480
805 835
111 161
699 747
928 978
741 780
339 364
95 139
439 516
601 629
10 59
210 253
345 352
243 273
706 731
142 171
91 109
325 384
5 58
8 47
855 908
511 542
788 838
775 829
728 807
466 488
977 982
114 162
848 876
644 716
460 514
893 919
548 587
881 919
670 699
880 900
759 790
863 917
693 741
668 698
765 799
565 606
222 234
399 462
505 542
239 271
407 469
610 680
735 778
621 676
721 732
378 405
194 228
428 438
262 299
561 611
316 359
700 736
724 765
228 293
71 124
557 563
847 862
892 909
308 337
680 712
463 499
535 586
492 523
23 73
667 708
308 343
649 705
51 63
187 264
409 454
714 735
616 671
674 692
717 758
219 231
620 679
38 94
199 228
726 767
1 61
767 789
782 836
548 568
785 826
103 122
864 914
966 995
703 757
879 932
432 446
21 34
527 599
632 676
542 595
174 187
62 97
567 629
423 470
903 946
513 556
503 554
420 463
150 199
217 248
537 578
125 184
956 985
268 326
894 929
277 345
833 865
185 211
394 463
558 570
521 595
146 221
407 443
134 151
785 853
212 264
189 266
576 617
577 614
363 411
763 778
193 257
268 327
616 646
59 84
824 855
873 901
533 569
574 618
907 938
864 910
636 672
169 193
4 31
456 491
446 496
716 740
202 248
424 473
31 79
68 120
33 89
30 102
884 915
422 441
107 162
718 735
532 560
535 562
610 671
589 632
52 76
627 650
818 875
124 185
238 270
407 435
888 931
410 462
634 659
557 578
82 120
193 228
262 300
372 421
54 79
16 26
581 619
275 339
832 858
192 262
519 579
756 780
515 522
7 35
697 729
687 757
141 174
95 137
383 428
391 408
891 917
2 56
101 118
627 658
736 807
378 410
151 186
19 60
534 572
162 193
912 953
789 843
42 65
832 893
896 950
275 337
620 645
517 524
389 406
618 667
570 640
931 961
278 327
269 333
377 392
137 151
584 623
848 869
438 489
532 591
539 570
550 596
196 241
310 382
396 468
350 398
19 45
48 75
554 601
10 47
708 769
949 994
174 192
823 882
554 591
240 274
406 458
805 817
343 357
912 944
459 502
46 64
485 522
503 524
874 898
325 374
446 499
135 147
608 659
331 363
234 308
396 435
233 293
560 612
609 660
92 110
337 382
614 685
900 957
350 429
427 448
954 995
69 139
613 659
176 220
660 697
17 33
471 508
391 416
142 163
598 627
840 855
451 503
119 165
739 804
783 817
533 566
910 946
394 461
529 582
793 832
33 103
260 294
103 133
558 586
150 193
863 934
144 150
977 981
748 788
700 764
540 580
261 307
535 593
790 839
766 784
596 626
628 683
304 329
646 708
541 561
617 666
748 785
673 713
914 967
504 521
752 786
771 849
837 854
1 29
574 622
255 286
476 531
408 465
224 257
876 923
702 756
32 88
51 102
219 243
228 280
459 498
98 109
184 200
677 695
808 847
295 315
808 825
754 780
316 363
438 516
302 310
198 259
361 414
833 861
18 41
755 770
584 625
872 927
174 224
478 521
405 458
104 153
866 919
596 607
198 232
278 321
253 270
975 992
38 92
523 596
126 171
736 804
783 824
732 783
819 856
495 547
590 618
595 638
879 900
653 711
129 184
794 829
864 899
636 684
33 64
902 972
794 820
605 649
98 135
526 565
795 819
403 461
549 577
152 197
643 671
631 683
456 511
932 960
861 897
618 676
46 85
128 165
657 727
247 301
867 899
650 716
49 99
852 874
511 543
679 725
917 944
753 796
542 573
261 293
412 438
365 404
289 309
1 30
200 258
214 233
699 742
110 168
830 884
648 695
888 926
583 631
390 420
898 948
73 140
339 388
882 912
316 368
425 447
779 853
596 636
422 444
341 390
905 951
918 970
141 183
46 79
478 559
14 38
267 287
76 128
679 726
442 492
234 303
889 911
285 313
250 285
424 460
829 870
734 795
749 797
266 279
575 626
170 189
484 549
965 987
52 84
645 703
17 40
812 893
522 575
42 95
711 745
811 837
887 935
433 451
844 856
601 609
298 337
346 391
272 321
857 935
56 102
861 916
329 384
59 69
267 278
675 721
751 773
706 728
694 748
146 204
297 334
816 854
234 305
540 579
429 470
881 897
526 594
416 452
186 244
516 531
215 263
356 419
284 326
6 57
73 122
660 721
720 728
713 737
347 384
920 978
571 620
534 596
99 120
712 734
820 881
591 616
368 429
27 65
375 404
376 431
425 443
544 576
604 665
300 342
529 596
498 532
754 776
113 176
266 274
422 463
704 732
786 821
25 75
969 983
407 438
274 327
498 538
833 858
263 274
118 182
911 956
768 809
164 190
70 118
530 599
709 733
842 886
375 421
645 713
55 75
192 228
234 272
779 844
768 778
162 219
347 369
560 626
130 153
343 353
603 674
390 419
8 34
798 828
596 639
122 157
258 276
255 293
671 701
552 573
264 273
683 726
656 697
776 832
446 517
457 508
391 393
116 159
41 64
43 80
942 984
440 496
490 553
282 348
5 32
560 633
56 70
216 253
205 258
967 981
393 447
168 202
374 410
610 685
733 791
743 781
124 160
816 855
202 246
768 790
876 903
612 675
426 447
877 936
533 576
349 377
101 110
631 645
187 236
813 854
294 334
888 935
387 426
682 698
507 551
448 506
103 112
452 476
182 207
107 185
443 481
459 490
762 782
380 394
157 204
19 40
696 769
13 59
179 206
299 328
566 636
232 305
34 102
647 699
865 914
263 299
523 575
377 393
470 493
475 507
550 576
353 407
666 724
473 485
494 523
102 122
257 296
51 70
489 557
437 481
891 908
489 538
916 955
745 811
172 192
601 626
395 450
718 758
165 194
752 787
599 621
111 181
575 633
104 184
359 417
175 215
480 534
608 684
504 543
279 309
320 385
433 445
428 434
899 963
708 740
530 582
685 701
673 700
923 958
69 123
398 453
868 924
111 185
142 180
245 298
158 216
122 185
592 602
909 946
975 1000
401 465
280 330
562 636
537 563
786 844
337 357
549 575
395 454
107 167
529 579
603 656
563 604
361 398
847 894
678 717
385 400
721 757
851 895
682 688
819 871
442 495
158 224
738 811
639 685
99 116
232 303
345 372
648 719
282 320
88 136
118 162
805 821
40 65
661 724
714 739
317 372
925 955
38 99
814 879
449 498
421 458
245 285
275 348
10 52
127 158
112 155
342 390
118 155
860 928
14 52
333 350
466 512
336 359
863 914
3 48
605 656
20 35
508 539
683 721
159 224
378 423
254 307
767 782
320 376
789 824
672 686
106 148
131 162
145 205
271 345
495 524
922 969
313 356
496 540
880 915
346 374
279 326
512 521
576 609
642 678
35 73
58 83
356 416
376 430
212 265
176 196
123 182
934 964
475 499
579 643
908 954
767 810
517 530
579 642
328 390
860 937
795 820
728 783
949 981
702 746
956 997
501 534
404 434
16 55
270 316
79 107
241 298
747 783
559 600
152 200
458 510
347 358
965 998
205 260
867 896
272 314
123 176
566 609
251 270
910 964
706 738
339 374
174 218
174 201
77 139
87 111
361 421
534 578
364 420
269 312
689 743
851 868
78 104
683 698
807 848
102 126
840 873
730 811
246 295
91 106
956 988
712 731
436 510
691 742
503 536
928 943
587 617
198 244
618 673
233 280
514 523
929 965
500 531
802 816
45 96
43 75
741 782
863 906
484 525
748 773
127 180
648 706
457 488
833 886
33 87
286 346
597 626
317 361
934 950
272 312
266 281
337 361
175 217
629 650
354 398
378 417
444 499
703 746
882 925
96 120
11 61
163 208
425 435
663 719
724 751
471 510
757 811
709 750
215 265
562 608
645 719
71 121
754 791
504 551
428 468
811 821
98 137
653 727
589 614
100 125
352 410
391 414
489 546
715 743
185 210
929 945
303 345
650 719
136 150
699 745
45 70
301 325
157 208
615 655
429 466
276 332
341 391
817 863
836 886
815 867
901 978
619 683
854 935
68 138
364 400
169 222
629 649
571 634
687 737
509 524
24 98
7 28
854 902
169 204
558 590
326 357
632 667
492 537
179 208
539 601
796 828
58 64
575 619
499 533
312 376
513 538
307 333
535 561
135 161
97 136
759 803
558 580
404 437
471 503
54 78
119 179
409 459
14 39
780 829
47 64
719 751
444 494
823 891
900 948
335 350
735 770
376 404
366 404
632 644
390 423
431 461
459 485
47 97
866 898
453 508
17 50
6 28
501 528
186 263
787 817
657 691
676 698
579 637
28 82
99 143
961 999
512 546
901 958
233 269
54 66
372 408
127 173
913 969
867 905
152 207
235 269
927 960
609 681
20 29
196 239
403 475
311 356
422 469
287 321
830 886
845 892
209 252
371 416
113 183
787 840
686 764
142 162
837 867
585 642
718 762
657 698
57 101
522 590
659 703
385 399
29 66
88 137
393 434
176 192
363 397
907 953
122 170
440 476
582 609
650 704
94 129
850 880
915 977
979 984
517 532
63 119
231 284
175 223
748 799
655 721
660 709
880 908
286 340
125 155
335 353
29 92
104 161
125 178
562 618
851 856
341 389
81 131
828 878
148 214
679 689
797 841
404 473
892 905
950 982
773 833
771 822
246 293
784 822
557 564
73 121
960 996
292 339
188 246
187 240
13 27
783 837
238 298
838 857
155 211
155 203
551 580
439 487
59 93
799 851
346 388
836 870
429 440
8 49
824 895
137 145
896 956
902 970
617 681
177 202
811 825
821 879
287 334
165 186
381 416
132 162
260 292
506 552
752 800
886 896
471 476
49 78
863 927
603 677
620 670
526 562
91 114
72 132
835 879
276 320
355 413
223 257
287 345
816 894
466 503
565 612
831 889
131 153
165 217
750 804
295 344
179 226
537 599
418 462
225 232
321 356
730 791
728 806
502 520
412 453
671 719
270 323
793 834
607 664
469 503
826 877
293 321
241 294
663 706
916 967
12 47
90 132
304 333
760 809
101 131
304 317
217 257
352 415
735 804
75 120
312 372
1 58
576 636
871 901
50 95
579 605
202 239
71 133
755 774
681 686
476 526
421 440
797 827
269 335
289 311
539 596
814 880
502 536
915 949
661 714
767 783
884 932
268 322
189 253
305 336
255 275
961 985
429 463
492 544
880 896
166 190
559 569
88 106
538 569
263 292
679 697
957 996
577 616
155 213
58 69
707 730
221 244
773 828
232 279
735 783
709 731
170 219
271 313
797 829
298 321
469 486
81 132
39 95
124 156
550 571
512 552
777 816
418 443
188 235
261 281
946 998
530 570
50 85
654 687
826 870
175 211
873 926
449 512
325 352
297 340
185 209
297 312
216 234
646 713
733 787
531 583
654 689
513 541
881 928
198 251
794 825
845 878
386 395
296 333
63 115
40 92
363 432
138 178
445 495
737 799
265 307
451 514
652 709
693 728
127 167
95 141
322 368
880 931
609 654
267 289
834 888
634 678
15 38
239 308
899 973
880 917
924 968
510 536
600 638
832 890
185 214
187 246
699 752
256 307
645 726
537 565
843 886
206 250
498 526
408 463
587 619
810 848
172 189
114 150
794 842
377 406
343 354
255 270
979 983
726 748
920 969
17 42
580 640
530 568
424 442
260 288
316 352
330 390
709 755
270 329
151 219
933 978
812 875
420 459
872 901
292 347
142 165
420 435
832 872
304 321
340 388
235 274
506 527
365 393
820 882
141 162
721 749
782 849
94 141
5 38
738 796
708 728
695 743
825 884
836 854
106 181
741 809
736 794
500 539
387 399
132 172
217 235
96 140
563 628
558 568
826 855
392 464
666 715
242 288
490 533
307 340
268 324
224 255
343 361
13 31
594 638
701 765
485 523
105 155
867 911
779 850
126 182
609 672
975 990
600 621
910 968
797 852
834 871
888 923
344 381
4 44
242 277
566 628
461 482
296 349
849 860
665 725
872 915
425 471
331 381
335 363
725 763
137 166
758 770
448 495
454 503
545 588
126 164
525 594
309 377
235 308
46 71
242 274
947 992
867 921
534 567
133 154
467 493
173 224
380 411
927 968
797 842
793 851
370 415
46 77
115 179
642 661
619 648
132 153
599 640
5 42
434 478
494 558
616 664
318 375
562 643
607 685
968 983
904 938
291 329
483 555
88 122
607 665
699 755
438 510
384 421
106 154
501 531
196 236
506 538
742 810
510 554
632 649
325 363
557 597
255 294
382 418
562 622
686 754
10 61
800 848
130 178
393 473
299 345
728 777
135 149
71 126
581 622
23 94
203 248
451 478
622 653
672 704
351 405
696 739
785 822
970 987
656 691
593 605
744 802
87 138
75 130
415 469
821 869
28 101
424 449
601 607
807 821
533 597
618 662
10 22
515 551
843 872
314 360
950 992
468 500
817 880
732 807
582 633
66 124
669 723
333 382
759 795
565 611
797 848
513 523
610 653
64 117
395 435
374 421
783 836
749 782
970 981
199 236
431 435
116 185
793 839
115 167
479 536
50 66
595 642
308 347
93 121
110 172
105 170
727 741
905 969
583 607
123 178
208 233
66 139
509 521
486 545
109 164
805 851
56 73
753 786
91 138
591 630
634 682
179 217
673 701
138 181
550 578
682 697
23 82
180 194
537 592
288 335
34 96
581 627
61 73
866 905
562 605
518 564
106 178
670 690
629 679
792 848
281 341
676 704
331 386
568 620
900 941
679 700
934 970
76 109
871 936
264 290
517 540
708 739
100 143
250 284
130 151
512 529
74 121
237 296
86 115
388 408
673 696
288 341
335 370
398 442
84 134
452 506
676 725
590 611
743 796
555 589
711 755
176 200
408 457
690 766
332 388
440 514
911 945
219 232
765 804
205 235
180 196
176 187
33 75
796 813
622 663
502 522
501 546
334 352
180 193
298 341
520 576
667 695
653 692
118 157
21 45
65 142
679 714
411 448
359 433
598 602
750 789
798 850
770 843
579 640
277 320
557 574
86 109
24 70
640 659
698 736
465 483
756 799
379 433
562 620
326 363
154 224
454 512
652 702
321 375
457 477
774 820
828 884
685 693
665 716
677 694
527 570
324 373
630 658
741 798
299 314
97 140
420 447
694 755
217 236
348 375
557 581
408 454
722 767
112 159
319 374
837 857
211 256
153 218
569 612
81 114
50 72
801 831
160 226
210 244
231 304
488 557
499 529
120 177
807 814
316 384
354 430
5 54
924 938
292 328
481 549
278 310
744 775
475 503
497 528
406 435
677 721
408 443
894 907
174 188
431 456
636 657
93 119
941 990
64 110
789 839
289 335
336 370
559 590
932 967
620 683
105 172
338 367
442 477
179 189
277 314
532 576
511 534
225 233
395 439
538 598
321 388
718 730
527 597
797 812
310 358
437 515
917 957
400 445
549 578
435 494
304 340
349 384
724 729
141 155
25 101
171 219
873 923
183 206
8 31
301 335
387 410
422 459
442 480
83 107
305 315
189 235
393 471
858 934
892 915
794 840
284 333
967 995
164 195
477 522
704 760
352 405
531 579
752 811
384 416
418 472
523 569
582 634
92 140
117 154
274 342
498 536
51 73
739 771
869 910
73 135
315 383
921 951
717 764
197 254
180 192
92 131
47 98
206 253
645 699
867 913
128 146
660 724
79 108
419 439
914 974
693 742
708 763
63 106
851 881
14 36
214 265
566 642
338 354
924 958
19 32
624 648
28 67
279 337
898 967
75 111
892 933
168 196
508 521
79 126
480 545
544 583
186 252
492 531
642 645
935 946
461 495
633 646
622 650
313 360
863 911
660 713
169 224
626 677
474 492
75 105
791 812
523 579
47 67
55 64
89 117
417 451
519 596
932 970
323 363
940 992
187 241
746 777
223 236
643 660
355 431
59 92
419 466
532 585
480 526
495 546
428 466
868 936
608 649
676 715
558 588
566 632
35 82
523 597
865 918
158 204
893 917
766 802
507 524
876 920
884 909
314 371
847 863
11 24
342 360
788 812
690 765
516 549
421 447
478 536
924 954
47 85
717 734
540 590
668 715
776 838
333 372
20 50
496 547
805 839
748 780
532 569
207 228
963 980
196 254
5 27
221 240
19 61
9 60
802 837
18 29
953 984
159 207
69 127
560 623
105 150
718 759
610 664
551 570
922 942
62 81
689 757
704 752
888 900
740 776
736 797
823 878
570 610
33 98
953 981
946 999
734 775
379 410
612 670
186 258
340 361
399 475
265 308
117 161
729 789
872 905
513 536
435 498
681 706
874 907
179 194
784 850
586 635
783 822
269 327
771 847
938 992
850 870
729 775
458 488
120 155
783 815
50 86
856 933
309 387
891 937
95 131
898 962
686 731
157 226
748 805
964 998
869 901
625 680
133 148
265 288
528 585
830 885
939 989
913 977
70 142
29 72
814 865
659 709
845 859
802 840
629 654
191 262
76 112
594 635
197 229
718 755
410 465
336 373
876 911
484 559
19 22
793 825
490 550
91 135
320 352
804 819
799 828
489 551
910 974
246 304
849 855
332 357
736 796
221 251
840 865
200 245
357 397
626 669
346 378
391 396
613 681
82 118
535 584
739 774
578 614
772 828
208 260
352 432
481 534
81 130
820 872
201 232
418 463
249 276
587 607
63 144
200 239
142 153
69 111
673 720
186 259
765 802
783 838
716 765
88 128
138 171
109 166
507 542
791 848
809 817
426 438
220 241
242 272
3 35
798 852
654 697
356 414
775 852
466 502
518 584
387 423
862 896
917 958
171 205
976 992
958 998
529 565
937 945
392 441
735 771
612 677
45 74
552 579
65 143
507 531
114 153
512 528
882 921
397 475
802 834
363 419
61 82
818 893
453 486
324 364
842 877
416 445
98 133
208 251
589 612
895 935
286 325
739 770
662 726
739 780
32 63
898 956
604 674
412 473
946 990
353 429
887 909
971 999
748 779
311 362
310 352
155 194
287 332
912 957
313 371
879 928
506 539
783 839
738 789
141 161
197 265
275 321
654 688
698 730
737 771
395 475
396 444
960 998
938 981
389 400
445 506
350 401
756 776
548 563
224 237
588 613
907 954
506 546
55 100
788 822
196 247
776 834
522 576
273 339
864 912
361 418
402 439
293 338
1 42
580 632
115 152
533 600
325 369
494 531
553 569
373 425
29 74
3 24
32 77
690 753
886 909
853 870
185 202
606 655
202 237
731 811
606 645
159 194
681 716
957 1000
96 107
967 997
142 157
756 792
313 387
239 277
381 422
855 899
849 858
686 743
882 896
229 276
288 312
71 136
655 727
70 122
972 983
117 172
976 985
956 999
188 244
73 109
682 716
662 711
505 556
611 683
805 813
94 122
299 338
434 515
284 310
372 429
66 115
972 996
223 250
640 644
946 997
449 495
876 922
708 760
411 436
513 531
735 776
338 376
14 58
832 882
589 622
842 862
413 464
297 322
488 536
108 164
698 729
272 336
152 188
85 121
19 43
252 307
44 75
77 110
733 799
878 923
265 289
675 708
853 880
761 802
745 788
22 80
591 638
294 318
452 509
722 739
111 145
467 502
822 883
115 184
516 522
312 361
201 247
602 649
272 341
895 910
698 762
233 302
409 434
128 184
170 220
387 400
382 405
672 718
790 841
24 63
798 812
784 848
528 568
244 289
70 126
330 376
61 64
436 506
346 357
743 791
740 779
377 428
497 554
553 582
806 844
858 917
103 142
730 809
88 107
563 632
222 247
549 563
901 955
471 504
199 234
697 733
365 430
832 867
346 352
782 850
554 583
326 386
162 224
230 275
577 638
18 62
528 563
664 697
469 509
8 28
557 576
358 424
609 662
161 196
575 608
882 902
345 364
682 694
357 407
49 86
366 432
757 810
394 454
477 532
307 342
288 342
30 85
437 499
633 658
537 571
223 255
910 969
269 334
17 52
775 821
154 201
606 668
834 855
733 780
73 113
690 739
714 744
642 647
590 607
624 660
367 398
442 491
118 154
129 151
235 294
95 112
412 467
868 926
792 846
462 494
364 413
77 143
549 568
723 766
786 826
691 732
830 889
62 64
172 221
583 614
39 72
840 861
760 803
269 346
664 727
141 145
33 91
818 886
475 497
325 385
821 867
595 623
83 139
410 464
213 241
977 983
780 819
860 905
91 117
21 23
438 502
826 892
186 247
320 353
15 60
864 934
258 270
557 566
820 873
445 479
204 255
864 896
428 437
89 140
819 859
403 470
234 297
880 930
363 396
732 787
85 122
286 331
176 195
423 464
175 224
919 938
676 688
77 112
829 856
62 93
637 645
934 948
979 993
263 308
884 910
615 670
3 51
225 248
584 639
351 430
865 916
19 48
690 735
921 950
51 97
646 710
794 837
513 546
606 654
631 666
409 474
397 456
783 844
874 930
135 185
208 266
697 755
785 837
774 832
248 300
442 479
565 616
877 907
851 883
79 113
880 921
550 589
87 105
409 470
378 411
24 78
528 588
5 36
412 460
556 579
385 430
577 621
506 530
8 57
611 669
731 776
263 279
920 952
201 256
759 786
402 462
881 927
895 929
319 389
862 919
309 366
250 302
695 747
541 567
221 254
133 183
515 550
296 316
597 638
259 288
635 664
500 536
650 709
724 738
10 25
870 902
36 65
380 395
590 608
602 677
225 239
507 558
66 114
106 176
406 443
226 248
353 419
600 623
631 669
