1000 5000 100
2 6 18 11 7 8 5 3 3 3 4 13 9 6 10 26 8 8 8 16 6 9 6 8 22 8 6 10 19 11 10 11 24 7 8 14 6 10 17 20 3 14 10 6 5 11 14 4 7 6 9 17 8 8 7 5 6 9 15 11 12 17 4 5 10 16 4 6 7 11 12 19 6 6 5 12 11 11 23 11 6 5 10 14 24 8 5 6 19 9 6 8 10 21 5 7 5 9 25 9 
1 3
1 4
3 9
9 27
27 38
38 45
45 53
53 58
58 61
61 64
64 67
64 68
68 71
71 84
71 85
71 86
84 93
84 94
85 95
93 99
93 100
93 101
94 102
95 103
95 104
95 105
99 109
99 110
99 111
100 112
100 113
101 114
101 115
102 116
102 117
103 118
104 119
104 120
104 121
105 122
122 135
135 143
143 151
151 159
151 160
151 161
160 175
160 176
160 177
161 178
176 181
176 182
177 183
177 184
178 185
178 186
178 187
181 190
183 191
185 192
187 193
190 196
190 197
192 198
192 199
192 200
193 201
196 204
196 205
196 206
197 207
197 208
197 209
198 210
198 211
198 212
199 213
200 214
201 215
201 216
216 226
226 234
226 235
234 240
234 241
235 242
241 250
241 251
242 252
242 253
251 269
251 270
251 271
252 272
253 273
269 280
269 281
270 282
270 283
272 284
272 285
273 286
280 290
281 291
281 292
281 293
283 294
284 295
284 296
285 297
285 298
290 301
291 302
292 303
292 304
293 305
294 306
294 307
294 308
295 309
298 310
298 311
311 325
325 332
332 340
340 354
340 355
340 356
354 360
354 361
355 362
355 363
356 364
356 365
360 370
360 371
361 372
361 373
361 374
364 375
364 376
364 377
365 378
365 379
370 387
370 388
371 389
372 390
372 391
372 392
373 393
374 394
374 395
375 396
375 397
375 398
376 399
378 400
378 401
379 402
379 403
379 404
404 407
407 410
410 424
410 425
410 426
425 434
425 435
434 440
434 441
434 442
440 445
440 446
440 447
441 448
441 449
441 450
442 451
445 456
445 457
445 458
446 459
447 460
448 461
448 462
448 463
449 464
449 465
449 466
466 470
470 474
474 481
474 482
474 483
481 487
481 488
481 489
482 490
482 491
483 492
483 493
487 496
487 497
487 498
489 499
489 500
490 501
490 502
490 503
492 504
493 505
493 506
506 513
513 521
521 529
529 536
529 537
529 538
536 541
536 542
536 543
541 547
541 548
541 549
543 550
543 551
547 556
547 557
548 558
548 559
548 560
551 561
551 562
551 563
557 571
557 572
558 573
558 574
559 575
562 576
562 577
562 578
563 579
571 582
571 583
571 584
572 585
572 586
573 587
574 588
574 589
575 590
576 591
583 594
584 595
584 596
584 597
586 598
588 599
588 600
588 601
589 602
589 603
590 604
590 605
591 606
606 611
611 615
615 620
620 630
630 646
630 647
646 650
646 651
650 656
650 657
651 658
651 659
651 660
656 663
657 664
657 665
657 666
658 667
658 668
659 669
660 670
663 674
663 675
665 676
665 677
665 678
667 679
669 680
669 681
670 682
670 683
674 686
675 687
676 688
677 689
677 690
677 691
679 692
680 693
680 694
681 695
681 696
681 697
682 698
698 705
705 711
711 717
711 718
717 722
717 723
717 724
718 725
718 726
722 734
722 735
722 736
723 737
723 738
723 739
725 740
734 745
735 746
735 747
735 748
737 749
737 750
739 751
739 752
740 753
745 756
746 757
746 758
749 759
749 760
750 761
750 762
751 763
751 764
752 765
752 766
753 767
767 779
779 790
790 796
790 797
796 801
796 802
796 803
797 804
797 805
797 806
801 811
802 812
802 813
802 814
803 815
804 816
805 817
806 818
806 819
811 825
811 826
812 827
812 828
812 829
813 830
813 831
814 832
814 833
814 834
815 835
817 836
819 837
819 838
838 849
849 857
857 862
862 868
862 869
862 870
869 887
869 888
887 896
887 897
896 902
896 903
897 904
902 910
902 911
902 912
903 913
904 914
904 915
904 916
910 920
910 921
910 922
911 923
911 924
912 925
912 926
912 927
913 928
914 929
914 930
915 931
915 932
915 933
933 941
941 946
946 953
946 954
953 958
953 959
954 960
954 961
958 967
958 968
958 969
961 970
961 971
967 992
967 993
968 994
968 995
968 996
969 997
971 998
971 999
972 992
973 992
974 992
975 993
976 993
977 994
978 995
979 995
980 995
981 996
982 997
983 997
984 998
985 998
962 985
955 962
947 955
942 947
934 942
935 942
917 935
905 917
898 905
899 905
889 898
890 898
891 899
892 899
893 899
871 889
872 890
873 890
874 890
875 891
876 891
877 892
878 892
879 893
880 893
863 880
858 863
850 858
851 858
852 858
839 850
840 850
841 850
842 851
843 851
844 851
845 852
846 852
820 846
807 820
808 820
809 820
798 807
799 808
791 798
792 799
793 799
794 799
780 791
781 791
782 792
783 792
784 792
785 793
786 793
787 793
788 794
768 781
769 781
770 782
771 783
772 783
773 785
774 785
775 785
776 787
777 788
754 777
741 754
742 754
743 754
727 741
728 741
729 741
730 742
731 742
732 742
719 732
712 719
713 719
706 712
707 712
708 712
709 713
699 706
700 708
701 708
702 708
703 709
684 703
671 684
661 671
652 661
648 652
631 648
621 631
616 621
612 616
613 616
607 613
608 613
609 613
592 609
580 592
564 580
565 580
566 580
552 566
544 552
545 552
539 545
530 539
531 539
532 539
522 530
523 531
524 532
525 532
514 522
515 522
516 523
517 524
518 524
519 525
507 514
508 514
509 517
510 517
511 517
494 511
484 494
475 484
476 484
477 484
471 475
472 477
467 472
468 472
452 468
443 452
436 443
437 443
438 443
427 436
428 436
429 436
430 437
431 437
432 437
411 428
412 429
413 429
414 430
415 430
416 431
417 431
418 431
419 432
420 432
421 432
408 421
405 408
380 405
366 380
357 366
358 366
341 357
342 357
343 357
344 358
345 358
346 358
333 342
334 342
335 343
336 345
326 333
327 333
328 333
329 334
330 335
312 326
313 326
314 326
315 327
316 327
317 327
318 329
319 329
320 329
321 330
322 330
323 330
299 323
287 299
288 299
274 287
275 287
276 287
277 288
278 288
254 274
255 274
256 275
257 275
258 275
259 277
260 277
261 277
262 278
263 278
264 278
243 264
236 243
237 243
227 236
228 236
229 236
230 237
231 237
232 237
217 227
218 227
219 227
220 228
221 229
222 229
223 231
202 223
194 202
188 194
179 188
162 179
163 179
164 179
152 162
153 162
154 164
144 153
145 154
146 154
147 154
136 144
137 145
138 146
139 146
140 147
141 147
123 138
124 139
125 139
126 139
127 140
128 140
129 140
130 141
131 141
106 131
96 106
97 106
87 96
88 96
89 96
90 97
91 97
72 87
73 87
74 87
75 88
76 88
77 88
78 89
79 90
80 91
81 91
82 91
69 82
65 69
62 65
59 62
54 59
55 59
56 59
46 55
47 55
48 55
49 56
39 47
40 48
41 48
42 49
43 49
28 39
29 39
30 39
31 41
32 42
33 42
34 43
35 43
36 43
10 29
11 29
12 29
13 31
14 31
15 31
16 32
17 32
18 33
19 34
20 34
21 34
22 36
23 36
24 36
5 24
2 5
2 6
2 7
2 8
6 25
7 26
26 37
37 44
44 50
44 51
44 52
52 57
57 60
60 63
63 66
66 70
70 83
83 92
92 98
98 107
98 108
107 132
108 133
108 134
134 142
142 148
142 149
142 150
148 155
148 156
150 157
150 158
155 165
155 166
155 167
156 168
156 169
157 170
157 171
157 172
158 173
158 174
174 180
180 189
189 195
195 203
203 224
203 225
225 233
233 238
233 239
238 244
238 245
238 246
239 247
239 248
239 249
246 265
249 266
249 267
249 268
268 279
279 289
289 300
300 324
324 331
331 337
331 338
331 339
337 347
337 348
338 349
338 350
338 351
339 352
339 353
353 359
359 367
359 368
359 369
367 381
367 382
367 383
368 384
368 385
369 386
386 406
406 409
409 422
409 423
423 433
433 439
439 444
444 453
444 454
444 455
455 469
469 473
473 478
473 479
473 480
479 485
479 486
486 495
495 512
512 520
520 526
520 527
520 528
526 533
528 534
528 535
534 540
540 546
546 553
546 554
546 555
553 567
553 568
553 569
555 570
570 581
581 593
593 610
610 614
614 617
614 618
614 619
617 622
617 623
618 624
618 625
618 626
619 627
619 628
619 629
622 632
623 633
623 634
623 635
624 636
624 637
625 638
626 639
626 640
626 641
627 642
627 643
627 644
628 645
645 649
649 653
649 654
649 655
654 662
662 672
662 673
673 685
685 704
704 710
710 714
710 715
710 716
715 720
715 721
721 733
733 744
744 755
755 778
778 789
789 795
795 800
800 810
810 821
810 822
810 823
823 847
847 853
853 859
859 864
859 865
859 866
865 881
865 882
865 883
866 884
866 885
885 894
894 900
900 906
906 918
918 936
936 943
943 948
943 949
943 950
948 956
956 963
956 964
956 965
963 986
964 987
964 988
964 989
989 1000
990 1000
991 1000
966 991
957 966
951 957
952 957
944 951
945 952
937 944
938 945
939 945
940 945
919 940
907 919
908 919
909 919
901 908
895 901
886 895
867 886
860 867
861 867
854 860
855 860
856 861
848 855
824 848
592 604
698 706
751 767
404 408
147 157
811 842
571 592
511 514
864 881
537 545
547 563
371 404
260 272
834 855
384 400
755 758
151 168
750 777
504 516
890 897
418 428
945 949
41 49
683 689
522 529
821 847
673 675
733 737
465 470
145 155
718 727
383 404
548 564
26 34
580 590
164 175
864 874
866 868
162 180
535 537
325 338
553 557
533 540
815 848
556 571
820 848
863 871
42 45
290 310
653 661
552 556
291 321
677 694
519 528
733 738
745 768
809 822
682 693
483 488
473 476
42 47
855 861
586 602
441 453
541 553
944 946
962 986
253 272
256 276
524 529
176 188
575 592
574 583
198 213
812 841
334 350
911 936
435 443
554 564
864 884
192 201
16 35
193 199
815 833
97 101
737 745
947 953
354 363
288 291
646 653
193 200
841 856
85 97
341 356
555 557
762 789
27 40
67 73
805 811
572 591
824 833
434 443
752 769
300 322
145 151
621 638
139 148
296 307
408 410
736 754
248 263
136 143
369 381
553 566
364 386
670 677
275 283
823 833
240 263
537 543
712 721
898 903
482 494
547 562
864 882
591 598
255 276
92 94
69 78
591 610
619 622
882 895
803 820
792 797
660 666
266 273
849 861
407 415
632 648
862 876
569 572
9 31
104 112
336 350
798 803
556 580
150 152
913 938
153 172
194 199
862 874
372 396
448 468
104 127
200 224
989 996
325 335
385 394
751 778
6 10
177 182
462 473
917 934
861 864
215 227
810 812
650 661
203 217
760 787
713 718
923 943
785 792
522 535
578 587
107 131
924 942
660 667
865 880
671 674
96 103
885 891
576 582
697 706
738 750
630 649
909 915
755 761
788 793
372 395
585 607
67 75
81 89
800 808
944 948
800 803
193 196
985 993
540 543
913 939
8 22
69 80
305 330
740 745
299 318
148 152
384 387
60 62
674 691
522 532
964 975
142 145
545 548
961 983
451 468
666 677
738 754
891 898
659 673
303 330
731 738
912 934
966 969
102 114
288 296
535 538
7 14
518 521
559 578
754 759
384 398
618 629
808 813
284 294
34 42
808 817
409 417
51 56
783 795
965 983
222 230
678 693
299 302
149 154
988 999
229 237
412 425
199 210
919 926
472 475
39 48
246 251
803 817
243 262
526 534
799 809
910 925
89 95
614 615
648 654
386 388
332 344
72 86
372 394
575 582
492 506
848 850
633 648
563 576
747 767
750 775
485 493
617 627
409 414
721 722
470 475
199 211
327 337
755 777
363 381
962 988
906 914
587 608
944 949
39 50
352 354
958 975
481 490
102 124
928 943
924 941
358 361
570 578
102 129
595 612
755 762
408 415
175 182
659 668
187 190
584 599
453 462
15 28
662 666
555 567
836 852
240 257
428 434
986 999
624 638
45 55
99 125
33 41
750 767
916 924
362 376
5 23
958 989
493 510
743 748
716 721
666 678
516 522
820 842
818 828
411 424
728 738
203 205
675 690
121 138
246 256
242 260
289 299
742 748
890 899
534 538
203 219
132 142
282 299
577 584
550 558
156 165
965 973
380 403
201 222
239 241
142 144
107 134
197 224
680 690
452 458
471 479
262 276
622 645
19 35
445 468
363 374
291 316
245 252
422 430
242 255
591 608
385 395
415 427
203 223
374 400
667 678
621 639
550 564
470 476
356 362
865 870
295 320
911 932
964 984
69 79
251 275
948 957
100 119
693 706
280 299
620 638
689 707
671 678
282 291
196 211
291 308
23 28
942 952
136 149
279 283
285 290
938 943
62 64
714 719
565 578
807 813
371 406
794 800
910 927
617 625
420 425
99 118
446 464
718 729
436 442
652 658
963 976
5 21
366 377
773 784
588 604
780 790
658 663
148 153
915 935
423 428
925 944
911 929
675 694
156 164
484 491
805 820
652 657
149 151
752 757
956 962
662 671
335 341
84 98
803 819
220 229
491 498
365 382
721 724
150 154
201 207
153 165
491 505
334 351
15 32
915 939
68 83
621 641
400 409
361 383
70 72
683 704
779 795
918 921
665 681
918 934
905 913
439 441
202 205
772 780
660 665
721 731
94 107
325 337
959 977
99 122
146 155
678 696
915 924
322 326
298 302
715 719
342 358
489 496
799 802
15 36
866 870
592 601
718 732
849 858
359 360
615 625
135 145
751 777
423 425
677 696
720 727
588 594
896 906
96 102
330 333
155 160
748 763
372 398
523 529
747 757
408 412
73 91
770 784
408 418
854 859
98 100
499 513
963 988
149 153
363 384
588 597
445 462
960 973
191 200
45 57
6 9
658 673
657 663
696 710
500 514
81 86
359 364
941 948
800 805
366 370
949 954
75 87
40 49
243 265
488 506
244 250
199 219
524 534
590 609
386 394
553 564
573 591
693 705
455 459
268 273
647 653
585 597
772 785
408 422
488 496
26 35
532 536
514 525
817 830
961 985
664 682
67 78
46 56
624 634
840 851
4 12
620 640
850 859
657 668
876 895
545 553
359 362
861 862
866 881
492 501
179 182
661 669
243 261
518 523
236 245
739 750
290 313
87 95
578 590
175 184
751 773
730 737
270 285
423 426
732 737
583 608
479 483
956 961
896 909
206 226
433 434
140 145
982 992
916 940
108 130
548 567
58 62
159 175
962 989
622 630
183 195
48 57
735 751
901 902
627 640
141 145
678 695
95 101
745 757
824 838
864 883
296 309
864 876
46 53
291 306
954 959
662 663
3 11
761 780
688 710
105 128
234 247
861 866
469 471
822 840
269 285
603 612
510 513
402 409
820 844
683 700
753 760
717 732
317 325
491 506
619 624
726 738
758 785
625 634
102 128
379 392
582 597
57 58
135 147
227 234
73 88
680 697
615 627
739 748
196 219
542 555
95 107
658 670
96 107
866 871
243 260
745 771
623 638
163 177
941 950
239 246
408 417
125 136
151 169
1 7
755 765
495 502
328 338
955 959
238 241
365 383
900 905
381 401
364 379
731 744
98 104
684 704
362 374
593 607
75 91
156 171
518 525
337 345
649 650
752 771
857 865
522 533
801 814
646 652
591 601
177 188
225 229
754 773
962 971
525 531
484 495
175 185
67 76
334 345
570 573
755 775
368 377
944 947
620 635
846 851
483 491
772 788
745 772
6 21
869 893
647 651
443 446
336 343
7 22
910 940
228 234
616 622
374 404
617 626
240 259
616 628
527 529
578 584
744 750
99 120
581 586
797 803
453 458
483 494
748 757
77 87
287 293
44 45
399 408
945 946
23 27
552 568
577 593
990 994
717 733
798 808
395 407
708 713
273 282
747 760
378 387
71 87
347 356
82 90
862 872
407 419
983 993
807 812
295 311
271 288
819 834
7 11
409 410
664 685
957 965
530 538
283 297
722 737
389 408
425 438
200 216
354 368
267 277
616 629
905 915
690 705
654 657
13 32
588 598
137 147
409 415
295 323
492 512
733 741
116 136
694 708
296 323
241 259
958 970
613 618
99 112
863 884
520 521
360 382
867 872
294 315
911 935
51 55
466 472
781 794
959 987
674 704
682 696
899 904
667 675
292 321
100 130
683 695
916 920
669 685
699 710
471 474
440 448
746 761
627 638
456 473
382 389
489 510
948 953
813 836
555 569
103 112
712 717
486 492
718 723
201 220
918 935
174 179
280 294
359 363
325 334
296 313
65 68
799 803
271 281
914 921
278 281
875 888
180 185
711 719
987 995
850 857
297 305
255 272
379 400
329 338
819 830
798 802
309 328
505 520
350 354
675 688
822 838
619 623
654 656
672 675
78 85
782 790
147 155
70 81
365 374
579 584
814 827
618 623
86 96
960 986
857 866
631 647
144 154
60 61
107 112
915 929
243 263
868 890
585 603
292 308
656 669
192 197
729 744
579 586
487 505
40 46
390 407
285 299
244 255
863 882
867 881
155 172
908 913
326 334
721 727
871 892
472 476
792 798
295 312
106 127
547 569
8 21
475 486
713 717
35 44
545 549
21 30
240 264
908 911
11 30
941 947
8 26
579 585
407 412
151 163
291 310
108 118
489 503
478 481
203 206
931 944
480 484
673 674
291 311
858 865
38 50
953 962
277 287
957 960
115 136
570 576
553 559
337 353
859 863
235 247
412 428
720 722
191 196
358 365
755 764
292 309
248 254
376 392
863 885
588 603
917 922
818 847
748 775
360 375
295 304
755 757
955 965
272 288
443 451
338 346
437 441
581 584
290 316
224 233
239 243
617 620
508 516
34 39
683 694
818 832
554 567
791 800
485 490
872 888
904 913
713 720
863 883
202 207
701 709
552 567
412 430
706 711
355 366
68 79
946 956
624 631
719 728
225 227
15 29
52 53
382 404
754 760
629 630
805 816
14 37
67 71
296 314
481 493
754 757
370 401
801 813
367 378
472 480
327 335
919 939
365 373
675 702
726 741
977 1000
486 493
254 272
476 485
878 887
586 603
98 99
811 837
638 646
554 568
866 877
986 995
569 580
424 437
140 143
443 450
891 897
580 586
329 336
216 229
331 335
186 191
524 535
280 295
862 883
325 339
78 84
246 262
419 429
727 744
65 67
233 236
903 910
492 509
965 985
452 460
373 405
661 673
860 862
280 298
313 329
268 272
727 734
808 816
913 922
611 619
291 314
245 261
103 127
369 373
196 208
107 123
101 118
104 129
383 396
587 605
18 32
879 889
428 438
650 659
619 621
567 581
337 350
828 851
5 22
985 1000
680 696
753 764
273 281
629 642
951 956
659 663
831 854
222 231
238 247
496 514
754 771
796 808
743 753
942 949
792 800
832 855
11 35
639 648
502 517
499 520
579 589
907 912
983 992
191 201
877 887
790 799
242 265
568 573
364 380
194 203
712 720
673 677
492 510
153 173
625 635
812 846
5 25
94 105
3 18
271 285
364 374
495 505
681 691
217 230
443 447
251 278
293 317
442 450
614 616
5 13
475 485
798 809
767 786
581 592
8 19
494 506
421 431
537 542
270 289
684 694
979 993
680 700
242 259
367 384
108 124
978 999
560 579
37 43
299 320
203 220
11 31
579 592
152 159
708 716
156 172
199 216
420 429
492 500
751 765
97 102
336 344
821 827
941 949
513 523
735 752
7 20
452 456
246 252
76 91
199 205
245 268
54 60
751 759
408 423
109 137
229 234
323 331
527 530
112 141
691 706
69 74
296 310
806 815
916 936
769 779
281 300
494 503
426 437
515 524
723 742
797 809
68 78
198 225
960 970
925 945
289 290
586 601
827 853
841 852
574 592
950 957
681 700
503 516
749 764
960 972
158 160
33 43
248 268
2 4
292 323
384 388
493 499
824 826
732 743
497 518
615 629
296 306
448 458
297 319
294 311
702 705
228 238
479 484
774 786
85 93
747 775
902 915
943 952
928 941
413 433
100 132
154 169
173 180
198 223
677 703
236 240
205 233
661 665
86 95
289 292
354 365
798 801
912 924
905 911
622 631
685 690
256 279
768 782
378 393
623 645
306 327
178 184
728 743
961 978
547 568
243 267
368 373
882 891
964 976
769 788
447 456
149 157
739 745
584 598
747 772
659 672
408 416
620 637
616 620
986 998
163 178
34 41
149 152
916 939
963 983
718 730
754 765
729 739
375 393
50 53
774 787
155 171
335 342
507 519
905 912
47 54
180 181
917 923
242 251
369 385
99 119
91 95
495 508
378 399
230 234
3 17
56 58
306 326
67 81
491 500
746 771
966 989
811 847
184 194
450 461
958 982
652 660
412 427
905 919
99 127
543 554
244 260
364 372
870 888
446 463
258 279
90 98
900 908
947 957
485 492
22 27
745 763
965 988
964 991
639 646
173 176
383 400
114 137
580 589
749 768
578 582
573 586
628 641
729 742
284 297
117 137
108 132
201 205
962 979
724 734
104 110
825 849
416 424
202 208
537 541
178 182
823 825
945 951
744 754
812 838
378 390
813 825
445 463
720 728
455 468
104 111
865 869
420 428
964 971
8 25
371 405
100 124
471 477
599 614
495 503
14 35
612 619
179 189
167 180
592 597
69 81
627 637
351 358
241 258
589 600
70 79
100 128
247 265
283 292
120 135
960 976
966 988
765 780
277 283
263 274
261 272
197 212
683 701
246 260
193 203
908 914
264 276
59 63
256 272
40 47
194 197
25 30
593 604
845 850
822 837
429 434
895 900
107 127
808 812
909 916
807 821
54 58
864 873
300 310
858 867
333 349
369 372
814 847
101 109
493 511
424 438
554 562
156 159
444 450
369 380
863 870
822 843
8 10
547 566
231 238
582 605
91 94
328 339
964 970
224 227
158 164
292 306
314 328
6 19
3 16
63 65
725 742
412 426
668 680
778 779
797 802
573 592
320 330
969 1000
200 218
964 972
612 618
39 45
274 280
918 939
964 983
620 636
273 284
196 213
679 699
488 504
196 214
464 471
677 697
248 252
629 636
719 723
963 970
961 972
371 402
68 74
195 202
129 139
862 881
415 428
280 300
238 243
440 454
283 296
353 356
563 574
964 967
158 171
548 570
584 601
512 516
202 213
293 303
591 605
106 123
17 35
172 178
35 41
723 734
705 714
275 284
751 774
798 806
661 672
396 407
165 176
620 639
245 265
620 645
676 698
34 40
108 127
494 500
627 634
179 187
533 538
625 631
232 234
675 686
488 511
297 313
542 550
719 729
373 399
559 579
102 112
34 44
483 489
808 815
715 717
303 331
753 771
657 670
444 445
228 235
671 681
286 292
674 696
629 633
213 230
104 124
730 739
280 292
539 542
739 747
257 278
664 675
748 769
647 650
935 944
378 388
136 150
669 682
455 467
201 206
154 162
946 957
562 579
865 877
822 836
819 835
955 958
41 52
793 800
484 488
4 17
4 26
853 860
104 123
300 311
328 337
71 90
448 465
772 782
577 585
276 285
416 433
139 147
656 664
385 400
862 875
277 286
745 778
430 438
756 784
152 165
804 817
246 267
106 115
744 747
87 98
590 595
862 880
292 316
492 503
6 14
199 221
442 452
94 99
555 560
435 444
454 461
589 606
90 95
141 146
779 791
296 308
178 188
451 462
549 565
41 50
714 721
872 892
455 456
301 325
198 220
912 929
291 304
237 247
867 883
541 552
43 45
117 135
961 974
621 633
326 332
899 908
494 508
13 35
834 852
141 148
565 576
514 528
680 692
303 328
336 348
385 405
919 936
544 555
84 96
333 348
564 579
899 907
203 218
414 432
367 375
370 397
575 593
268 275
328 335
438 442
826 850
922 941
748 774
168 178
730 741
335 340
758 786
351 354
276 280
226 237
343 359
811 835
176 186
157 162
202 218
98 102
673 680
335 353
384 392
105 110
915 938
317 329
494 504
775 787
249 260
481 492
792 796
96 108
833 850
336 341
291 303
5 16
806 821
477 483
912 939
541 554
740 747
717 729
598 611
107 130
8 18
464 472
247 266
347 359
88 93
949 956
988 998
677 700
153 169
407 423
748 773
472 479
559 581
820 829
744 749
501 516
539 546
865 871
575 583
615 628
618 620
426 439
960 977
359 361
865 884
295 317
33 40
579 583
103 131
684 696
4 11
451 457
339 348
286 297
668 677
627 641
496 517
679 686
287 296
894 896
748 760
914 939
35 42
332 343
661 668
97 103
102 130
966 980
538 542
618 621
754 774
64 69
241 268
449 468
914 937
748 777
480 486
362 375
500 519
150 153
805 813
794 798
1 5
784 794
359 365
445 465
867 876
857 863
128 136
737 754
657 673
294 305
331 332
596 613
11 34
656 667
98 103
64 70
957 961
295 302
69 77
741 750
51 54
781 793
869 891
622 634
186 194
676 691
72 84
214 226
914 933
900 907
643 646
409 411
906 911
126 142
165 175
584 606
747 770
25 27
489 504
958 987
560 576
552 565
915 940
240 256
253 276
944 952
106 125
822 832
602 611
817 831
373 390
746 765
177 189
907 914
195 196
288 293
235 240
966 977
735 745
268 274
910 930
540 542
955 963
495 500
670 674
360 383
864 871
615 624
363 376
580 591
671 680
939 943
156 170
680 704
621 645
865 879
356 366
61 66
822 834
332 342
639 649
822 829
362 371
386 401
151 172
214 228
560 574
487 500
294 302
270 287
526 532
956 960
788 795
506 517
223 230
808 822
79 91
572 588
19 28
495 499
813 843
796 810
197 217
99 133
553 556
629 637
68 72
954 962
276 288
175 186
461 470
207 230
748 770
926 944
943 946
759 787
28 44
572 583
374 399
332 350
462 472
164 178
954 963
99 121
678 690
12 36
824 836
747 763
554 559
33 39
511 515
94 100
962 969
579 593
286 296
717 728
103 120
385 401
646 655
581 588
176 183
955 960
363 379
237 246
818 846
77 86
266 276
819 826
488 502
15 30
593 594
376 403
514 526
360 379
953 965
595 613
154 174
919 934
339 345
561 572
107 129
557 581
626 644
195 198
713 721
973 998
884 895
44 48
869 890
278 282
337 342
778 787
527 532
431 438
296 320
571 589
824 844
407 420
697 710
962 987
296 319
144 155
59 61
495 509
294 310
443 453
678 699
476 483
661 666
647 652
966 974
750 760
621 643
809 818
124 137
67 80
809 815
158 169
856 860
863 886
183 194
718 728
550 560
139 144
865 885
431 436
244 268
700 705
718 731
658 669
963 990
835 849
93 105
815 836
806 816
894 899
199 209
439 443
364 381
785 795
479 481
436 440
313 330
337 343
446 458
937 945
510 518
904 911
527 535
367 372
277 289
486 490
22 28
28 41
378 389
151 173
973 994
881 893
663 682
238 248
177 186
24 29
284 299
136 145
625 632
39 46
225 228
621 634
674 689
105 117
284 293
259 276
613 615
785 791
420 426
295 310
439 442
777 782
815 830
137 150
296 312
488 505
749 761
50 56
183 192
635 647
677 704
799 807
586 607
648 653
136 147
41 46
384 397
408 413
613 619
985 992
101 125
115 141
460 470
295 315
153 160
263 279
918 920
333 340
551 568
245 263
260 274
538 545
985 994
864 885
330 334
699 708
282 298
246 250
29 44
408 414
916 928
177 187
5 12
547 558
907 915
75 90
538 544
376 387
137 148
795 799
686 708
202 225
962 972
940 941
749 776
674 698
343 355
379 389
286 290
497 514
723 741
736 747
749 773
886 891
383 397
154 167
184 190
191 198
383 403
358 367
107 122
241 257
667 683
903 918
368 374
441 445
541 550
958 976
140 149
741 751
332 345
677 688
551 566
436 444
661 664
632 646
248 264
159 176
343 354
464 473
952 955
747 773
753 758
900 902
726 742
684 687
955 961
332 348
510 520
377 403
502 515
203 208
444 447
293 314
593 599
516 525
449 467
442 453
63 64
774 782
548 566
377 390
138 144
862 885
89 93
101 128
568 572
450 465
420 431
611 617
485 494
984 1000
306 328
786 792
823 831
96 104
798 805
978 992
106 109
357 361
636 648
940 944
736 748
278 287
537 544
914 938
491 496
45 56
786 791
424 435
734 755
863 877
442 454
185 193
175 189
626 632
575 585
819 841
820 828
67 74
23 34
592 600
241 252
660 673
711 720
933 944
529 540
287 294
409 412
377 396
85 94
354 362
293 319
402 408
208 230
374 387
67 79
676 692
912 923
724 738
473 474
188 192
203 212
676 703
528 530
532 540
221 233
873 887
4 19
896 904
154 166
884 892
521 532
950 956
914 925
418 432
815 841
824 832
704 707
106 113
945 948
889 896
485 488
751 760
683 691
833 856
487 507
618 628
77 85
106 117
865 875
900 903
157 173
557 578
384 402
689 705
942 946
777 785
891 900
781 792
298 317
918 926
70 76
817 847
517 523
589 605
571 588
291 322
498 514
490 498
249 263
299 303
902 918
878 889
963 969
757 784
748 766
72 91
448 456
624 640
966 983
334 343
810 816
857 864
750 774
102 115
659 670
446 468
924 943
335 349
701 710
271 282
295 324
852 861
352 355
448 460
182 191
235 245
299 307
492 497
805 823
187 192
31 40
668 684
407 414
579 582
386 399
332 349
785 790
607 611
303 325
681 698
119 139
264 279
338 343
295 319
227 237
812 826
692 708
255 278
760 779
868 892
200 204
540 545
622 644
200 211
198 204
358 368
892 898
451 465
210 227
590 610
563 573
82 84
204 227
980 996
692 707
172 180
737 748
314 327
476 486
826 851
315 330
550 563
466 473
706 715
584 605
259 272
153 159
954 965
433 435
386 393
821 835
936 941
299 304
291 315
367 386
353 354
685 697
621 632
103 128
699 707
101 120
555 558
710 713
523 532
92 96
146 156
449 456
80 88
199 207
962 984
407 413
943 947
815 831
501 519
199 218
662 669
243 256
720 729
451 469
198 214
983 998
31 38
909 917
379 405
254 269
551 557
46 54
752 764
245 260
440 453
197 219
305 328
94 103
617 621
800 802
864 868
649 652
88 94
678 689
483 490
863 868
440 452
572 592
381 403
823 838
983 1000
590 601
494 512
920 942
615 621
671 683
678 691
407 416
37 38
297 309
282 294
4 20
521 533
783 791
198 206
497 515
25 32
811 827
293 304
685 703
667 682
663 678
4 24
234 249
991 998
197 211
820 835
624 643
913 925
818 838
431 434
357 365
535 536
141 143
608 614
552 557
663 684
195 200
761 785
339 351
179 183
473 477
157 169
705 713
297 321
377 387
487 499
246 261
27 39
47 53
384 404
298 322
276 286
755 763
452 464
180 187
69 75
90 93
241 255
276 282
165 180
328 336
693 707
160 178
759 788
228 237
358 363
245 258
519 522
896 907
544 553
202 215
435 441
357 363
957 959
797 801
196 220
170 175
62 66
750 759
870 890
105 119
373 403
527 531
771 784
153 174
611 616
797 807
811 831
108 113
326 339
369 370
240 268
292 315
832 850
677 699
357 369
734 751
107 117
155 161
383 387
32 40
611 618
290 304
658 665
249 254
961 987
239 242
964 979
179 185
588 606
274 289
409 416
36 42
717 727
954 966
519 523
481 494
780 792
564 577
382 390
970 995
406 407
724 740
300 319
408 411
960 967
973 995
154 159
340 357
545 555
24 37
506 516
233 235
864 886
210 226
977 993
550 569
914 922
202 206
272 281
747 756
155 173
630 648
936 942
327 332
681 701
518 526
610 613
442 447
899 906
297 315
298 301
957 958
811 834
437 444
201 225
236 249
898 904
753 765
318 330
680 689
564 572
918 932
93 104
242 267
61 65
914 935
284 290
385 404
547 567
295 313
581 583
483 495
550 562
603 613
958 981
444 448
339 347
797 810
95 108
580 593
549 566
714 720
84 97
356 363
960 982
711 721
543 555
835 856
756 787
249 258
384 390
157 166
167 175
867 880
42 46
966 967
489 511
102 132
172 179
101 117
93 106
257 273
678 702
707 711
383 402
736 750
593 603
575 589
869 889
338 348
962 983
297 314
367 379
907 913
866 883
695 705
509 518
360 372
41 47
585 600
672 683
442 448
448 469
38 46
613 617
897 905
958 983
882 889
367 371
293 301
343 356
592 608
336 347
714 718
25 28
197 216
451 464
539 541
355 360
212 232
237 240
684 697
43 52
916 935
755 774
138 148
749 774
937 941
675 691
478 483
140 150
183 193
941 952
3 22
18 28
288 300
824 843
141 150
296 316
6 13
819 844
145 157
194 198
625 645
43 48
317 326
587 603
812 847
557 574
290 318
240 260
423 429
763 788
92 93
831 850
429 437
364 371
748 759
756 781
723 743
679 702
216 231
19 32
866 873
670 685
325 333
795 798
105 116
621 630
292 312
531 536
890 896
513 526
12 33
929 941
330 332
106 122
516 527
19 30
407 422
380 400
197 222
958 980
449 460
574 593
283 298
979 999
584 609
866 869
580 584
452 462
363 378
297 312
800 804
811 833
660 668
102 122
622 641
599 611
144 158
912 931
473 475
139 145
158 162
583 606
640 649
964 973
422 427
542 549
796 804
726 735
914 920
679 698
26 31
965 975
559 576
802 811
928 945
435 440
179 184
865 876
563 577
564 581
791 796
832 856
105 112
142 143
567 571
256 277
157 160
537 546
821 840
365 371
10 28
591 594
800 806
818 825
80 84
69 72
116 141
365 376
454 468
502 519
862 882
427 437
407 421
450 457
515 528
962 970
959 982
314 330
683 696
247 267
883 889
197 206
552 561
234 242
144 157
358 364
803 816
879 887
292 324
99 117
332 341
585 604
566 581
558 579
912 935
981 998
248 266
570 577
542 554
337 340
577 587
108 114
854 861
683 686
729 740
127 139
619 625
730 743
335 351
306 331
732 739
495 510
203 204
433 436
240 266
253 277
919 935
361 378
194 201
225 226
584 607
180 186
806 824
152 160
667 684
576 587
99 116
246 254
903 917
102 123
227 239
805 819
822 847
964 986
12 28
293 302
67 77
335 345
4 23
6 24
453 463
2 3
802 820
546 552
918 925
666 676
72 88
883 888
145 152
813 827
408 419
544 549
682 699
752 770
678 703
764 780
580 585
329 335
737 747
155 169
725 736
803 818
143 158
80 92
477 485
584 600
831 851
74 90
799 804
890 901
241 254
687 708
176 185
229 235
616 625
810 818
685 688
292 313
417 433
426 438
678 704
749 771
796 805
616 626
907 910
322 331
572 590
71 91
654 659
337 344
513 525
135 148
71 89
799 806
229 238
79 87
905 916
664 674
457 473
717 730
958 991
814 837
351 359
874 892
29 41
615 622
197 205
256 274
234 246
546 551
196 224
673 683
960 981
339 342
166 176
120 139
385 397
296 301
963 978
591 597
682 703
201 213
685 691
489 505
66 67
67 82
426 436
821 830
76 84
152 173
776 782
860 866
178 183
198 216
855 859
482 493
261 274
966 981
121 137
239 245
132 136
962 981
853 861
252 279
253 275
39 49
105 118
567 577
504 519
200 209
246 259
986 997
199 224
656 665
184 191
237 248
942 951
864 869
854 857
787 792
532 538
138 143
818 834
561 575
885 890
794 797
236 248
248 253
232 239
299 312
701 706
846 853
679 694
824 845
182 195
487 509
451 459
10 32
381 389
384 406
263 269
725 741
133 136
767 780
336 340
771 785
603 614
821 842
306 325
522 534
790 798
194 196
6 26
788 790
897 907
580 588
270 284
904 912
917 939
30 42
684 693
99 123
549 557
86 97
554 557
737 752
187 194
671 677
514 521
801 819
386 390
787 791
8 12
237 245
27 41
870 891
775 786
377 393
809 823
542 553
97 104
911 931
738 746
295 306
447 461
819 828
807 819
959 981
961 986
853 858
7 24
94 108
656 666
42 50
814 835
723 744
734 749
196 209
556 575
168 177
437 440
940 942
652 659
48 54
589 607
261 271
374 402
625 639
168 180
81 88
952 953
591 599
193 198
577 589
255 275
591 609
670 676
963 984
608 611
590 607
834 849
493 503
243 255
292 301
14 32
509 516
345 359
865 873
198 208
864 880
868 888
452 465
806 820
749 766
809 819
95 102
827 856
14 30
750 768
331 334
816 830
725 734
8 15
847 852
156 166
118 137
628 632
348 354
25 33
867 882
794 796
104 117
474 485
664 678
7 12
843 849
685 689
810 817
961 988
963 989
488 499
68 81
530 540
279 287
877 888
444 449
787 790
705 716
756 789
244 266
520 522
201 214
648 650
67 83
417 426
897 908
660 671
268 270
964 982
372 400
189 194
386 400
775 784
976 997
53 60
822 839
817 840
868 894
677 687
361 385
912 940
982 1000
88 98
272 282
451 463
100 115
851 861
743 755
917 927
241 253
198 224
137 149
152 172
66 68
415 424
798 804
828 853
722 739
560 581
745 760
815 838
238 240
544 548
655 661
201 224
83 85
746 770
959 969
877 894
172 175
102 125
196 222
334 352
295 318
174 177
525 533
491 499
820 841
719 731
411 431
682 686
286 298
327 334
936 945
41 45
113 140
369 383
753 776
816 843
862 878
728 736
55 60
622 643
77 90
749 775
822 828
646 654
74 86
754 766
721 730
436 441
658 672
196 218
342 359
26 30
660 669
199 223
148 151
677 702
238 242
451 461
581 590
297 310
366 383
326 336
567 572
142 147
111 137
673 681
293 313
958 978
282 300
645 647
666 679
69 83
918 923
700 710
745 759
328 334
107 128
751 768
346 355
514 523
538 541
13 27
49 57
600 612
470 480
69 76
972 995
560 572
739 753
86 93
830 851
244 254
200 223
755 760
68 75
546 550
235 243
68 76
556 578
962 990
364 382
628 638
282 293
519 527
987 1000
897 902
188 191
8 11
147 158
652 656
540 544
747 768
719 725
592 595
368 376
384 389
371 393
182 193
298 306
529 539
420 430
248 267
878 890
804 819
788 791
817 827
880 891
970 999
863 874
956 958
516 526
612 615
143 152
708 715
131 137
914 936
276 281
76 89
650 658
768 784
290 305
103 126
649 651
629 631
555 568
70 75
975 995
146 153
300 303
155 159
842 852
157 165
462 470
448 459
627 636
864 877
905 914
516 528
666 675
241 262
823 835
555 566
14 33
551 559
9 37
517 521
448 466
901 909
921 945
961 984
116 138
369 378
865 868
867 878
3 23
394 408
682 694
102 110
623 644
482 489
820 837
672 682
503 520
488 509
312 330
799 801
135 146
707 715
810 815
393 409
576 586
252 278
750 773
377 406
627 633
482 488
587 597
139 143
637 649
919 920
730 740
616 624
954 958
412 431
536 545
334 341
590 600
685 687
915 920
822 842
383 390
152 174
361 384
474 484
348 357
561 578
223 232
586 608
909 918
14 28
107 124
719 726
298 321
511 516
814 845
826 855
915 930
953 960
915 922
211 231
680 695
564 574
296 303
242 268
655 662
452 457
539 543
300 323
881 891
298 314
370 390
965 980
293 321
7 9
679 701
517 522
128 139
709 711
811 841
39 52
784 790
153 161
911 938
740 755
517 527
8 9
743 749
665 680
790 800
972 998
731 735
432 438
712 718
766 784
918 931
138 145
87 97
204 233
379 395
894 897
729 734
292 322
185 191
804 820
556 572
230 235
601 613
70 77
709 716
196 223
338 352
446 469
196 212
371 394
746 777
664 676
334 344
501 518
977 999
543 548
685 695
695 710
49 53
966 971
392 409
660 663
461 472
753 761
421 427
197 215
863 879
363 372
381 394
823 839
979 998
153 163
7 21
444 446
507 515
6 11
454 467
959 979
294 321
244 258
220 231
773 781
588 608
821 832
137 143
983 996
822 825
327 338
40 51
549 561
884 893
195 197
747 774
455 466
447 465
102 134
323 329
162 177
30 41
203 214
684 702
375 391
357 364
200 212
816 831
760 782
370 404
641 647
101 132
746 759
260 279
740 749
793 797
541 551
38 48
839 854
626 630
963 979
769 786
333 347
875 894
801 815
107 109
677 692
349 354
455 463
721 729
205 231
356 369
852 860
626 635
91 96
144 151
203 221
622 639
674 703
197 214
910 934
377 394
487 503
808 811
200 217
534 537
627 639
93 102
491 497
850 860
316 326
491 507
741 752
961 981
290 306
824 828
519 526
566 578
261 278
872 895
752 767
774 783
293 307
622 642
718 724
154 160
287 290
922 942
373 404
250 273
288 292
334 353
78 91
815 827
829 850
381 405
374 401
699 705
307 330
149 158
104 116
828 849
958 986
810 820
360 373
330 339
830 853
816 827
917 938
676 689
75 85
570 572
338 353
108 116
575 586
198 218
329 332
548 569
415 429
525 530
866 880
542 547
412 424
913 933
550 568
362 381
407 417
485 487
879 895
808 823
422 429
202 214
5 15
422 432
895 898
862 877
736 753
13 28
982 998
825 856
676 696
370 394
49 54
915 927
175 188
185 195
368 381
860 863
965 976
107 126
848 853
519 524
290 303
552 570
808 818
802 822
698 708
423 424
963 987
419 431
949 955
491 503
880 890
25 31
960 988
907 911
916 921
106 119
16 34
302 329
669 675
189 190
628 640
141 144
373 397
635 649
509 514
357 362
297 301
198 221
246 263
352 358
825 852
581 591
560 580
38 52
99 130
783 790
966 982
748 761
106 118
654 661
285 293
451 456
146 157
123 141
791 799
913 935
755 770
751 770
684 688
298 316
377 391
679 700
679 687
871 891
196 210
490 506
755 759
354 364
836 850
294 304
567 576
543 549
226 238
486 489
146 158
759 786
782 791
37 40
853 857
548 557
193 202
884 887
156 162
656 671
586 600
368 372
765 784
665 679
487 504
224 230
100 120
332 353
817 833
813 842
5 26
674 692
100 109
730 734
961 990
492 502
244 252
884 888
747 778
671 685
731 739
279 286
12 27
740 754
625 640
292 318
950 954
753 762
100 111
459 472
367 373
748 772
447 457
510 516
762 780
882 890
627 630
637 647
512 513
905 910
244 256
651 661
641 648
243 266
440 449
22 34
202 219
657 669
266 279
501 513
36 44
267 275
245 259
304 330
918 922
47 57
817 828
930 941
512 515
137 144
369 374
944 950
106 126
555 556
730 738
927 945
950 955
499 519
110 139
550 565
17 28
503 517
544 547
376 390
764 784
28 43
484 489
748 764
958 985
177 181
749 765
626 636
671 675
344 356
475 481
243 250
364 370
190 202
189 192
335 350
459 470
145 153
416 429
263 276
769 787
852 857
800 807
656 670
355 361
624 635
959 978
590 606
551 570
915 923
247 251
139 149
572 593
271 286
199 212
723 736
818 844
804 814
917 924
412 432
690 709
246 264
368 383
813 834
910 935
375 402
143 156
840 852
152 163
368 386
382 396
668 678
990 992
746 762
798 810
867 873
727 735
361 386
918 928
545 547
182 194
102 131
672 685
816 833
449 462
187 195
573 585
548 568
965 981
386 402
628 634
804 813
248 261
806 811
615 623
961 977
101 130
675 696
609 614
424 436
669 679
764 783
3 12
805 822
281 295
953 963
680 703
764 788
616 627
290 314
312 329
912 921
485 495
867 884
37 42
486 488
952 954
106 128
732 744
420 427
447 469
809 816
4 18
21 28
368 380
123 136
298 313
411 426
339 349
552 563
286 294
314 331
70 71
500 513
681 699
680 701
355 368
675 698
20 36
661 663
244 253
587 609
980 997
575 591
710 711
503 514
106 130
362 378
588 607
899 903
867 877
272 283
79 85
638 647
684 689
505 513
935 945
105 109
349 359
962 968
107 118
241 266
476 482
415 432
742 750
912 922
751 762
755 771
81 90
146 152
819 831
409 413
265 273
652 662
554 560
376 397
246 255
267 272
583 609
29 40
361 381
279 288
697 705
911 937
889 899
84 95
290 311
106 111
104 131
524 533
856 859
233 234
814 848
65 70
917 940
66 69
378 398
926 945
979 994
132 140
101 116
293 306
144 152
967 995
823 829
586 605
245 253
554 556
676 694
823 830
11 37
281 294
568 580
82 88
43 47
108 111
201 209
838 854
550 556
754 764
664 679
827 850
552 564
20 31
16 33
566 572
398 408
509 520
203 215
369 371
866 874
201 221
471 478
240 267
265 270
846 855
913 936
658 666
804 821
919 931
892 901
495 511
749 767
31 43
511 519
750 772
276 284
333 350
893 900
863 869
878 893
102 111
191 203
621 642
248 262
557 575
96 99
463 473
135 150
759 781
543 547
515 525
279 282
594 614
348 359
962 982
155 168
245 266
149 156
243 253
156 160
916 938
181 191
821 843
869 895
917 920
675 692
96 100
962 978
769 780
347 358
457 470
695 707
941 951
94 106
210 228
747 769
609 611
196 216
598 612
455 462
803 813
923 942
102 127
508 519
857 867
747 759
373 402
669 683
719 727
182 190
201 211
383 389
333 352
820 833
964 985
8 23
184 192
968 997
595 614
247 254
619 620
574 584
665 675
625 630
403 407
878 891
740 751
254 273
33 44
103 111
486 487
796 809
354 367
384 396
808 814
959 971
301 326
38 51
192 202
883 891
490 511
665 684
361 375
200 206
290 312
330 336
274 286
754 758
102 113
375 401
960 985
489 509
897 906
95 99
416 428
214 229
140 144
964 990
336 352
