1000 5000 50
11 21 21 21 21 21 21 21 21 21 21 21 21 21 21 21 21 21 21 21 20 20 20 20 20 20 20 20 20 20 20 20 20 20 20 20 20 20 20 20 20 20 20 20 20 20 20 20 20 10 
1 12
12 33
33 54
54 75
75 96
96 117
117 138
138 159
159 180
180 201
201 222
222 243
243 264
264 285
285 306
306 327
327 348
348 369
369 390
390 411
411 431
431 451
451 471
471 491
491 511
511 531
531 551
551 571
571 591
591 611
611 631
631 651
651 671
671 691
691 711
711 731
731 751
751 771
771 791
791 811
811 831
831 851
851 871
871 891
891 911
911 931
931 951
951 971
971 991
972 991
952 972
932 952
912 932
892 912
872 892
852 872
832 852
812 832
792 812
772 792
752 772
732 752
712 732
692 712
672 692
652 672
632 652
612 632
592 612
572 592
552 572
532 552
512 532
492 512
472 492
452 472
432 452
412 432
391 412
370 391
349 370
328 349
307 328
286 307
265 286
244 265
223 244
202 223
181 202
160 181
139 160
118 139
97 118
76 97
55 76
34 55
13 34
2 13
2 14
14 35
35 56
56 77
77 98
98 119
119 140
140 161
161 182
182 203
203 224
224 245
245 266
266 287
287 308
308 329
329 350
350 371
371 392
392 413
413 433
433 453
453 473
473 493
493 513
513 533
533 553
553 573
573 593
593 613
613 633
633 653
653 673
673 693
693 713
713 733
733 753
753 773
773 793
793 813
813 833
833 853
853 873
873 893
893 913
913 933
933 953
953 973
973 992
974 992
954 974
934 954
914 934
894 914
874 894
854 874
834 854
814 834
794 814
774 794
754 774
734 754
714 734
694 714
674 694
654 674
634 654
614 634
594 614
574 594
554 574
534 554
514 534
494 514
474 494
454 474
434 454
414 434
393 414
372 393
351 372
330 351
309 330
288 309
267 288
246 267
225 246
204 225
183 204
162 183
141 162
120 141
99 120
78 99
57 78
36 57
15 36
3 15
3 16
16 37
37 58
58 79
79 100
100 121
121 142
142 163
163 184
184 205
205 226
226 247
247 268
268 289
289 310
310 331
331 352
352 373
373 394
394 415
415 435
435 455
455 475
475 495
495 515
515 535
535 555
555 575
575 595
595 615
615 635
635 655
655 675
675 695
695 715
715 735
735 755
755 775
775 795
795 815
815 835
835 855
855 875
875 895
895 915
915 935
935 955
955 975
975 993
976 993
956 976
936 956
916 936
896 916
876 896
856 876
836 856
816 836
796 816
776 796
756 776
736 756
716 736
696 716
676 696
656 676
636 656
616 636
596 616
576 596
556 576
536 556
516 536
496 516
476 496
456 476
436 456
416 436
395 416
374 395
353 374
332 353
311 332
290 311
269 290
248 269
227 248
206 227
185 206
164 185
143 164
122 143
101 122
80 101
59 80
38 59
17 38
4 17
4 18
18 39
39 60
60 81
81 102
102 123
123 144
144 165
165 186
186 207
207 228
228 249
249 270
270 291
291 312
312 333
333 354
354 375
375 396
396 417
417 437
437 457
457 477
477 497
497 517
517 537
537 557
557 577
577 597
597 617
617 637
637 657
657 677
677 697
697 717
717 737
737 757
757 777
777 797
797 817
817 837
837 857
857 877
877 897
897 917
917 937
937 957
957 977
977 994
978 994
958 978
938 958
918 938
898 918
878 898
858 878
838 858
818 838
798 818
778 798
758 778
738 758
718 738
698 718
678 698
658 678
638 658
618 638
598 618
578 598
558 578
538 558
518 538
498 518
478 498
458 478
438 458
418 438
397 418
376 397
355 376
334 355
313 334
292 313
271 292
250 271
229 250
208 229
187 208
166 187
145 166
124 145
103 124
82 103
61 82
40 61
19 40
5 19
5 20
20 41
41 62
62 83
83 104
104 125
125 146
146 167
167 188
188 209
209 230
230 251
251 272
272 293
293 314
314 335
335 356
356 377
377 398
398 419
419 439
439 459
459 479
479 499
499 519
519 539
539 559
559 579
579 599
599 619
619 639
639 659
659 679
679 699
699 719
719 739
739 759
759 779
779 799
799 819
819 839
839 859
859 879
879 899
899 919
919 939
939 959
959 979
979 995
980 995
960 980
940 960
920 940
900 920
880 900
860 880
840 860
820 840
800 820
780 800
760 780
740 760
720 740
700 720
680 700
660 680
640 660
620 640
600 620
580 600
560 580
540 560
520 540
500 520
480 500
460 480
440 460
420 440
399 420
378 399
357 378
336 357
315 336
294 315
273 294
252 273
231 252
210 231
189 210
168 189
147 168
126 147
105 126
84 105
63 84
42 63
21 42
6 21
6 22
22 43
43 64
64 85
85 106
106 127
127 148
148 169
169 190
190 211
211 232
232 253
253 274
274 295
295 316
316 337
337 358
358 379
379 400
400 421
421 441
441 461
461 481
481 501
501 521
521 541
541 561
561 581
581 601
601 621
621 641
641 661
661 681
681 701
701 721
721 741
741 761
761 781
781 801
801 821
821 841
841 861
861 881
881 901
901 921
921 941
941 961
961 981
981 996
982 996
962 982
942 962
922 942
902 922
882 902
862 882
842 862
822 842
802 822
782 802
762 782
742 762
722 742
702 722
682 702
662 682
642 662
622 642
602 622
582 602
562 582
542 562
522 542
502 522
482 502
462 482
442 462
422 442
401 422
380 401
359 380
338 359
317 338
296 317
275 296
254 275
233 254
212 233
191 212
170 191
149 170
128 149
107 128
86 107
65 86
44 65
23 44
7 23
7 24
24 45
45 66
66 87
87 108
108 129
129 150
150 171
171 192
192 213
213 234
234 255
255 276
276 297
297 318
318 339
339 360
360 381
381 402
402 423
423 443
443 463
463 483
483 503
503 523
523 543
543 563
563 583
583 603
603 623
623 643
643 663
663 683
683 703
703 723
723 743
743 763
763 783
783 803
803 823
823 843
843 863
863 883
883 903
903 923
923 943
943 963
963 983
983 997
984 997
964 984
944 964
924 944
904 924
884 904
864 884
844 864
824 844
804 824
784 804
764 784
744 764
724 744
704 724
684 704
664 684
644 664
624 644
604 624
584 604
564 584
544 564
524 544
504 524
484 504
464 484
444 464
424 444
403 424
382 403
361 382
340 361
319 340
298 319
277 298
256 277
235 256
214 235
193 214
172 193
151 172
130 151
109 130
88 109
67 88
46 67
25 46
8 25
8 26
26 47
47 68
68 89
89 110
110 131
131 152
152 173
173 194
194 215
215 236
236 257
257 278
278 299
299 320
320 341
341 362
362 383
383 404
404 425
425 445
445 465
465 485
485 505
505 525
525 545
545 565
565 585
585 605
605 625
625 645
645 665
665 685
685 705
705 725
725 745
745 765
765 785
785 805
805 825
825 845
845 865
865 885
885 905
905 925
925 945
945 965
965 985
985 998
986 998
966 986
946 966
926 946
906 926
886 906
866 886
846 866
826 846
806 826
786 806
766 786
746 766
726 746
706 726
686 706
666 686
646 666
626 646
606 626
586 606
566 586
546 566
526 546
506 526
486 506
466 486
446 466
426 446
405 426
384 405
363 384
342 363
321 342
300 321
279 300
258 279
237 258
216 237
195 216
174 195
153 174
132 153
111 132
90 111
69 90
48 69
27 48
9 27
9 28
28 49
49 70
70 91
91 112
112 133
133 154
154 175
175 196
196 217
217 238
238 259
259 280
280 301
301 322
322 343
343 364
364 385
385 406
406 427
427 447
447 467
467 487
487 507
507 527
527 547
547 567
567 587
587 607
607 627
627 647
647 667
667 687
687 707
707 727
727 747
747 767
767 787
787 807
807 827
827 847
847 867
867 887
887 907
907 927
927 947
947 967
967 987
987 999
988 999
968 988
948 968
928 948
908 928
888 908
868 888
848 868
828 848
808 828
788 808
768 788
748 768
728 748
708 728
688 708
668 688
648 668
628 648
608 628
588 608
568 588
548 568
528 548
508 528
488 508
468 488
448 468
428 448
407 428
386 407
365 386
344 365
323 344
302 323
281 302
260 281
239 260
218 239
197 218
176 197
155 176
134 155
113 134
92 113
71 92
50 71
29 50
10 29
10 30
30 51
51 72
72 93
93 114
114 135
135 156
156 177
177 198
198 219
219 240
240 261
261 282
282 303
303 324
324 345
345 366
366 387
387 408
408 429
429 449
449 469
469 489
489 509
509 529
529 549
549 569
569 589
589 609
609 629
629 649
649 669
669 689
689 709
709 729
729 749
749 769
769 789
789 809
809 829
829 849
849 869
869 889
889 909
909 929
929 949
949 969
969 989
989 1000
990 1000
970 990
950 970
930 950
910 930
890 910
870 890
850 870
830 850
810 830
790 810
770 790
750 770
730 750
710 730
690 710
670 690
650 670
630 650
610 630
590 610
570 590
550 570
530 550
510 530
490 510
470 490
450 470
430 450
409 430
388 409
367 388
346 367
325 346
304 325
283 304
262 283
241 262
220 241
199 220
178 199
157 178
136 157
115 136
94 115
73 94
52 73
31 52
11 31
11 32
32 53
53 74
74 95
95 116
116 137
137 158
158 179
179 200
200 221
221 242
242 263
263 284
284 305
305 326
326 347
347 368
368 389
389 410
830 842
945 966
6 12
203 238
259 282
951 988
762 773
912 947
888 906
279 297
154 160
562 575
488 496
249 269
494 526
709 716
57 76
96 119
431 470
876 910
733 761
546 561
255 277
461 490
2 25
701 730
359 388
534 556
709 730
73 82
724 742
215 224
788 806
623 632
576 601
935 964
184 206
305 312
506 528
259 284
746 756
747 765
739 762
781 796
566 575
123 147
835 868
205 242
134 152
262 268
899 918
195 203
989 992
576 595
380 405
713 734
57 92
416 449
870 876
217 232
382 402
621 631
292 311
611 638
90 101
828 831
111 131
589 594
49 57
836 868
232 249
808 830
175 190
721 732
229 256
905 928
379 409
68 86
31 39
796 819
116 117
829 837
275 285
229 262
820 833
736 761
770 778
168 188
173 189
721 731
748 752
140 177
9 24
8 18
512 533
702 728
804 818
402 424
212 237
282 297
128 150
887 906
393 412
645 659
200 219
274 287
125 147
243 277
461 472
759 773
8 31
507 523
882 904
894 926
939 956
233 252
388 390
548 562
846 852
106 131
694 725
942 961
407 423
240 246
655 684
737 756
98 123
482 496
420 449
950 959
528 540
352 382
409 428
117 152
357 374
560 571
537 562
876 905
202 241
381 401
760 778
204 231
665 676
36 64
258 265
564 577
935 953
801 817
714 740
914 949
352 375
171 188
554 585
61 80
470 475
644 656
356 370
5 16
873 907
614 649
229 258
659 688
782 798
447 466
3 32
362 389
200 212
797 814
898 912
637 655
286 322
416 434
224 253
738 770
446 456
29 49
331 355
428 435
719 734
972 998
616 646
136 138
734 769
743 764
689 695
61 88
538 553
525 546
397 420
508 517
326 327
599 629
612 638
401 411
765 773
745 758
33 64
490 500
109 136
541 570
227 261
911 937
139 165
702 716
704 720
322 329
931 958
490 492
208 232
371 405
260 268
388 410
379 405
636 670
196 204
556 577
184 217
80 100
11 12
156 161
763 771
864 880
732 765
959 989
910 922
548 552
225 256
710 721
358 382
265 303
709 719
672 704
226 252
370 399
680 701
694 724
210 229
568 571
649 666
698 730
374 404
147 175
631 669
304 314
425 437
234 250
842 852
490 494
868 871
485 507
473 503
931 953
377 410
607 630
287 324
425 444
157 176
911 941
726 749
156 165
625 633
716 742
987 993
471 499
536 553
828 837
338 363
857 885
850 859
714 732
405 412
209 225
926 940
477 494
792 811
43 69
857 888
426 431
387 403
186 210
810 815
956 981
535 558
811 844
129 138
447 468
166 197
576 608
328 359
247 278
881 908
890 905
940 953
709 718
204 233
574 602
311 340
287 311
530 531
763 777
106 126
738 764
771 799
261 266
27 45
199 210
748 770
561 585
774 799
27 34
838 870
844 862
255 280
131 141
81 111
512 534
357 370
162 189
281 296
965 986
730 734
957 975
758 779
253 281
691 725
457 474
228 259
227 256
624 640
197 201
13 44
899 930
87 116
12 43
675 709
623 646
109 128
171 198
443 459
341 367
700 715
570 589
415 437
33 61
172 182
513 534
58 83
439 469
663 675
966 975
31 46
225 260
827 843
976 996
138 167
841 859
202 232
242 261
128 155
64 81
691 716
498 511
652 677
248 282
742 760
960 975
335 361
490 499
75 98
155 171
741 759
573 607
658 673
213 232
962 977
143 179
167 199
371 409
364 389
214 226
269 299
801 830
719 749
424 431
301 306
102 134
371 410
821 845
711 746
30 42
899 925
873 891
849 862
878 902
567 582
98 122
908 923
597 618
236 243
501 527
819 849
562 587
723 747
326 329
161 189
331 360
278 302
550 561
864 872
322 344
496 526
421 436
613 640
201 237
831 855
122 152
179 187
859 876
430 431
245 273
881 900
174 184
208 233
250 276
81 103
493 523
925 933
578 606
766 777
187 201
341 365
651 684
29 51
660 673
1 17
131 142
349 373
870 884
397 426
399 414
434 462
362 387
555 589
157 172
735 769
893 921
731 753
950 963
206 242
607 620
361 372
469 490
825 849
70 89
10 26
958 985
568 574
509 514
722 749
54 76
202 228
205 236
241 255
791 812
189 214
695 719
768 777
879 893
544 567
789 792
957 980
893 919
899 913
724 734
946 952
448 455
926 948
34 60
507 530
654 688
728 750
948 956
270 285
40 72
907 929
540 551
188 217
740 757
634 659
324 341
125 143
955 988
721 748
861 889
34 63
747 759
394 422
776 798
237 253
832 853
234 259
551 590
749 754
206 230
142 177
449 466
696 712
157 166
766 779
318 331
809 812
174 187
915 939
441 469
879 896
842 854
178 190
316 344
172 185
223 254
475 500
780 797
702 730
729 743
684 700
877 893
638 668
831 860
90 103
497 522
680 696
776 807
950 961
706 730
807 815
248 278
686 708
921 937
719 732
575 605
756 786
865 876
932 954
84 113
209 222
246 270
8 14
765 776
763 775
436 463
521 531
394 430
317 344
173 191
750 754
739 767
709 713
567 572
114 125
63 83
775 797
950 968
656 688
139 163
394 423
112 129
167 198
267 294
653 679
675 704
536 562
665 681
924 942
51 62
471 493
7 18
376 410
392 418
649 659
546 555
643 653
786 793
432 459
818 833
258 283
793 825
959 972
357 371
581 602
64 92
801 822
778 793
432 458
776 806
105 134
327 368
4 27
466 488
937 960
204 222
81 112
300 310
638 662
283 298
242 248
783 791
427 438
451 477
727 732
165 195
757 778
525 531
50 58
414 441
172 184
730 731
694 719
330 356
752 780
265 290
145 172
605 627
232 247
225 257
617 650
903 920
699 729
316 339
766 788
963 987
445 470
149 162
491 530
684 694
547 570
855 888
770 784
352 388
782 797
490 502
698 723
603 614
762 771
197 212
245 275
646 667
97 123
873 910
552 586
131 154
422 447
930 938
2 21
596 611
536 567
359 383
286 324
32 35
315 329
761 774
393 422
419 447
804 820
59 88
843 854
227 262
468 483
845 861
353 373
540 557
234 246
403 427
74 93
414 431
74 87
574 591
766 780
412 437
57 82
671 695
428 436
595 616
588 605
167 197
106 119
50 66
404 416
642 670
541 567
1 23
862 881
449 454
10 27
827 845
60 95
648 652
153 159
551 582
947 968
135 144
76 102
212 225
97 127
173 186
625 637
807 823
23 41
620 643
363 373
914 931
386 410
115 119
782 809
211 223
897 915
176 184
685 704
799 814
935 970
283 286
674 702
614 642
42 67
820 831
410 424
721 744
982 994
421 439
966 973
562 574
26 49
548 566
185 210
340 360
981 991
781 806
671 698
208 237
383 400
922 933
519 542
867 879
472 496
40 74
237 252
252 270
480 508
258 273
446 464
280 297
747 758
172 195
841 865
801 812
844 860
744 767
476 501
583 593
657 675
54 90
82 106
803 811
239 246
89 114
541 566
174 185
121 157
774 798
692 719
124 153
59 93
139 179
879 894
282 293
299 313
413 441
989 995
397 419
284 293
158 167
856 880
494 529
836 867
426 441
8 29
300 326
241 244
155 164
852 871
171 186
131 139
849 861
697 714
359 371
146 177
440 462
248 268
721 738
96 118
889 905
468 472
63 95
190 215
442 467
633 664
189 219
232 260
120 158
614 639
756 780
75 104
296 322
954 971
177 184
292 320
927 938
696 724
968 979
503 517
142 161
220 224
325 338
807 822
788 802
4 16
60 91
19 49
106 124
764 781
862 879
22 45
154 162
585 602
791 820
893 926
450 469
656 686
888 910
193 211
860 871
23 37
382 406
248 277
624 639
376 395
268 286
895 919
471 496
700 725
649 664
756 784
427 449
214 231
749 751
174 189
305 306
167 187
761 772
788 798
468 473
11 22
864 877
622 646
82 99
92 104
368 388
591 630
682 708
33 57
839 870
89 96
849 870
212 232
883 909
654 672
630 642
791 816
297 317
706 719
612 644
10 28
92 97
35 61
60 79
437 462
158 172
383 397
73 79
436 466
650 669
872 899
241 258
690 701
53 73
18 38
777 793
18 35
193 205
487 508
858 880
452 480
363 378
513 549
835 859
654 684
436 457
677 695
741 757
16 46
17 53
77 102
937 967
529 537
427 442
297 325
133 155
95 111
223 256
532 564
783 807
417 443
54 81
742 764
218 233
439 464
927 931
410 425
714 742
690 698
720 743
842 857
18 50
269 287
212 222
812 842
646 669
846 861
432 467
389 394
259 281
402 421
159 191
141 165
19 36
114 132
672 695
553 585
322 328
369 394
554 583
60 83
401 427
179 192
559 575
555 590
118 155
835 861
95 114
632 670
91 101
374 397
987 996
291 317
193 218
588 609
966 976
559 585
909 917
592 617
482 494
167 180
114 131
499 515
691 729
265 294
479 492
264 292
982 993
737 752
256 266
382 408
119 151
415 446
26 41
414 442
451 486
907 912
797 818
158 163
97 124
281 287
233 250
928 934
802 817
616 639
235 260
461 476
517 536
485 509
222 256
295 321
263 265
709 715
818 840
759 772
503 514
734 762
911 934
333 368
72 86
637 652
563 590
797 826
957 986
622 644
636 668
528 545
298 316
708 714
815 836
946 957
411 440
76 105
954 990
179 198
98 121
150 163
750 760
694 722
198 207
11 17
230 260
866 888
231 260
706 715
511 535
135 140
335 367
882 910
42 74
478 508
695 713
949 951
494 517
334 365
808 815
681 700
176 200
525 535
356 374
146 160
504 528
859 872
651 676
271 286
954 989
590 605
471 498
529 534
959 983
91 111
559 581
78 103
560 587
284 297
221 238
656 684
409 413
662 679
560 590
814 846
609 616
435 454
9 19
290 315
837 869
319 339
224 255
644 670
126 140
949 954
823 846
327 362
965 978
385 395
328 357
668 679
273 305
567 579
744 757
56 79
335 357
889 910
608 620
132 157
378 409
527 542
809 816
239 245
427 432
826 839
335 351
433 452
428 441
244 284
102 132
636 669
273 286
448 459
939 969
854 879
800 826
72 77
822 849
88 106
911 946
339 352
413 448
516 533
637 663
276 286
397 413
793 817
527 549
486 499
698 724
438 463
775 807
492 530
706 718
710 711
451 488
508 514
238 263
841 869
109 123
94 104
816 844
139 172
148 174
454 472
299 306
295 311
547 552
797 812
940 968
90 114
709 728
350 386
455 486
449 468
688 699
947 963
214 241
21 49
832 862
835 867
525 538
875 901
715 744
659 674
857 871
215 226
510 525
566 588
76 99
639 664
381 410
453 478
917 936
285 312
758 772
729 741
130 144
286 318
429 435
443 464
372 404
103 121
424 449
848 869
173 196
398 411
512 536
893 918
783 802
19 42
824 841
454 487
72 79
34 65
192 217
742 751
524 533
750 765
815 838
770 789
513 538
52 72
228 244
117 149
503 515
400 425
387 398
164 182
432 456
100 130
347 360
99 136
917 940
475 491
297 313
17 52
555 584
108 131
353 383
580 608
410 414
519 546
362 373
231 245
927 935
160 190
435 466
210 230
544 556
151 161
921 934
249 281
457 479
571 598
417 440
6 29
446 462
330 348
563 576
496 520
21 33
908 924
539 552
5 22
191 204
137 151
2 32
310 337
679 704
824 831
499 529
183 213
42 56
932 955
77 96
103 119
764 788
368 375
171 184
812 848
68 87
327 351
368 384
178 189
452 477
230 246
941 958
689 694
810 816
159 184
517 550
17 43
618 634
917 941
749 760
472 498
816 847
800 816
730 738
549 567
936 969
222 260
357 372
202 235
415 436
649 662
708 718
921 948
600 621
164 186
328 353
444 462
376 400
273 295
183 217
556 585
333 364
677 694
11 28
885 902
210 226
325 327
607 612
27 46
598 613
298 324
777 791
646 664
345 364
603 619
920 944
86 112
775 806
495 516
267 299
345 361
566 578
860 890
466 480
11 18
166 198
71 95
274 296
437 467
418 450
352 374
708 715
827 848
125 153
577 606
650 664
151 176
484 506
958 984
277 295
701 711
852 878
868 873
555 581
393 430
588 600
187 209
919 941
2 26
830 838
692 720
186 205
533 555
361 381
739 768
765 780
776 809
328 361
541 568
177 183
652 685
19 51
307 341
464 478
732 766
161 194
139 170
162 188
225 244
701 717
633 658
1 32
195 221
826 848
281 291
264 301
308 337
961 988
878 900
795 817
711 748
599 626
144 161
149 167
611 643
801 828
922 946
286 326
884 908
82 105
522 546
974 995
367 379
618 644
720 748
244 275
323 337
848 856
72 82
937 956
845 855
192 206
193 212
313 329
898 930
398 426
456 471
286 309
958 972
886 909
638 654
70 77
687 698
316 342
285 315
605 612
78 106
96 129
961 980
632 653
242 244
740 762
841 858
114 127
123 148
833 863
880 904
282 289
550 560
103 118
737 760
858 886
89 104
40 71
533 551
799 827
193 219
569 578
905 914
729 738
134 149
883 901
716 733
203 228
844 870
195 218
26 44
688 700
386 394
231 244
620 645
36 56
48 67
971 993
728 736
126 158
161 180
286 306
679 703
809 813
381 392
84 100
634 652
734 765
675 693
231 261
119 153
117 146
621 642
326 341
708 711
193 217
907 913
832 870
718 748
106 137
336 367
958 982
885 909
238 250
715 738
910 925
419 433
185 221
469 476
875 909
457 490
947 955
739 764
134 139
150 162
20 37
268 305
406 429
329 359
10 21
911 932
181 214
911 949
858 874
155 163
206 240
673 707
861 880
91 113
254 281
340 367
616 643
901 918
961 986
596 625
755 788
660 672
612 648
573 599
951 984
195 219
233 247
20 39
114 130
655 680
409 415
359 378
579 604
585 599
659 682
598 620
86 105
866 878
744 760
973 994
802 812
181 204
726 736
370 392
444 456
389 395
169 185
885 896
265 289
418 439
421 445
104 134
879 895
559 584
959 975
860 874
400 419
813 838
101 137
431 452
378 396
479 501
387 399
497 526
904 917
55 93
733 768
569 574
649 656
223 249
870 887
659 686
820 836
640 664
1 21
927 932
806 814
958 989
572 600
799 830
556 574
567 580
536 555
492 521
725 735
162 185
641 658
865 881
12 53
881 905
543 566
231 243
965 988
829 833
737 762
826 850
923 932
568 586
707 719
179 191
548 553
943 964
302 308
490 501
916 947
692 718
580 598
256 281
896 923
97 119
79 97
381 397
203 225
773 806
263 273
197 221
472 494
858 890
785 808
368 387
104 136
770 786
443 453
569 573
398 424
106 136
376 407
180 221
663 677
697 725
519 541
754 786
459 484
207 236
271 304
989 997
117 150
858 883
305 309
627 649
413 434
597 629
163 182
471 508
905 919
806 822
815 840
590 606
445 468
10 31
446 469
616 638
536 560
404 415
476 509
957 971
431 458
284 299
471 492
6 27
366 381
150 176
453 475
613 642
596 615
623 647
152 168
817 850
796 825
963 975
249 280
535 567
548 559
926 941
658 677
51 60
779 791
330 363
396 420
497 512
228 252
206 232
897 923
32 48
14 46
351 386
518 546
828 835
684 692
515 532
32 50
562 584
956 972
464 475
278 300
419 441
743 762
468 478
983 1000
906 916
796 821
307 346
189 202
862 875
328 351
534 567
343 350
649 663
1 25
250 264
764 771
514 548
166 190
170 196
509 522
418 445
553 580
953 976
616 642
289 308
855 889
869 872
908 913
489 500
173 182
651 673
825 834
942 969
817 839
400 426
394 425
105 125
367 373
376 404
442 464
378 405
412 441
7 17
316 341
52 56
107 130
383 401
186 214
555 574
9 31
823 839
752 786
511 539
744 753
185 213
121 148
893 911
46 63
342 349
466 471
546 551
332 349
688 703
281 290
83 110
594 618
472 506
663 687
40 63
425 450
776 797
606 628
787 793
406 416
1 30
737 759
54 86
296 309
749 755
833 865
758 782
652 674
817 848
878 903
129 142
833 851
116 136
159 199
917 935
826 834
808 817
308 334
433 459
80 105
730 732
914 936
843 867
24 48
608 612
393 426
466 485
294 326
6 17
516 547
201 223
61 85
242 243
585 606
44 72
646 665
937 970
292 309
768 773
73 83
121 151
345 362
102 128
324 331
620 642
854 881
909 930
956 988
630 634
122 154
887 904
227 253
262 265
643 670
108 123
694 730
293 319
927 945
810 813
324 344
482 491
157 170
52 64
133 157
449 457
23 50
317 341
526 536
367 384
107 136
136 149
400 412
940 967
675 703
56 89
598 614
658 675
167 191
92 107
440 466
969 980
878 906
594 628
345 356
778 791
793 824
179 181
316 331
40 59
301 312
816 848
312 339
913 937
413 449
488 504
761 776
146 172
478 507
978 999
869 883
626 640
212 226
238 262
348 374
747 764
345 349
665 686
340 366
176 187
930 948
218 240
241 256
726 750
116 123
806 811
217 237
266 296
966 990
654 677
22 34
819 837
755 780
920 942
529 540
598 622
909 912
99 129
639 669
239 255
790 807
789 793
359 381
546 554
133 143
848 864
497 523
24 47
749 757
960 988
713 742
240 245
356 372
76 116
209 234
184 211
234 248
184 221
909 927
112 134
699 711
933 969
624 645
235 254
885 910
772 809
6 24
26 48
786 804
960 981
288 310
223 246
823 845
767 784
180 217
5 21
292 324
256 273
688 701
435 461
367 383
9 18
704 726
643 664
481 496
640 666
443 466
78 96
393 420
296 311
727 743
121 156
674 698
318 346
559 587
508 526
322 346
37 69
76 114
860 885
713 737
475 508
766 775
787 798
177 195
875 906
569 585
10 25
332 358
814 843
142 169
889 895
400 429
943 956
165 193
266 285
224 252
219 239
79 102
760 771
488 509
878 891
777 803
374 392
343 351
759 777
332 354
32 45
245 280
786 797
723 732
441 460
502 526
489 502
192 216
26 43
310 330
249 284
576 599
722 731
191 215
263 283
532 570
331 362
599 617
490 493
686 693
1 16
970 988
371 396
107 118
244 268
676 701
671 701
535 570
231 254
691 721
185 220
804 822
101 123
495 529
843 860
137 142
924 932
520 534
83 98
760 790
633 669
767 777
268 300
326 342
764 777
786 798
274 294
330 354
419 449
227 244
932 959
493 516
485 510
703 727
138 178
627 637
850 864
543 567
140 169
341 349
32 37
688 707
352 377
376 392
78 107
873 909
259 276
369 410
580 592
982 997
258 271
740 753
295 325
745 766
913 941
293 325
277 296
178 200
7 21
979 997
971 996
699 724
398 428
248 266
250 273
885 893
918 933
275 299
201 240
543 568
688 706
112 125
261 264
653 671
250 274
319 333
943 955
243 274
574 609
46 74
892 913
282 285
495 520
238 247
60 77
570 587
254 268
224 259
164 200
763 779
604 622
170 199
757 773
33 73
184 203
926 936
396 426
631 662
859 881
533 559
666 672
585 597
536 557
962 984
761 771
223 251
787 794
410 418
298 317
70 88
239 259
683 701
20 49
516 532
909 914
228 258
876 902
986 1000
696 728
576 607
537 570
129 148
357 369
280 299
755 783
922 943
196 220
327 349
448 457
970 982
439 461
780 809
779 798
173 195
220 237
360 383
385 402
798 820
8 30
61 78
379 410
414 443
338 356
393 416
586 599
985 1000
313 346
637 658
513 532
905 912
767 790
444 467
7 12
303 316
845 868
545 560
152 162
321 333
585 598
807 821
461 479
819 835
810 826
549 566
405 424
165 198
348 370
6 32
475 504
99 124
647 651
586 597
220 230
652 681
469 486
95 99
498 526
794 822
388 407
268 293
620 641
291 313
963 990
402 414
289 312
890 891
184 210
490 505
346 353
627 638
787 806
393 418
501 525
186 221
823 834
631 660
730 737
287 312
464 473
481 503
511 545
916 949
645 667
13 33
313 340
194 208
300 307
624 642
958 976
499 523
157 167
783 809
916 948
436 469
374 398
129 154
674 696
913 947
544 553
130 152
938 965
371 397
12 49
842 855
891 928
24 33
947 959
22 52
895 911
171 197
37 73
193 208
926 931
289 323
407 421
539 566
565 571
145 162
87 101
907 924
284 289
754 777
540 562
3 12
365 377
220 234
590 592
600 628
624 638
893 930
685 703
313 331
971 994
602 625
430 438
692 727
31 47
530 535
605 623
326 339
423 450
803 817
879 892
351 369
21 43
224 244
440 465
299 307
139 167
422 449
318 347
949 955
342 352
240 243
57 93
463 485
614 647
736 755
576 594
311 342
907 928
846 856
819 845
3 17
8 17
616 647
673 700
182 211
551 574
734 763
355 371
96 134
854 880
636 655
643 657
288 314
240 258
875 905
628 650
22 50
879 900
321 329
850 857
563 574
370 410
688 704
782 793
760 784
728 744
125 151
10 32
834 863
941 966
454 477
562 589
749 766
526 534
181 209
331 354
308 342
908 917
930 941
369 391
453 476
925 946
426 432
360 371
186 201
507 516
244 270
681 694
809 814
186 208
821 835
318 329
125 155
723 736
144 172
634 666
256 283
7 19
342 350
287 325
690 697
468 485
578 599
251 270
287 315
261 277
814 850
542 557
501 519
663 689
951 975
672 694
754 778
365 387
421 434
185 211
738 753
959 977
965 971
620 648
621 637
162 180
374 400
145 160
70 95
52 74
449 464
88 110
403 414
140 178
857 873
279 301
100 123
490 503
527 532
328 356
4 29
393 423
437 451
55 79
692 730
56 82
800 821
771 806
386 390
514 545
7 28
701 728
423 431
916 940
412 436
903 922
30 52
362 369
414 450
773 792
65 82
4 15
306 344
220 239
295 317
969 973
129 156
626 631
456 475
508 521
14 51
707 722
723 741
396 421
448 453
517 531
444 457
182 221
814 837
784 799
944 970
315 339
160 198
738 751
67 94
740 755
204 229
44 64
615 650
569 590
853 877
775 794
472 508
194 203
125 148
161 197
500 526
715 734
247 271
111 119
17 49
381 404
161 186
803 814
214 223
618 637
754 776
344 366
489 505
35 54
407 426
2 17
181 221
666 689
512 547
564 589
12 39
979 1000
830 843
823 848
789 805
614 644
842 868
946 967
472 500
138 161
831 853
934 966
364 381
139 161
194 204
854 884
4 14
771 803
692 724
278 296
183 216
145 175
963 980
433 465
617 643
282 295
493 520
226 249
237 245
338 353
631 666
678 706
845 858
441 462
522 541
943 953
357 375
572 596
165 194
860 887
717 743
955 982
429 433
685 702
308 347
59 92
575 606
37 71
898 922
725 741
338 352
118 138
94 108
117 147
733 760
157 163
72 80
198 212
717 733
608 619
60 85
463 481
86 100
493 526
240 249
677 709
782 804
48 55
137 152
337 364
882 909
48 66
708 729
352 389
490 497
907 922
901 911
677 704
499 521
954 978
511 537
556 583
908 926
908 912
194 211
588 591
499 512
186 218
900 914
505 519
278 303
95 108
893 929
302 313
390 412
133 149
880 902
52 67
457 480
479 508
726 735
680 694
210 240
903 911
621 632
942 955
251 282
189 213
9 13
559 589
479 497
802 814
100 132
746 759
8 13
122 144
393 421
945 956
520 536
569 577
622 639
644 668
718 740
681 705
576 591
290 316
277 305
572 603
83 113
911 945
566 590
894 923
807 829
902 924
264 290
307 333
204 228
66 93
803 825
241 260
778 804
522 535
937 951
401 424
733 752
794 827
717 744
399 424
221 230
736 770
723 735
421 442
305 314
88 98
286 313
710 714
398 427
698 716
987 997
410 413
636 657
146 169
848 854
822 841
172 200
519 544
374 401
745 754
35 55
516 534
11 26
35 66
712 744
7 29
843 870
515 546
44 68
681 697
659 678
190 212
412 434
839 869
197 206
319 330
59 94
910 916
660 679
480 496
906 917
764 782
100 131
872 902
956 974
47 72
927 934
848 865
70 86
4 19
602 613
769 787
688 692
460 483
553 590
827 839
591 618
912 949
463 474
442 468
315 327
516 531
367 375
477 498
218 225
490 496
509 511
329 349
683 707
100 137
534 561
709 714
949 962
467 471
700 728
303 318
788 807
591 617
477 499
527 544
929 932
391 428
502 524
874 897
263 276
303 322
16 53
725 749
391 421
309 339
64 87
501 530
769 784
960 984
815 831
43 74
620 638
266 305
344 350
851 877
940 959
418 444
56 76
465 490
394 421
411 439
557 576
882 907
772 801
214 238
140 171
358 384
378 395
173 188
322 340
362 385
174 182
813 837
375 397
874 900
507 513
669 679
678 693
738 757
690 705
812 835
322 338
394 417
666 677
109 120
444 466
648 670
77 116
788 792
252 280
812 841
170 184
606 623
311 335
94 112
862 871
510 526
853 881
249 277
67 92
599 612
92 98
912 940
585 607
564 571
250 275
542 560
919 943
739 756
633 659
197 203
268 302
983 995
179 195
882 903
233 259
855 877
443 458
661 689
127 144
634 669
343 365
758 783
361 378
240 259
951 987
577 593
633 661
94 103
443 456
949 957
20 36
751 785
960 976
803 827
251 281
758 784
460 474
819 847
10 14
83 106
348 381
721 737
846 853
261 283
705 723
815 850
570 575
668 677
914 939
641 664
550 557
898 911
211 227
494 516
359 389
462 480
343 359
674 708
202 231
338 354
757 782
191 211
537 566
725 743
252 284
442 451
295 310
485 492
380 395
104 130
360 369
536 563
187 211
582 610
584 598
614 633
417 432
984 995
798 811
372 396
195 209
288 316
782 801
747 766
245 272
536 554
579 592
649 657
714 743
249 265
508 527
657 686
699 714
334 359
989 996
51 58
941 967
884 906
293 315
281 288
169 198
508 520
686 700
169 189
919 931
124 139
291 324
774 797
58 90
278 285
724 746
297 319
147 159
250 268
936 953
130 150
638 652
339 351
317 335
180 218
366 376
910 920
564 588
928 943
246 277
355 389
345 352
939 954
80 102
504 529
683 695
448 458
932 957
798 813
743 761
503 519
518 537
744 765
182 219
124 152
944 959
436 451
807 813
940 954
501 529
356 385
740 751
525 534
761 775
300 317
346 355
291 309
583 604
830 832
377 396
469 472
279 290
764 776
750 769
205 239
872 906
333 350
9 30
835 854
148 172
891 919
825 842
24 41
36 59
44 67
825 848
704 711
661 690
103 120
149 175
551 580
824 850
128 157
118 151
636 658
338 357
907 917
883 908
724 732
347 355
466 482
439 467
293 312
546 562
713 738
691 724
121 149
192 201
527 535
174 191
455 483
580 593
493 515
635 663
632 654
585 596
262 282
716 738
418 434
158 171
182 214
654 680
162 181
576 603
821 847
641 656
938 967
375 404
551 579
53 59
488 499
779 792
496 519
235 246
865 883
231 262
458 490
77 112
705 722
697 726
946 961
901 926
653 675
436 459
531 556
10 19
926 938
840 866
862 878
154 165
554 589
906 911
312 328
534 566
387 402
483 506
353 380
6 16
552 585
583 595
511 541
81 97
177 187
114 120
209 224
574 599
454 480
435 460
566 581
262 274
857 880
768 780
629 636
217 227
707 714
280 298
117 141
429 434
772 800
500 519
884 899
218 234
250 278
745 755
327 358
39 73
160 185
680 709
777 796
701 719
222 251
892 918
536 564
229 253
29 40
752 777
966 979
800 817
942 963
225 250
558 584
380 396
667 685
679 701
559 577
370 409
243 273
488 510
38 67
289 319
514 547
947 958
343 368
686 707
783 796
747 756
488 498
899 914
920 946
973 997
802 828
644 658
961 975
952 986
887 900
527 537
178 198
148 170
83 115
977 999
642 655
456 487
542 564
711 739
876 899
112 120
277 304
735 768
928 945
363 381
781 795
92 99
544 566
389 404
307 347
904 919
468 490
774 801
85 108
262 277
305 316
524 534
207 232
453 481
403 421
966 989
269 291
279 299
502 525
420 432
809 811
804 827
808 826
590 609
635 656
254 264
753 771
950 960
963 974
776 792
254 267
967 976
396 430
454 482
518 531
128 158
267 297
958 981
108 128
773 803
158 176
944 956
771 798
361 380
547 554
353 386
256 282
396 423
356 375
76 104
923 934
78 111
272 305
65 93
744 752
701 725
877 894
539 557
684 695
912 948
360 375
96 131
898 929
632 662
808 819
136 139
456 485
830 833
921 947
866 877
818 836
301 307
21 40
193 216
686 697
289 311
826 835
98 128
792 818
82 98
697 722
874 906
275 305
188 201
536 569
119 149
264 286
737 754
869 887
315 332
671 710
609 618
980 999
20 53
368 377
92 112
938 952
159 196
143 170
194 206
160 192
655 682
678 708
600 622
348 373
234 249
510 528
670 681
935 961
958 975
296 310
822 836
305 324
897 921
832 859
246 281
24 38
132 143
108 136
422 440
777 807
838 857
639 652
304 324
10 20
916 937
158 164
512 540
604 612
552 578
752 781
646 655
14 36
195 205
845 852
885 899
958 980
79 98
264 305
24 37
117 154
299 309
681 693
252 271
696 729
434 466
761 790
365 369
843 864
919 946
513 548
953 971
373 403
147 179
297 312
591 622
292 325
383 399
183 221
85 105
375 394
723 744
48 61
592 626
6 18
945 963
894 918
687 694
30 34
973 991
805 822
403 416
475 494
968 978
805 818
772 802
632 664
632 660
592 627
214 242
66 95
417 433
495 527
290 322
909 911
692 725
469 479
933 952
545 570
38 73
784 801
363 382
276 287
853 883
556 589
54 92
794 813
522 537
438 452
778 802
378 410
492 522
785 801
971 1000
326 335
417 435
758 776
300 306
238 253
769 780
636 665
365 388
136 155
195 202
405 416
627 631
721 743
850 867
495 513
567 571
405 418
123 155
156 159
131 157
875 910
613 649
660 685
474 496
482 492
756 790
892 928
199 211
419 443
522 534
439 453
337 356
502 516
828 838
897 926
592 614
258 268
655 677
492 524
652 682
935 951
610 623
162 193
809 826
686 692
266 294
456 490
827 849
713 736
624 641
89 106
707 717
22 49
306 342
735 753
511 550
513 536
449 460
435 462
530 533
126 138
836 865
389 408
141 166
218 236
118 145
643 661
973 995
323 336
525 532
47 62
603 627
7 30
822 847
748 756
901 927
352 369
339 366
447 459
672 697
605 611
3 13
756 788
929 946
572 607
542 570
833 864
756 781
509 512
755 771
305 325
506 517
225 259
864 885
667 673
63 86
383 409
869 886
872 909
7 27
593 621
548 551
770 783
352 381
220 235
2 28
864 874
584 591
921 932
754 773
21 48
382 410
63 77
265 297
600 616
812 836
600 626
81 99
829 832
859 884
196 202
384 406
213 235
437 465
589 597
687 702
157 161
921 945
601 623
769 775
717 736
764 787
711 734
445 460
306 334
235 247
133 147
946 970
92 101
771 805
942 968
308 332
583 591
372 390
308 331
843 859
968 976
297 306
882 900
529 545
843 852
6 23
636 664
15 42
890 907
949 964
331 359
967 971
813 843
558 574
854 876
296 307
878 909
115 127
544 559
820 850
578 604
836 866
316 345
822 846
436 470
577 595
486 504
739 761
265 288
845 857
267 290
351 375
757 785
629 631
718 742
87 98
956 982
613 634
635 658
886 893
542 559
651 688
266 302
891 930
286 321
36 69
117 157
201 241
672 710
238 258
391 424
810 811
526 538
394 427
38 74
849 863
463 490
101 134
953 984
341 356
88 105
30 44
108 122
141 178
144 166
933 962
815 839
608 617
705 715
450 451
928 941
743 768
315 338
274 304
366 379
341 350
477 507
152 169
331 348
17 50
94 96
53 68
787 801
52 55
269 286
527 541
337 352
497 525
668 681
252 267
119 148
690 707
219 222
353 371
698 713
788 799
854 872
80 113
734 755
317 334
314 331
228 263
928 944
724 735
846 864
408 428
850 858
19 52
867 883
853 874
775 793
961 987
275 292
292 306
75 106
529 543
635 661
11 13
40 70
22 47
929 943
303 319
415 434
783 799
238 255
961 984
271 299
339 356
686 702
914 937
184 218
443 465
579 595
351 384
904 927
227 252
449 470
643 655
640 669
23 46
201 228
843 868
370 394
906 923
421 432
332 355
592 619
191 201
716 749
658 688
365 375
85 112
153 175
495 511
568 584
573 595
286 317
655 678
630 635
547 551
758 774
785 793
596 624
514 539
401 421
109 121
608 629
869 873
948 969
68 78
543 570
939 966
455 473
678 694
763 780
727 739
288 321
969 988
15 43
644 659
312 334
271 294
653 683
82 100
255 279
826 836
351 370
41 59
496 530
610 620
84 108
758 777
265 296
272 292
104 137
309 343
950 955
243 265
3 24
731 765
684 698
902 927
370 396
516 537
753 778
740 764
724 741
110 122
660 684
225 245
951 977
498 513
454 490
63 75
51 68
166 193
694 712
889 902
834 856
164 194
589 610
230 257
946 962
937 958
792 823
183 212
731 763
5 30
386 396
381 407
868 880
96 126
399 422
129 141
609 628
902 926
961 977
27 50
464 474
421 431
775 796
388 394
970 983
525 549
52 71
850 855
498 515
170 192
243 268
420 433
217 242
8 24
501 526
506 518
410 429
444 470
902 915
771 809
599 622
24 52
869 882
167 185
568 575
745 753
303 320
751 775
714 745
389 400
841 862
112 123
782 807
584 594
494 512
218 229
808 813
123 142
231 263
729 750
128 138
84 96
484 507
826 837
833 860
439 457
760 783
939 967
852 877
462 481
195 201
410 419
38 69
203 240
161 199
169 195
465 474
406 424
925 934
66 76
580 594
727 745
794 816
876 901
963 988
273 290
717 741
1 26
970 984
761 783
7 14
872 904
24 46
601 626
161 188
598 625
702 719
23 51
396 419
634 657
620 649
43 65
911 943
900 927
746 768
877 906
709 721
703 711
671 706
585 591
360 376
254 273
265 291
47 63
407 420
836 860
75 108
288 308
874 909
891 925
89 100
674 709
76 96
204 232
23 40
74 89
671 704
739 751
102 117
806 825
443 452
770 785
341 355
683 702
415 438
635 667
637 660
123 145
618 649
74 82
913 949
615 649
414 445
662 674
722 733
78 115
861 878
962 981
557 575
735 754
106 120
127 158
97 121
452 481
126 154
627 643
113 131
577 603
84 116
323 335
812 839
122 155
888 896
798 822
504 514
107 135
623 638
500 529
61 76
274 290
270 295
516 538
761 779
821 849
360 385
847 866
78 105
789 791
894 917
370 408
258 282
699 713
781 808
39 59
664 689
788 800
183 203
280 305
518 543
174 190
390 422
543 562
85 98
928 931
155 174
387 406
779 800
589 602
81 115
194 207
666 676
587 597
216 241
674 699
613 637
112 136
273 302
446 467
848 860
798 812
685 695
1 19
613 648
417 441
313 342
873 895
698 719
311 346
695 724
233 245
210 227
68 76
595 627
872 901
59 76
81 96
351 376
640 655
834 857
977 997
562 579
908 922
878 893
909 915
183 219
629 635
430 439
296 325
359 384
215 238
372 401
76 107
861 884
536 568
507 521
214 237
903 917
510 520
709 711
681 710
731 757
56 83
588 595
33 65
763 781
360 384
590 591
20 50
797 827
630 648
437 468
957 974
690 699
358 381
53 64
509 513
914 932
204 239
101 125
605 617
42 73
828 833
72 83
418 433
297 326
31 35
546 569
732 769
180 212
687 693
383 402
854 885
14 42
632 663
23 39
834 860
652 687
269 294
786 791
863 882
165 187
501 518
547 565
311 338
97 135
764 786
163 189
371 394
527 536
267 295
678 709
676 695
230 250
808 829
127 139
95 115
137 140
712 738
751 787
757 783
793 823
360 373
208 234
722 745
828 834
73 87
257 280
75 116
759 778
603 615
924 946
339 367
903 925
553 586
776 805
769 781
85 104
97 120
275 288
237 262
869 885
569 580
61 81
886 905
235 249
108 127
207 240
805 820
367 376
26 51
737 766
678 710
568 573
332 360
567 585
836 859
168 193
295 323
13 35
602 616
950 953
940 961
515 549
37 55
458 488
428 434
38 60
565 577
383 398
582 594
198 216
813 847
945 962
862 877
783 808
861 887
856 872
674 704
341 353
500 518
87 113
