1000 3000 100
1 2 11 1 5 21 1 7 19 1 2 11 1 1 1 7 29 1 1 2 3 8 38 1 6 16 1 1 3 5 18 1 5 17 1 3 14 1 7 31 1 1 3 17 1 7 28 1 1 4 14 2 5 4 41 6 7 31 6 3 6 40 8 2 8 34 6 5 20 5 3 7 21 2 17 7 9 46 4 3 7 36 6 7 19 14 5 2 14 5 2 5 41 5 3 6 46 8 6 22 
1 2
1 3
2 4
2 5
2 6
2 7
2 8
2 9
2 10
3 11
3 12
3 13
3 14
14 15
15 16
15 17
15 18
15 19
15 20
16 21
17 22
17 23
17 24
17 25
17 26
17 27
18 28
18 29
18 30
18 31
18 32
19 33
19 34
19 35
19 36
19 37
19 38
19 39
20 40
20 41
41 42
42 43
42 44
42 45
42 46
42 47
42 48
42 49
44 50
44 51
45 52
45 53
45 54
45 55
46 56
46 57
46 58
46 59
46 60
47 61
47 62
47 63
47 64
48 65
48 66
49 67
49 68
68 69
69 70
69 71
70 72
70 73
70 74
70 75
70 76
70 77
71 78
71 79
71 80
71 81
71 82
82 83
83 84
84 85
85 86
85 87
85 88
85 89
85 90
85 91
85 92
86 93
86 94
87 95
87 96
87 97
87 98
87 99
87 100
87 101
88 102
88 103
88 104
88 105
89 106
89 107
89 108
89 109
89 110
90 111
90 112
90 113
91 114
92 115
92 116
92 117
92 118
92 119
92 120
92 121
121 122
122 123
123 124
123 125
124 126
124 127
125 128
126 129
126 130
127 131
127 132
127 133
127 134
128 135
128 136
130 137
130 138
130 139
130 140
130 141
131 142
131 143
131 144
131 145
131 146
132 147
132 148
132 149
132 150
133 151
133 152
133 153
133 154
134 155
134 156
134 157
134 158
134 159
134 160
134 161
135 162
135 163
135 164
135 165
135 166
135 167
136 168
136 169
136 170
136 171
136 172
136 173
136 174
174 175
175 176
175 177
175 178
175 179
175 180
175 181
176 182
176 183
176 184
176 185
177 186
177 187
177 188
179 189
179 190
179 191
179 192
180 193
180 194
180 195
180 196
180 197
197 198
198 199
199 200
199 201
199 202
200 203
201 204
201 205
201 206
202 207
204 208
204 209
204 210
204 211
204 212
205 213
205 214
205 215
205 216
206 217
206 218
206 219
206 220
206 221
206 222
206 223
207 224
207 225
225 226
226 227
226 228
226 229
226 230
226 231
227 232
227 233
227 234
227 235
227 236
228 237
228 238
228 239
228 240
228 241
228 242
228 243
229 244
229 245
229 246
229 247
229 248
248 249
249 250
249 251
249 252
250 253
251 254
251 255
251 256
251 257
251 258
251 259
252 260
252 261
252 262
252 263
252 264
252 265
252 266
266 267
267 268
267 269
267 270
267 271
267 272
267 273
267 274
268 275
268 276
268 277
268 278
268 279
268 280
269 281
269 282
269 283
270 284
270 285
270 286
270 287
270 288
271 289
271 290
271 291
271 292
271 293
272 294
272 295
273 296
273 297
273 298
273 299
273 300
273 301
273 302
274 303
274 304
274 305
305 306
306 307
307 308
307 309
307 310
308 311
308 312
308 313
308 314
308 315
308 316
308 317
309 318
309 319
309 320
309 321
310 322
310 323
310 324
310 325
310 326
310 327
327 328
328 329
328 330
328 331
328 332
328 333
328 334
328 335
329 336
330 337
330 338
330 339
330 340
330 341
330 342
331 343
331 344
331 345
331 346
331 347
331 348
332 349
332 350
332 351
333 352
334 353
334 354
334 355
334 356
334 357
334 358
334 359
335 360
335 361
335 362
335 363
363 364
364 365
365 366
365 367
365 368
365 369
366 370
366 371
367 372
367 373
367 374
367 375
367 376
367 377
368 378
368 379
368 380
369 381
369 382
382 384
384 386
386 391
386 392
386 393
391 395
391 396
391 397
391 398
391 399
391 400
392 401
392 402
392 403
392 404
392 405
392 406
392 407
393 408
393 409
409 436
436 442
436 443
436 444
436 445
436 446
436 447
442 449
444 450
444 451
445 452
445 453
445 454
445 455
445 456
445 457
446 458
446 459
446 460
446 461
446 462
446 463
446 464
447 465
447 466
447 467
447 468
468 480
480 486
486 489
486 490
486 491
486 492
486 493
489 495
489 496
489 497
489 498
489 499
489 500
490 501
490 502
490 503
490 504
490 505
491 506
491 507
491 508
491 509
493 510
493 511
493 512
493 513
493 514
514 535
535 543
543 545
543 546
543 547
543 548
543 549
543 550
543 551
545 553
546 554
546 555
546 556
546 557
546 558
547 559
548 560
548 561
548 562
548 563
548 564
548 565
549 566
549 567
549 568
550 569
550 570
550 571
550 572
550 573
550 574
551 575
551 576
576 587
587 593
587 594
587 595
587 596
593 598
593 599
593 600
593 601
593 602
593 603
593 604
594 605
594 606
594 607
594 608
595 609
595 610
596 611
596 612
612 618
618 623
618 624
623 626
624 627
624 628
624 629
624 630
624 631
626 633
626 634
627 635
627 636
628 637
628 638
628 639
628 640
628 641
629 642
629 643
629 644
629 645
630 646
630 647
630 648
630 649
630 650
630 651
651 654
654 656
656 673
656 674
673 680
673 681
673 682
673 683
674 684
674 685
674 686
674 687
680 689
680 690
680 691
681 692
682 693
682 694
682 695
682 696
682 697
682 698
683 699
683 700
683 701
683 702
683 703
684 704
684 705
684 706
684 707
684 708
684 709
685 710
685 711
686 712
686 713
686 714
687 715
687 716
687 717
687 718
687 719
687 720
687 721
721 735
735 739
735 740
739 742
739 743
739 744
739 745
739 746
740 747
742 749
742 750
742 751
742 752
742 753
743 754
743 755
744 756
744 757
744 758
744 759
744 760
745 761
745 762
745 763
746 764
746 765
746 766
746 767
746 768
747 769
769 785
785 791
785 792
785 793
785 794
785 795
785 796
791 798
791 799
792 800
794 801
794 802
794 803
794 804
794 805
794 806
794 807
795 808
795 809
795 810
796 811
796 812
796 813
796 814
796 815
815 817
817 831
831 836
836 838
838 852
852 857
857 859
857 860
857 861
857 862
859 864
859 865
859 866
859 867
859 868
859 869
859 870
860 871
860 872
861 873
861 874
861 875
861 876
861 877
862 878
862 879
862 880
862 881
862 882
862 883
862 884
884 905
905 910
905 911
910 913
911 914
911 915
911 916
911 917
913 919
913 920
913 921
914 922
915 923
916 924
916 925
916 926
917 927
917 928
917 929
917 930
930 965
965 973
965 974
965 975
965 976
965 977
973 979
973 980
973 981
973 982
973 983
974 984
974 985
974 986
974 987
974 988
974 989
974 990
975 991
975 992
976 993
976 994
977 995
977 996
977 997
977 998
977 999
977 1000
978 1000
966 978
967 978
968 978
969 978
970 978
971 978
972 978
931 966
932 967
933 967
934 967
935 967
936 967
937 967
938 967
939 968
940 968
941 968
942 968
943 968
944 969
945 969
946 969
947 969
948 969
949 969
950 969
951 970
952 970
953 970
954 970
955 970
956 970
957 971
958 971
959 971
960 971
961 971
962 971
963 971
964 972
918 964
912 918
906 912
907 912
908 912
909 912
885 906
886 906
887 906
888 906
889 906
890 906
891 907
892 907
893 907
894 907
895 907
896 907
897 907
898 908
899 908
900 908
901 908
902 908
903 909
904 909
863 904
858 863
853 858
854 858
855 858
856 858
839 853
840 854
841 854
842 854
843 855
844 855
845 855
846 855
847 855
848 855
849 856
850 856
851 856
837 851
832 837
833 837
834 837
835 837
818 832
819 832
820 833
821 833
822 833
823 833
824 834
825 835
826 835
827 835
828 835
829 835
830 835
816 830
797 816
786 797
787 797
788 797
789 797
790 797
770 786
771 786
772 786
773 786
774 786
775 787
776 787
777 787
778 787
779 788
780 788
781 788
782 788
783 789
784 790
748 784
741 748
736 741
737 741
738 741
722 736
723 736
724 737
725 737
726 737
727 737
728 738
729 738
730 738
731 738
732 738
733 738
734 738
688 734
675 688
676 688
677 688
678 688
679 688
657 675
658 675
659 677
660 677
661 677
662 677
663 677
664 677
665 678
666 678
667 678
668 678
669 678
670 679
671 679
672 679
655 672
652 655
653 655
632 653
625 632
619 625
620 625
621 625
622 625
613 619
614 620
615 620
616 621
617 622
597 617
588 597
589 597
590 597
591 597
592 597
577 588
578 588
579 589
580 590
581 590
582 591
583 591
584 591
585 591
586 591
552 586
544 552
536 544
537 544
538 544
539 544
540 544
541 544
542 544
515 536
516 536
517 536
518 536
519 537
520 537
521 537
522 537
523 537
524 538
525 540
526 540
527 540
528 540
529 540
530 540
531 541
532 541
533 541
534 542
494 534
487 494
488 494
481 487
482 487
483 487
484 487
485 487
469 481
470 482
471 483
472 483
473 483
474 483
475 483
476 484
477 484
478 485
479 485
448 479
437 448
438 448
439 448
440 448
441 448
410 437
411 437
412 437
413 437
414 437
415 437
416 437
417 438
418 438
419 438
420 439
421 439
422 439
423 439
424 440
425 440
426 440
427 440
428 440
429 441
430 441
431 441
432 441
433 441
434 441
435 441
394 435
387 394
388 394
389 394
390 394
385 387
383 385
967 974
677 686
913 944
836 844
593 616
745 776
136 137
745 772
918 947
743 760
204 225
274 282
250 260
89 95
86 105
445 477
494 529
626 642
910 915
444 476
918 928
457 481
404 437
463 481
682 707
392 396
687 692
86 110
914 952
46 68
631 634
835 836
272 285
688 731
386 394
252 258
953 972
682 691
252 256
203 225
545 571
746 782
392 434
967 977
205 210
329 348
87 109
131 148
219 226
859 886
135 161
655 668
572 588
546 577
748 765
16 32
329 362
269 290
969 976
135 168
747 782
494 533
596 603
45 63
487 490
3 7
394 411
250 266
631 642
332 355
392 409
548 569
16 37
48 62
740 746
274 296
329 353
859 883
859 894
551 569
746 760
746 753
913 947
448 464
593 613
89 113
548 576
809 819
131 137
863 868
3 4
748 753
308 318
747 750
684 731
91 111
782 786
654 661
815 822
90 97
130 165
265 267
571 590
394 399
655 659
366 383
523 538
748 778
531 539
917 944
335 350
680 706
632 636
437 444
916 942
793 803
916 941
46 53
914 960
178 185
180 191
407 438
627 648
547 571
20 36
687 733
688 713
87 94
969 977
863 893
682 723
332 354
886 908
911 913
391 424
370 385
685 718
135 157
49 54
836 848
597 606
841 853
366 376
205 218
129 161
918 942
916 960
3 8
498 540
861 866
654 672
746 756
252 257
975 979
655 667
638 654
129 145
594 612
391 409
684 714
392 398
18 38
391 417
442 472
593 615
334 341
269 303
490 514
861 886
88 115
330 346
71 75
593 605
136 163
369 383
449 484
180 187
308 323
836 843
90 107
18 39
490 506
938 972
489 523
674 682
71 72
910 916
902 905
446 467
860 869
550 566
545 559
626 639
862 868
913 959
492 508
978 990
836 841
440 446
48 57
807 818
783 785
129 146
367 383
445 469
863 882
655 664
631 651
510 539
272 303
127 130
683 692
228 246
443 456
125 126
331 336
861 888
913 936
487 492
70 79
391 432
181 186
494 503
131 173
17 41
861 902
744 781
16 22
860 884
547 568
231 237
655 656
682 734
654 663
682 727
687 711
977 984
743 780
918 937
134 146
331 358
492 514
686 717
687 699
909 911
270 280
20 27
546 572
488 489
739 747
545 568
492 531
837 846
270 301
181 190
862 900
134 171
552 569
688 714
915 943
136 161
228 245
481 486
654 659
943 970
385 390
131 174
836 845
912 916
544 546
740 743
493 528
392 428
499 537
915 960
730 735
601 622
442 454
400 438
548 584
309 316
955 966
394 397
92 108
131 171
394 404
545 578
227 245
655 660
793 808
665 673
597 605
596 615
655 665
271 299
251 260
311 328
597 616
494 512
231 245
909 910
86 104
745 754
453 480
808 823
126 132
393 431
392 414
379 385
978 985
491 533
523 539
19 22
654 666
913 934
915 955
547 576
678 685
684 700
270 289
797 812
331 363
610 619
863 869
683 691
19 28
445 476
488 493
510 540
393 404
552 583
74 83
740 742
135 143
632 635
862 867
20 22
550 565
491 505
200 206
684 717
742 759
808 827
918 962
330 345
629 652
128 132
274 294
202 204
858 859
859 885
686 706
570 590
545 584
914 921
519 540
631 650
791 814
393 434
231 236
491 516
968 974
916 930
134 169
135 172
506 539
86 95
297 306
977 982
747 758
45 59
442 467
129 143
803 821
44 60
491 501
129 144
205 219
743 778
269 298
445 474
686 723
483 488
626 653
491 520
20 28
447 464
973 987
88 99
662 673
915 931
177 191
747 772
201 203
91 117
130 172
917 952
804 829
332 347
747 783
443 452
680 734
837 847
617 621
873 908
206 209
49 64
390 391
206 213
47 59
547 578
136 155
661 679
274 286
681 716
545 554
453 481
792 803
612 621
528 535
686 724
394 395
687 703
250 261
766 786
641 654
628 650
975 984
683 722
329 341
975 1000
916 953
134 150
2 12
92 100
229 235
745 768
16 27
446 479
585 590
658 679
685 719
629 648
136 160
795 816
128 134
744 777
744 752
598 622
551 564
446 465
684 701
627 638
678 681
394 403
271 296
369 373
203 224
128 131
132 138
448 454
136 140
391 410
917 933
88 117
677 687
978 988
367 371
916 952
862 904
683 733
489 502
844 856
207 212
681 696
274 283
18 40
366 372
747 755
859 896
329 355
621 624
623 631
20 37
916 929
597 607
687 704
332 362
393 407
128 133
688 728
393 405
720 735
978 997
18 36
809 818
746 752
448 451
800 830
394 419
978 983
549 585
453 483
595 613
862 892
447 470
203 223
642 654
90 116
860 892
836 840
91 120
917 923
441 444
392 420
810 821
915 922
309 327
654 658
90 94
201 207
763 788
589 595
594 604
539 543
384 387
496 539
863 894
178 197
977 979
546 559
793 806
777 786
629 650
445 461
274 280
528 541
836 846
490 530
448 450
654 657
228 232
547 565
180 185
786 793
252 254
393 414
129 159
837 839
863 873
391 420
631 638
746 758
272 302
269 300
178 186
268 304
309 326
393 402
793 798
206 215
91 105
506 542
202 206
688 711
129 157
491 526
683 697
31 42
861 883
444 453
136 147
845 853
546 568
748 763
47 50
918 948
329 359
861 894
598 618
136 145
681 702
394 426
273 285
759 785
682 732
545 565
859 881
330 356
861 896
915 935
905 912
44 59
490 507
794 816
625 628
124 128
862 901
18 41
618 625
927 971
915 964
269 286
392 416
859 898
916 944
129 153
439 445
620 624
491 500
492 513
442 452
438 445
394 408
548 581
766 789
655 671
384 388
10 15
271 287
270 277
273 304
627 647
90 117
331 357
913 937
71 76
393 427
974 981
818 834
861 871
654 660
394 430
444 463
490 511
977 986
274 301
334 347
490 499
91 110
684 712
685 689
914 953
250 256
838 853
387 393
626 643
177 189
493 509
917 946
552 578
918 958
492 529
912 915
443 463
493 496
922 970
862 871
860 904
549 577
547 567
546 569
48 61
335 354
111 122
180 192
969 974
421 437
680 722
179 194
489 531
3 6
493 531
44 66
686 697
250 255
683 713
852 858
89 94
393 397
685 706
915 921
533 537
889 908
490 495
860 893
629 639
274 293
131 138
92 101
16 25
681 732
494 506
550 555
679 683
547 560
551 582
862 870
393 425
270 300
746 773
308 321
683 707
406 440
861 900
860 876
761 786
742 767
268 299
135 137
860 866
682 717
684 692
332 359
795 803
329 337
655 670
91 113
724 738
632 647
686 719
271 303
862 899
491 522
975 999
81 83
204 216
788 794
828 832
748 755
206 225
448 471
654 665
273 305
687 729
681 710
310 315
886 905
491 531
836 850
110 122
269 299
916 947
441 447
903 906
334 349
334 338
588 594
492 505
744 750
251 261
793 805
18 33
591 594
393 420
206 212
489 504
918 919
546 561
490 497
129 173
129 151
738 740
43 67
447 471
917 951
546 567
913 943
974 997
134 162
335 342
472 481
545 557
494 525
614 622
202 203
200 205
688 693
272 305
746 781
442 456
90 106
402 438
393 426
687 732
126 134
310 320
662 678
444 458
976 991
229 237
505 535
207 223
269 277
48 56
251 262
490 523
974 1000
792 815
863 900
630 633
807 822
748 760
91 119
443 465
445 471
916 950
251 265
141 175
491 517
748 762
179 195
447 469
493 507
466 484
88 106
664 679
131 150
915 950
976 988
332 345
270 276
545 561
448 460
550 561
493 529
680 707
544 547
394 416
436 448
686 702
89 111
70 78
860 899
489 522
487 493
918 951
90 103
490 516
594 599
917 945
381 385
860 900
746 784
709 736
441 445
748 779
800 822
403 437
366 377
86 116
444 474
391 435
858 861
917 921
861 897
271 280
748 777
331 340
709 738
667 677
443 466
797 814
394 412
840 853
677 685
270 295
803 824
763 787
830 832
3 9
700 737
393 422
2 13
872 908
863 887
424 436
442 453
269 304
88 119
774 785
655 661
391 401
684 697
493 517
334 342
682 689
631 646
619 623
837 843
17 38
926 972
514 541
631 653
680 721
205 222
977 991
747 765
446 451
914 923
489 503
20 25
369 378
393 421
863 875
681 717
975 989
680 727
911 918
88 111
866 908
439 442
92 107
135 151
344 364
551 557
682 706
257 267
550 553
847 852
590 594
181 187
918 922
959 969
596 610
862 869
27 42
545 581
392 423
795 815
259 267
793 812
545 573
910 918
846 852
863 885
547 569
310 318
131 163
855 857
447 473
592 595
132 166
628 651
489 512
252 255
333 357
814 821
494 522
688 696
335 358
626 635
16 29
269 278
607 618
596 608
974 999
837 850
206 208
52 69
916 927
127 129
17 40
859 871
177 197
795 800
551 566
687 723
974 995
857 863
863 881
679 680
272 290
976 980
329 363
91 97
135 155
788 792
87 120
480 487
971 977
437 446
654 671
484 486
544 548
975 996
841 855
915 944
204 217
437 447
870 908
837 848
333 342
659 675
252 259
88 109
181 195
473 481
837 841
796 809
309 317
491 534
492 516
47 54
273 282
394 413
271 294
594 613
387 391
678 682
977 980
681 693
740 744
207 208
329 349
915 951
479 483
862 891
837 840
748 750
687 727
684 730
912 913
686 696
206 224
448 449
290 306
549 565
88 96
71 77
549 581
684 698
837 844
444 459
918 952
748 756
913 930
863 872
861 884
332 341
44 54
47 55
627 649
482 486
973 995
746 759
553 587
623 628
446 469
854 857
393 432
446 450
507 540
309 312
914 929
654 669
765 787
597 613
131 152
392 397
330 357
688 721
632 649
126 135
284 306
490 531
680 709
330 343
975 997
974 982
445 472
654 670
443 457
132 164
863 901
847 854
58 69
861 904
755 787
130 168
595 617
548 586
927 966
447 456
268 282
394 407
913 929
655 657
488 492
743 777
269 285
391 433
493 519
228 244
862 866
577 592
791 816
44 53
917 919
489 521
136 154
202 205
807 828
654 667
399 438
794 798
334 348
443 474
735 741
49 66
683 725
805 821
819 831
596 613
269 297
916 923
203 217
545 560
862 874
688 695
546 573
492 512
333 344
87 118
274 276
392 433
271 286
135 140
205 211
447 453
272 296
977 992
904 908
685 702
595 607
655 666
230 241
862 875
230 245
130 154
334 352
393 429
551 559
624 632
721 736
135 169
250 263
776 790
917 958
250 254
863 871
586 587
132 157
493 533
130 169
331 341
331 361
626 648
682 711
394 425
917 937
917 964
743 776
131 140
684 691
492 532
49 53
916 963
682 719
551 571
333 336
833 836
89 114
742 772
333 358
361 364
794 812
87 105
366 374
394 433
134 173
494 530
740 748
562 590
86 115
91 121
666 676
393 433
721 737
950 972
655 658
132 159
228 248
492 515
179 187
744 749
366 375
683 704
685 723
680 714
206 216
490 498
796 804
913 932
309 322
829 834
975 985
654 664
547 564
205 220
813 825
552 570
489 532
47 66
916 933
812 821
319 328
272 298
19 40
862 888
548 566
861 903
915 927
229 238
45 65
860 875
46 51
863 891
367 370
489 524
630 645
802 821
863 870
408 439
807 821
88 116
796 799
682 730
837 842
681 703
974 992
90 114
740 745
632 639
961 966
792 810
394 434
492 527
915 926
33 42
902 907
597 615
16 33
443 462
136 148
736 740
331 353
814 818
485 486
391 434
482 488
745 774
794 800
837 849
836 842
420 441
915 945
596 599
117 122
49 58
207 221
271 281
968 975
543 552
330 363
884 906
803 827
545 575
445 478
682 726
133 138
270 275
636 655
181 182
230 234
917 935
688 690
134 164
794 811
200 204
391 414
132 156
369 377
446 454
551 573
46 63
236 249
777 789
860 903
53 69
862 885
385 388
273 294
804 820
861 898
917 962
630 653
71 73
956 967
493 526
20 33
177 182
917 922
680 728
204 213
687 697
748 776
136 166
853 857
593 606
939 967
468 481
915 939
132 139
684 720
591 596
310 317
975 987
392 417
513 540
681 721
915 940
745 773
792 801
722 737
136 167
736 739
391 411
489 501
688 726
446 449
268 292
742 783
132 155
551 577
655 662
861 879
526 539
568 588
489 511
70 82
913 958
560 589
744 778
595 614
45 58
481 488
16 41
860 894
685 714
492 525
321 328
89 97
391 404
335 336
134 151
491 511
860 883
685 698
745 752
535 544
745 758
760 786
683 732
745 775
790 793
918 957
821 831
610 618
89 104
863 884
863 888
745 756
491 502
207 209
205 223
746 775
914 961
508 542
271 275
789 791
681 712
928 966
448 466
132 171
268 289
743 775
309 313
176 191
331 350
918 959
706 737
914 963
269 284
229 236
744 770
625 631
45 66
839 854
608 618
547 570
493 503
793 811
16 39
89 99
916 922
779 786
893 909
913 945
544 545
178 193
181 188
231 243
639 654
466 482
507 542
330 359
86 111
444 475
272 276
969 975
43 59
743 761
18 34
673 688
916 921
747 775
367 382
973 997
655 669
741 744
625 627
231 246
204 221
550 580
272 281
684 723
861 892
503 535
910 914
861 901
443 453
688 717
87 104
859 891
862 889
330 354
632 634
545 577
743 756
44 63
443 475
3 5
394 415
308 326
858 860
801 821
809 828
86 118
738 739
366 379
792 798
136 156
799 817
366 380
126 136
778 788
913 954
681 714
583 587
805 817
667 673
91 112
552 565
132 145
596 614
273 279
684 729
914 957
20 21
309 311
548 585
391 426
134 144
4 15
549 553
92 103
814 822
203 210
837 845
394 420
392 425
90 109
246 249
680 696
442 459
43 66
309 324
822 831
440 443
133 158
366 373
684 713
914 925
630 639
674 683
492 524
706 738
803 823
594 601
977 985
796 805
629 633
795 813
392 413
657 674
625 626
504 542
329 354
860 896
862 894
973 989
744 765
492 509
606 620
647 655
177 193
368 383
745 767
444 461
493 524
406 439
268 294
134 140
945 971
830 834
178 189
346 364
353 364
442 455
230 238
914 951
913 964
605 622
70 81
863 879
17 33
440 442
874 907
181 192
681 707
913 951
334 345
687 710
861 893
492 523
273 290
747 757
393 403
684 718
685 716
858 862
90 120
369 375
130 142
917 957
445 465
176 189
46 66
859 879
132 158
594 614
550 581
391 428
942 969
270 283
744 775
593 611
128 129
915 958
836 849
552 580
726 735
130 145
626 637
393 410
89 116
374 384
47 60
391 422
743 767
552 561
813 820
147 175
746 774
918 925
797 799
394 414
548 567
676 680
709 735
87 112
449 480
445 464
490 513
485 488
626 640
684 694
816 827
688 712
902 909
179 186
507 541
941 972
914 946
592 594
629 646
387 392
391 425
269 289
746 761
860 877
229 240
447 457
597 608
917 949
913 946
494 511
734 737
913 960
914 920
442 451
547 583
914 940
791 807
205 224
178 184
497 536
493 520
799 827
332 340
176 187
596 606
549 563
914 964
330 348
367 381
394 398
334 340
977 983
685 734
513 541
48 53
369 374
273 275
914 949
628 634
516 538
916 940
971 975
274 289
132 151
368 382
309 323
598 621
821 835
406 437
129 149
794 813
747 768
88 95
207 216
493 508
129 165
860 867
176 190
391 421
48 52
443 449
745 766
273 295
913 950
966 973
494 499
975 994
768 785
680 710
746 762
368 373
405 438
428 436
860 868
401 436
976 990
231 238
754 789
913 963
751 785
253 267
48 58
391 429
489 526
661 673
417 440
392 395
630 644
790 792
788 796
486 494
19 25
135 144
812 823
655 663
748 780
270 304
572 589
273 287
510 536
546 584
268 297
795 804
669 674
491 524
551 565
797 808
744 783
915 932
862 872
748 782
91 109
86 107
129 141
918 944
744 764
87 107
178 187
86 100
859 895
977 993
797 798
547 553
274 299
87 111
272 278
915 959
746 783
333 362
335 351
836 839
681 706
862 896
623 630
790 794
133 146
251 266
754 790
666 674
688 694
384 389
654 668
915 962
551 572
390 393
379 384
748 749
268 298
744 776
915 920
792 806
308 325
310 314
494 505
914 958
90 102
274 300
333 337
392 419
688 724
673 685
129 164
493 499
442 457
19 29
444 466
978 979
447 452
492 530
596 616
487 491
625 630
968 973
446 456
545 556
269 276
334 337
135 173
861 895
748 752
745 770
134 143
126 133
931 965
860 889
687 691
915 948
492 518
860 901
596 598
924 967
176 192
135 170
687 724
914 959
917 932
546 566
231 242
5 15
490 528
491 498
741 742
859 878
491 515
795 811
816 823
918 938
631 641
17 34
547 554
273 283
640 654
79 83
552 558
269 294
862 897
793 800
683 730
631 640
450 480
443 476
626 646
945 966
675 687
676 682
545 562
49 62
917 939
20 31
273 281
490 509
489 514
207 220
518 540
251 253
686 690
972 976
675 683
130 149
914 935
683 698
742 784
747 778
43 65
743 769
446 471
545 569
494 521
129 174
973 988
593 607
413 440
19 26
811 828
393 399
675 680
700 738
309 325
593 610
672 675
860 878
334 339
748 759
529 539
745 750
545 563
447 474
862 865
684 721
43 68
331 362
861 882
746 770
627 644
744 754
862 887
130 144
334 336
16 24
448 465
745 783
309 315
875 908
681 695
179 185
129 156
393 428
790 796
438 447
917 954
59 69
89 102
492 503
799 823
544 550
792 813
396 438
493 500
863 896
505 536
592 593
559 592
742 774
627 637
332 342
687 707
178 195
913 931
231 247
781 787
250 264
861 865
130 174
657 678
330 353
394 418
136 158
444 454
917 950
493 498
914 934
867 909
748 754
494 513
525 538
401 441
130 155
251 264
949 972
547 563
797 805
90 95
798 821
688 727
669 676
914 930
790 791
490 524
445 467
912 914
231 248
550 579
679 685
683 729
914 947
550 563
181 183
681 733
510 535
863 876
587 597
460 482
914 955
130 146
134 174
654 662
368 375
977 981
492 504
203 214
129 150
717 738
272 277
628 642
310 321
972 977
16 23
129 139
130 150
547 581
20 38
135 171
368 376
