72 89 8
2 15 14 22 9 6 3 1
1 3
1 4
3 20
20 34
34 55
55 63
63 69
69 72
2 4
2 5
2 6
2 7
2 8
2 9
2 10
2 11
2 12
2 13
2 14
2 15
2 16
2 17
21 38
21 39
21 40
21 41
21 42
21 43
7 24
7 25
7 31
8 26
9 22
9 23
9 27
9 28
9 18
9 19
22 38
22 39
22 40
22 44
22 45
22 46
10 25
24 47
24 48
26 49
27 37
28 50
28 51
28 52
28 53
28 33
28 35
28 36
47 57
47 58
48 58
48 59
51 61
51 62
65 70
65 71
66 70
66 71
60 67
60 64
61 67
62 65
62 68
68 70
13 21
14 29
29 37
15 22
16 23
17 30
30 38
31 37
18 38
19 32
32 57
33 54
54 65
35 56
56 66
36 60
64 70

