513 563 34
1 4 5 8 11 12 13 16 15 16 16 16 15 16 16 17 18 19 20 21 21 22 22 24 24 24 21 18 17 14 12 9 8 2
1 2
1 5
1 3
1 4
2 6
2 9
256 277
256 284
6 12
6 11
6 13
6 16
469 490
469 483
277 315
277 316
12 22
12 28
12 19
12 21
72 88
72 99
22 33
22 36
240 260
240 264
88 108
88 109
88 116
33 46
33 49
33 51
221 242
221 237
221 239
260 293
260 288
280 315
280 318
46 61
46 68
46 70
46 60
138 153
138 157
138 160
261 280
261 293
242 256
242 266
61 72
61 81
153 172
419 439
419 450
108 125
108 132
109 120
125 138
496 508
496 509
172 188
172 194
498 504
439 463
205 221
205 225
205 233
205 217
188 207
188 212
225 244
207 231
207 218
421 442
286 308
286 300
308 331
308 326
442 459
442 467
331 359
331 353
331 357
459 475
459 477
477 490
490 496
490 498
509 512
509 513
359 382
359 384
382 406
382 407
384 410
406 419
406 421
463 481
293 301
315 331
315 328
273 293
273 290
231 242
5 10
10 18
18 29
29 41
41 54
54 69
69 85
85 86
86 102
102 118
118 134
134 149
149 166
166 182
182 199
199 219
219 238
238 256
3 7
7 14
14 24
24 35
35 45
45 58
58 72
4 8
8 15
15 25
25 37
37 48
48 62
62 77
77 93
93 110
110 126
126 142
142 156
156 173
173 189
189 206
206 226
226 247
247 268
268 287
287 309
309 332
332 355
355 378
378 401
401 425
425 444
444 461
461 475
9 17
17 27
27 39
39 52
52 66
66 82
82 98
98 115
115 131
131 146
146 162
162 179
179 196
196 214
214 232
232 252
252 274
274 295
295 297
297 319
319 342
342 366
366 390
390 421
11 20
20 31
31 42
42 55
55 72
13 23
23 34
34 44
44 57
57 74
74 90
90 105
105 122
122 139
139 152
152 169
169 185
185 202
202 223
223 245
245 265
265 282
282 305
305 331
16 26
26 38
38 50
50 64
64 79
79 95
95 112
112 128
128 143
143 158
158 175
175 191
191 209
209 228
228 249
249 270
270 291
291 313
313 336
336 361
361 385
385 408
408 430
430 447
447 463
28 40
40 53
53 67
67 83
83 100
100 117
117 133
133 148
148 164
164 165
165 181
181 198
198 216
216 240
19 30
30 46
21 32
32 43
43 56
56 73
73 89
89 104
104 121
121 137
137 153
36 47
47 59
59 75
75 91
91 106
106 123
123 140
140 154
154 170
170 186
186 203
203 221
49 63
63 78
78 94
94 111
111 127
127 138
51 65
65 80
80 96
96 113
113 129
129 144
144 159
159 176
176 192
192 210
210 229
229 250
250 271
271 292
292 314
314 337
337 362
362 386
386 409
409 431
431 448
448 465
465 479
479 492
492 502
502 510
510 512
68 84
84 101
101 109
70 71
71 87
87 103
103 119
119 135
135 150
150 167
167 183
183 200
200 220
220 241
241 259
259 279
279 303
303 325
325 348
348 371
371 395
395 417
417 442
60 76
76 92
92 107
107 124
124 141
141 155
155 171
171 187
187 204
204 224
224 246
246 267
267 285
285 307
307 330
330 354
354 377
377 400
400 424
424 443
443 460
460 476
476 489
489 500
500 507
507 513
81 97
97 114
114 130
130 145
145 161
161 178
178 195
195 213
213 225
99 108
116 125
132 147
147 163
163 180
180 197
197 215
215 234
234 254
254 255
255 276
276 299
299 321
321 344
344 367
367 391
391 414
414 434
434 452
452 470
470 484
484 498
120 136
136 151
151 168
168 184
184 201
201 222
222 243
243 262
262 281
281 304
304 327
327 350
350 373
373 397
397 420
420 438
438 456
456 473
473 487
487 496
157 174
174 190
190 208
208 227
227 248
248 269
269 289
289 311
311 334
334 358
358 381
381 404
404 419
160 177
177 193
193 211
211 231
194 205
212 230
230 251
251 272
272 294
294 317
317 339
339 364
364 388
388 412
412 421
233 253
253 275
275 296
296 298
298 320
320 343
343 384
217 235
235 257
257 293
218 236
236 273
237 261
239 258
258 278
278 302
302 324
324 347
347 370
370 394
394 416
416 436
436 454
454 471
471 485
485 495
495 508
244 263
263 286
264 280
266 283
283 315
284 306
306 329
329 352
352 375
375 398
398 422
422 440
440 457
457 469
288 310
310 333
333 356
356 379
379 402
402 426
426 442
290 312
312 335
335 360
360 383
383 405
405 428
428 446
446 464
464 477
316 338
338 363
363 387
387 411
411 433
433 451
451 468
468 482
482 490
318 340
340 341
341 365
365 389
389 413
413 442
300 322
322 345
345 368
368 392
392 421
301 323
323 346
346 369
369 393
393 415
415 435
435 453
453 469
326 349
349 372
372 396
396 418
418 437
437 455
455 472
472 486
486 497
497 505
505 512
328 351
351 374
374 406
353 376
376 399
399 423
423 441
441 458
458 474
474 488
488 499
499 506
506 513
357 380
380 403
403 427
427 445
445 462
462 478
478 491
491 501
501 508
407 429
429 439
410 432
432 449
449 463
450 466
466 480
480 493
493 498
467 477
481 494
494 503
503 511
511 513
483 498
504 513

