553 603 34
1 4 7 10 12 15 16 17 18 16 18 19 20 23 26 26 26 27 28 27 22 21 21 18 17 15 14 15 14 11 10 11 7 1
1 2
1 4
1 5
1 3
2 6
2 8
2 9
2 10
23 36
23 38
6 15
6 16
6 19
6 13
68 86
68 91
68 92
36 57
36 64
136 168
136 160
15 27
15 28
15 32
527 537
86 103
103 127
103 126
103 130
27 36
27 40
27 41
27 44
503 516
503 517
537 549
537 550
177 213
177 219
177 199
177 201
426 445
516 532
57 68
57 81
57 66
159 182
159 186
362 390
362 397
445 466
445 461
233 260
207 233
207 246
182 207
182 205
260 286
260 293
520 527
520 533
520 534
286 314
286 316
286 326
479 495
479 492
479 493
314 346
314 354
316 350
495 503
495 511
531 545
531 544
550 553
213 233
213 234
409 426
409 421
390 409
390 411
411 424
511 520
511 522
552 553
466 479
127 136
127 152
127 139
346 372
372 395
372 399
168 177
168 187
168 189
395 409
395 416
416 435
416 425
545 552
545 551
350 374
350 375
246 263
4 11
11 21
21 23
5 12
12 22
22 34
34 49
49 50
50 67
67 84
84 103
3 7
7 14
14 25
25 37
37 52
52 70
70 87
87 104
104 119
119 138
138 156
156 178
178 203
203 229
229 255
255 281
281 308
308 336
336 363
363 385
385 405
405 428
428 446
446 463
463 478
478 494
494 509
509 517
8 17
17 29
29 43
43 59
59 68
9 18
18 30
30 45
45 61
61 77
77 95
95 111
111 128
128 146
146 166
166 191
191 217
217 243
243 270
270 297
297 324
324 346
10 20
20 33
33 48
48 65
65 82
82 100
100 116
116 134
134 153
153 173
173 174
174 198
198 224
224 250
250 276
276 303
303 331
331 358
358 381
381 402
402 435
16 26
26 39
39 54
54 72
72 89
89 106
106 121
121 140
140 158
158 180
180 206
206 232
232 258
258 284
284 311
311 338
338 364
364 386
386 406
406 429
429 447
447 464
464 480
480 496
496 510
510 523
523 527
19 31
31 46
46 62
62 78
78 96
96 112
112 129
129 147
147 167
167 192
192 218
218 244
244 271
271 298
298 325
325 351
351 376
376 396
396 417
417 436
436 453
453 469
469 484
484 499
499 513
513 524
524 525
525 535
535 546
546 553
13 24
24 35
35 51
51 69
69 85
85 102
102 118
118 137
137 155
155 176
176 202
202 228
228 254
254 280
280 307
307 335
335 361
361 384
384 404
404 435
28 42
42 58
58 75
75 93
93 109
109 124
124 143
143 163
163 185
185 211
211 238
238 265
265 291
291 319
319 344
344 370
370 392
392 413
413 432
432 450
450 467
467 482
482 497
497 503
32 47
47 63
63 79
79 97
97 113
113 131
131 149
149 170
170 194
194 221
221 248
248 274
274 301
301 329
329 356
356 378
378 379
379 400
400 422
422 440
440 458
458 473
473 487
487 502
502 517
38 53
53 71
71 88
88 105
105 120
120 136
40 55
55 73
73 86
41 56
56 74
74 90
90 107
107 122
122 141
141 161
161 183
183 209
209 236
236 262
262 288
288 315
315 341
341 367
367 388
388 408
408 426
44 60
60 76
76 94
94 110
110 125
125 144
144 164
164 188
188 214
214 240
240 267
267 294
294 322
322 348
348 362
64 80
80 98
98 114
114 132
132 150
150 159
81 99
99 115
115 133
133 151
151 171
171 195
195 222
222 233
66 83
83 101
101 117
117 135
135 154
154 175
175 200
200 226
226 252
252 278
278 305
305 333
333 359
359 382
382 403
403 427
427 444
444 462
462 477
477 491
491 506
506 519
519 529
529 539
539 552
91 103
92 108
108 123
123 142
142 162
162 184
184 210
210 237
237 264
264 290
290 318
318 343
343 369
369 391
391 412
412 431
431 449
449 466
126 145
145 165
165 190
190 216
216 242
242 269
269 296
296 316
130 148
148 169
169 193
193 220
220 247
247 273
273 300
300 328
328 355
355 375
152 172
172 196
196 197
197 223
223 249
249 275
275 302
302 330
330 357
357 380
380 401
401 423
423 441
441 459
459 474
474 488
488 504
504 516
139 157
157 179
179 204
204 230
230 256
256 282
282 309
309 346
160 181
181 208
208 235
235 261
261 287
287 313
313 340
340 366
366 395
186 207
187 212
212 239
239 266
266 292
292 320
320 345
345 371
371 393
393 414
414 433
433 451
451 466
189 215
215 241
241 268
268 295
295 323
323 349
349 375
219 245
245 272
272 299
299 327
327 353
353 377
377 398
398 419
419 437
437 454
454 470
470 471
471 485
485 500
500 514
514 527
199 225
225 251
251 277
277 304
304 332
332 362
201 227
227 253
253 279
279 306
306 334
334 360
360 383
383 409
205 231
231 257
257 283
283 310
310 337
337 372
234 259
259 285
285 312
312 339
339 365
365 387
387 407
407 426
263 289
289 317
317 342
342 368
368 389
389 410
410 430
430 448
448 465
465 481
481 495
293 321
321 347
347 373
373 394
394 415
415 434
434 452
452 468
468 483
483 498
498 512
512 520
326 352
352 374
354 374
397 418
418 426
399 420
420 438
438 455
455 456
456 479
421 439
439 457
457 472
472 486
486 501
501 515
515 526
526 536
536 549
424 442
442 460
460 475
475 489
489 511
425 443
443 466
461 476
476 490
490 505
505 518
518 528
528 538
538 547
547 553
492 507
507 520
493 508
508 521
521 531
522 530
530 540
540 548
548 553
532 541
541 552
533 542
542 549
534 543
543 550
544 550
551 553

