86 113 6
1 16 26 18 19 6
1 3
1 5
1 6
1 8
1 9
1 10
1 11
1 12
1 13
1 14
1 15
1 16
1 17
1 2
1 4
1 7
45 62
45 63
45 64
45 66
45 67
45 69
9 25
9 31
9 32
9 33
9 34
9 35
9 36
9 20
9 21
9 22
9 23
25 47
25 54
25 55
48 62
48 63
48 69
48 73
48 74
48 75
10 24
11 37
29 44
29 48
29 51
29 52
12 26
13 33
13 38
13 39
13 40
13 27
13 28
13 30
34 48
34 55
35 56
35 53
54 71
54 72
71 81
71 82
72 82
72 83
72 84
56 76
76 85
37 57
38 59
38 60
77 84
77 86
78 84
78 86
58 79
58 70
59 79
60 77
60 80
80 86
14 41
41 44
15 42
42 61
61 62
16 43
43 45
17 18
18 47
2 25
4 19
19 48
7 29
20 44
21 46
46 62
22 45
23 48
24 55
26 47
27 49
49 77
28 50
50 78
30 58
51 62
52 65
65 81
53 68
68 82
70 86

