64 83 10
1 1 4 5 5 14 9 11 10 4
1 2
2 3
2 4
2 5
2 6
3 8
3 9
17 31
17 32
17 33
12 18
12 19
12 20
7 13
7 14
7 15
8 13
8 14
31 41
31 42
32 43
32 44
33 45
33 46
33 47
33 50
33 40
18 33
18 36
18 37
19 32
19 38
20 31
20 39
13 21
13 22
13 23
13 24
14 25
14 26
14 27
15 28
15 29
15 30
42 52
42 53
42 54
42 55
42 56
44 51
44 57
44 58
44 59
44 60
51 61
51 62
52 63
52 64
21 34
21 35
22 31
23 32
24 33
25 31
26 32
27 33
28 31
29 32
30 33
4 10
10 16
16 17
5 11
11 12
6 7
36 48
48 51
37 49
49 52
38 44
39 42
50 51
40 52

