85 110 4
16 57 11 1
17 75
17 80
75 85
1 17
1 49
1 50
2 17
2 51
2 52
3 17
3 53
3 54
4 17
4 55
4 56
5 17
5 57
5 58
6 17
6 59
6 60
7 17
7 61
7 62
8 17
8 18
8 19
8 20
8 21
8 22
8 23
8 24
8 25
8 26
8 27
8 28
8 29
8 30
8 31
8 32
8 33
8 34
8 35
8 36
8 37
8 38
8 39
8 40
8 41
8 42
8 43
8 44
8 45
8 46
8 47
8 48
8 63
9 17
9 64
10 17
10 65
11 17
11 66
11 67
12 17
12 68
13 17
13 69
14 17
14 70
14 71
15 17
15 72
16 17
16 73
49 75
50 81
81 85
51 75
52 82
82 85
53 75
54 83
83 85
55 75
56 84
84 85
57 75
58 74
74 85
59 75
60 76
76 85
61 75
62 77
77 85
63 75
64 75
65 75
66 75
67 78
78 85
68 75
69 75
70 75
71 79
79 85
72 75
73 75
80 85

