134 190 7
1 20 31 45 26 10 1
1 6
1 8
1 10
1 12
1 13
1 15
1 16
1 17
1 18
1 19
1 20
1 21
1 2
1 3
1 4
1 5
1 7
1 9
1 11
1 14
101 125
103 125
105 126
24 55
24 63
24 64
24 66
24 68
24 76
24 77
24 78
24 79
24 80
24 81
24 83
24 85
10 31
26 55
26 64
26 69
26 71
26 87
26 88
13 23
13 29
13 38
13 40
13 41
13 43
13 45
13 47
13 49
13 32
13 33
13 34
13 35
13 36
13 37
13 39
13 42
13 44
13 46
15 26
29 75
30 55
30 89
30 90
30 91
30 92
59 111
59 113
59 98
59 99
108 127
108 129
108 130
17 48
63 100
64 103
64 102
111 130
113 124
113 127
113 128
113 130
69 101
71 117
38 93
43 71
43 94
45 95
47 82
115 127
115 129
115 130
49 84
49 86
49 97
49 54
118 131
131 134
82 105
82 108
82 113
82 120
82 104
82 106
86 110
86 118
120 132
120 133
18 50
50 55
19 23
20 51
51 96
96 101
21 52
52 53
53 103
2 22
22 56
56 105
3 24
4 26
5 29
7 30
9 25
25 59
11 27
27 57
57 108
14 28
28 58
58 107
107 124
31 60
60 109
109 126
32 55
33 61
61 101
34 62
62 103
35 65
65 105
36 67
67 112
112 124
37 70
70 114
114 126
39 72
72 110
42 63
44 71
46 73
73 115
48 74
74 116
116 127
76 101
77 103
78 105
79 108
80 119
119 124
81 110
83 111
85 113
87 101
88 103
89 101
90 105
91 108
92 121
121 124
93 110
94 118
95 122
122 131
97 123
123 124
54 115
98 127
99 128
100 125
102 125
104 124
106 130

