314 405 14
1 7 12 17 19 25 34 42 46 43 40 17 10 1
159 205
159 207
159 209
159 216
205 269
205 271
207 248
207 250
207 272
207 273
209 250
209 251
209 274
305 314
248 287
248 293
250 288
251 290
11 28
11 35
11 37
11 22
11 23
11 26
214 275
253 287
170 207
170 220
170 217
171 220
171 218
171 221
93 126
93 128
93 130
93 132
93 136
93 138
93 140
28 48
28 49
28 43
28 44
28 46
220 260
220 277
220 278
126 171
126 175
126 181
126 195
126 198
126 200
126 202
293 305
222 248
222 251
222 280
175 207
175 222
175 224
175 223
175 226
175 228
175 229
175 230
175 232
224 251
224 281
260 287
260 294
48 67
48 68
49 70
49 71
49 74
49 75
99 126
99 141
99 143
99 146
99 149
99 151
181 214
181 236
181 233
181 235
4 11
4 12
4 13
4 14
4 15
4 16
4 18
134 170
134 158
134 160
137 159
137 170
137 171
137 162
137 164
137 165
137 166
137 169
70 93
70 107
70 108
236 253
236 282
236 284
184 205
184 237
72 93
72 110
72 112
72 113
72 82
72 85
72 87
72 89
1 4
1 5
1 6
1 7
1 8
1 2
1 3
73 93
73 90
73 92
5 17
17 33
33 52
52 77
77 106
106 147
147 189
189 240
240 276
276 300
300 311
311 314
6 11
7 19
19 36
36 55
55 80
80 114
114 156
156 201
201 214
8 20
20 21
21 38
38 57
57 83
83 126
2 9
9 24
24 48
3 10
10 25
25 41
41 60
60 88
88 121
121 168
168 215
215 254
254 294
12 27
27 45
45 64
64 95
95 127
127 174
174 205
13 29
29 47
47 66
66 97
97 131
131 179
179 209
14 30
30 50
50 69
69 101
101 139
139 185
185 238
238 250
15 31
31 49
16 32
32 51
51 76
76 105
105 134
18 34
34 53
53 78
78 109
109 137
35 54
54 79
79 111
111 153
153 196
196 214
37 56
56 81
81 115
115 157
157 203
203 246
246 253
22 39
39 58
58 84
84 117
117 170
23 40
40 59
59 86
86 119
119 171
26 42
42 61
61 93
43 62
62 91
91 123
123 159
44 63
63 94
94 125
125 173
173 209
46 65
65 96
96 129
129 177
177 227
227 260
67 98
98 133
133 159
68 100
100 135
135 182
182 234
234 266
266 290
71 102
102 142
142 159
74 103
103 144
144 170
75 104
104 145
145 171
107 148
148 190
190 205
108 150
150 192
192 207
110 152
152 194
194 205
112 154
154 197
197 209
113 155
155 199
199 244
244 285
285 303
303 304
304 314
82 116
116 161
161 208
208 250
85 118
118 163
163 211
211 249
249 290
87 120
120 167
167 220
89 126
90 122
122 159
92 124
124 172
172 219
219 257
257 292
292 307
307 314
128 176
176 225
225 261
261 287
130 178
178 209
132 180
180 231
231 263
263 293
136 183
183 222
138 175
140 186
186 224
141 159
143 187
187 239
239 270
270 297
297 309
309 314
146 188
188 220
149 191
191 241
241 260
151 193
193 242
242 279
279 294
195 243
243 283
283 302
302 313
313 314
198 220
200 224
202 245
245 286
286 294
158 204
204 248
160 206
206 253
162 210
210 247
247 289
289 305
164 212
212 251
165 222
166 213
213 252
252 294
169 236
216 255
255 287
217 250
218 256
256 291
291 306
306 314
221 258
258 290
223 259
259 287
226 262
262 288
228 250
229 251
230 260
232 264
264 294
233 265
265 288
235 267
267 290
237 268
268 295
295 305
269 296
296 308
308 314
271 288
272 287
273 298
298 305
274 290
275 299
299 310
310 314
277 287
278 288
280 293
281 293
282 301
301 312
312 314
284 290

