305 380 11
1 16 51 47 40 39 27 30 29 22 3
1 4
1 7
1 15
1 16
1 17
1 2
1 3
1 5
1 6
1 8
1 9
1 10
1 11
1 12
1 13
1 14
119 161
119 169
119 171
119 173
119 174
119 175
119 176
119 178
119 191
119 194
119 157
120 169
120 160
120 164
120 165
19 91
21 100
161 211
161 212
161 204
161 206
226 268
226 274
226 276
4 57
23 93
24 96
25 79
25 101
126 161
126 166
7 19
7 21
7 23
7 24
7 25
7 27
7 28
7 30
7 34
7 40
7 41
7 42
7 43
7 60
7 62
7 63
7 64
7 65
7 66
7 67
7 68
7 18
7 20
7 22
7 26
7 29
7 31
7 32
7 33
7 35
7 36
7 37
7 38
7 39
7 44
7 47
7 49
7 51
7 53
7 55
7 58
7 59
7 61
30 104
169 200
169 207
79 119
171 213
287 303
287 305
34 105
212 226
212 233
212 235
212 236
212 238
212 240
212 241
212 242
212 243
212 244
212 246
268 287
268 290
268 291
268 292
268 293
268 294
268 298
268 299
268 300
294 304
96 153
143 169
143 189
97 119
99 120
145 186
186 207
187 207
40 107
108 120
189 217
15 45
45 111
111 119
16 46
46 112
112 120
17 48
48 69
69 118
118 158
158 197
197 224
224 253
253 282
282 303
2 19
3 21
5 50
50 73
73 124
124 161
6 52
52 75
75 127
127 168
168 205
205 226
8 54
54 80
80 131
131 172
172 200
9 23
10 24
11 25
12 56
56 85
85 126
13 27
14 28
57 86
86 136
136 180
180 200
60 89
89 119
62 92
92 120
63 95
95 142
142 184
184 215
215 247
247 275
275 297
297 303
64 103
103 149
149 161
65 106
106 151
151 190
190 218
218 226
66 110
110 155
155 193
193 200
67 113
113 126
68 114
114 116
116 169
18 70
70 121
121 159
159 207
20 79
22 72
72 123
123 163
163 201
201 228
228 256
256 284
284 304
26 76
76 128
128 171
29 77
77 129
129 173
31 81
81 132
132 174
32 82
82 133
133 175
33 84
84 135
135 179
179 210
210 239
239 266
266 287
35 87
87 137
137 176
36 90
90 139
139 178
37 94
94 141
141 183
183 211
38 98
98 144
144 185
185 212
39 102
102 148
148 188
188 216
216 248
248 277
277 301
301 305
44 109
109 154
154 192
192 220
220 250
250 279
279 290
47 115
115 117
117 156
156 195
195 222
222 268
49 71
71 122
122 162
162 199
199 227
227 255
255 291
51 74
74 125
125 167
167 203
203 230
230 258
258 292
53 78
78 130
130 170
170 208
208 234
234 261
261 293
55 83
83 134
134 177
177 209
209 237
237 264
264 294
58 93
59 88
88 138
138 181
181 213
61 96
91 140
140 182
182 214
214 245
245 272
272 295
295 304
100 146
146 161
101 147
147 161
104 150
150 169
105 120
107 152
152 161
153 161
191 219
219 249
249 278
278 302
302 303
194 221
221 251
251 280
280 281
281 304
157 196
196 223
223 252
252 287
160 198
198 225
225 254
254 283
283 303
164 211
165 212
166 202
202 229
229 257
257 285
285 303
204 231
231 268
206 232
232 259
259 293
233 260
260 286
286 303
235 262
262 288
288 304
236 263
263 287
238 265
265 289
289 305
240 267
267 290
241 268
242 269
269 291
243 270
270 292
244 271
271 293
246 273
273 294
274 296
296 305
276 290
298 303
299 304
300 305

