310 343 28
2 15 14 14 15 16 17 18 20 19 16 12 11 12 10 10 10 9 9 8 9 9 10 10 6 4 4 1
1 3
2 3
2 11
2 14
2 15
2 17
2 5
2 6
2 8
2 12
2 4
2 7
2 9
2 10
2 13
2 16
3 19
151 167
151 168
19 33
167 180
167 179
33 49
33 47
49 66
49 64
180 192
180 191
224 234
66 84
66 85
66 82
192 204
192 205
205 214
205 215
214 224
214 227
214 228
287 296
234 243
234 248
296 302
243 251
243 256
251 260
251 265
260 270
270 279
270 285
279 287
279 289
279 295
289 297
302 306
302 309
306 310
84 102
84 100
85 103
140 163
102 121
102 120
103 122
103 125
121 140
121 141
141 151
122 142
122 143
122 147
142 160
143 165
11 26
26 40
40 56
56 72
72 89
89 107
107 127
127 146
146 151
14 19
15 29
29 43
43 59
59 75
75 92
92 110
110 130
130 149
149 166
166 167
17 31
31 45
45 46
46 61
61 77
77 94
94 112
112 132
132 152
152 168
5 20
20 34
34 50
50 65
65 81
81 98
98 116
116 136
136 156
156 171
171 180
6 21
21 35
35 51
51 67
67 83
83 101
101 119
119 138
138 158
158 172
172 183
183 195
195 204
8 23
23 37
37 53
53 69
69 86
86 104
104 123
123 144
144 161
161 174
174 185
185 197
197 205
12 27
27 41
41 57
57 73
73 90
90 108
108 128
128 148
148 164
164 177
177 188
188 200
200 210
210 220
220 231
231 240
240 249
249 257
257 266
266 267
267 276
276 286
286 296
4 18
18 32
32 48
48 63
63 79
79 96
96 114
114 134
134 154
154 169
169 181
181 193
193 206
206 216
216 226
226 236
236 244
244 252
252 259
259 269
269 278
278 288
288 297
7 22
22 36
36 52
52 68
68 85
9 24
24 38
38 54
54 70
70 87
87 105
105 124
124 140
10 25
25 39
39 55
55 71
71 88
88 106
106 126
126 141
13 28
28 42
42 58
58 74
74 91
91 109
109 129
129 143
16 30
30 44
44 60
60 76
76 93
93 111
111 131
131 150
150 160
47 62
62 78
78 95
95 113
113 133
133 153
153 167
64 80
80 97
97 115
115 135
135 155
155 170
170 182
182 194
194 207
207 217
217 224
82 99
99 117
117 137
137 157
157 168
100 118
118 140
120 139
139 159
159 173
173 184
184 196
196 208
208 218
218 229
229 239
239 247
247 255
255 263
263 273
273 282
282 291
291 299
299 304
304 308
308 310
125 145
145 162
162 175
175 186
186 198
198 204
147 160
163 176
176 187
187 199
199 209
209 219
219 230
230 234
165 178
178 189
189 201
201 211
211 221
221 222
222 232
232 243
179 190
190 202
202 212
212 224
191 203
203 213
213 223
223 233
233 241
241 250
250 258
258 268
268 277
277 287
215 225
225 235
235 242
242 251
227 237
237 245
245 253
253 261
261 271
271 280
280 287
228 238
238 246
246 254
254 262
262 272
272 281
281 290
290 298
298 303
303 307
307 310
248 251
256 264
264 274
274 283
283 292
292 297
265 275
275 284
284 293
293 300
300 305
305 306
285 294
294 297
295 301
301 302
309 310

