240 272 20
1 1 1 12 13 15 18 19 19 19 18 20 22 19 15 11 8 5 3 1
1 2
2 3
3 5
3 15
3 6
3 8
3 10
3 12
3 4
3 11
3 14
3 9
3 13
3 7
5 20
5 25
102 121
102 134
48 68
48 69
48 65
20 35
20 37
20 42
20 31
121 147
121 155
121 138
184 207
68 92
68 85
69 90
35 51
35 54
207 217
207 218
37 48
37 60
37 61
37 44
217 229
218 230
218 227
147 170
147 172
147 161
147 162
92 102
92 114
229 235
230 236
112 121
112 133
170 194
172 184
172 195
235 239
235 237
133 140
194 203
195 204
239 240
15 16
16 29
29 45
45 63
63 83
83 102
6 18
18 32
32 48
8 21
21 35
10 23
23 36
36 52
52 72
72 91
91 110
110 129
129 149
149 169
169 191
191 207
12 26
26 40
40 56
56 76
76 96
96 116
116 135
135 154
154 176
176 196
196 198
198 217
4 17
17 30
30 46
46 64
64 84
84 103
103 122
122 141
141 163
163 185
185 205
205 218
11 24
24 38
38 53
53 73
73 93
93 111
111 130
130 150
150 171
171 192
192 211
211 222
222 230
14 28
28 43
43 59
59 79
79 99
99 100
100 120
120 139
139 159
159 182
182 202
202 214
214 225
225 235
9 22
22 34
34 50
50 70
70 88
88 107
107 126
126 145
145 166
166 188
188 209
209 220
220 231
231 236
13 27
27 41
41 57
57 77
77 97
97 117
117 136
136 156
156 178
178 179
179 200
200 213
213 224
224 232
232 239
7 19
19 33
33 49
49 67
67 87
87 106
106 125
125 144
144 165
165 187
187 208
208 219
219 228
228 234
234 238
238 240
25 39
39 55
55 75
75 95
95 115
115 121
42 58
58 78
78 98
98 118
118 119
119 137
137 157
157 180
180 207
31 47
47 66
66 86
86 105
105 124
124 143
143 170
51 71
71 89
89 108
108 127
127 146
146 167
167 189
189 207
54 74
74 94
94 113
113 131
131 151
151 173
173 193
193 212
212 223
223 229
60 69
61 80
80 81
81 112
44 62
62 82
82 101
101 133
65 92
85 104
104 123
123 142
142 164
164 186
186 206
206 216
216 229
90 109
109 128
128 148
148 168
168 190
190 210
210 221
221 230
114 132
132 152
152 174
174 184
134 153
153 175
175 184
155 177
177 197
197 199
199 217
138 158
158 181
181 201
201 218
140 160
160 183
183 207
161 194
162 195
203 218
204 215
215 226
226 233
233 239
227 236
237 240

