70 84 9
3 10 11 6 10 14 8 6 2
5 15
5 16
5 18
5 24
19 26
26 31
26 37
26 38
26 39
26 40
31 46
31 49
31 50
31 51
31 41
31 42
57 65
57 67
57 68
64 69
64 70
46 58
58 64
1 9
2 10
34 46
34 43
34 44
11 19
11 22
11 23
60 66
50 60
51 57
3 5
3 9
3 10
3 11
3 12
3 13
3 4
3 6
3 7
3 8
13 19
4 14
14 26
6 17
17 25
25 34
7 20
20 27
27 32
32 45
45 60
8 21
21 28
28 33
33 47
47 59
59 66
22 29
29 35
35 48
48 60
23 30
30 36
36 49
37 52
52 57
38 53
53 61
61 64
39 51
40 54
54 62
62 68
41 57
42 58
43 55
55 65
44 56
56 63
63 69

