78 94 8
1 11 12 18 13 15 4 4
71 77
71 78
72 75
72 76
45 59
45 64
45 65
59 72
48 62
62 71
1 2
1 3
1 4
1 5
1 6
1 7
1 8
1 9
1 10
1 11
1 12
2 18
3 19
4 16
5 17
6 20
7 21
8 22
9 14
10 23
11 13
12 24
14 25
14 26
14 27
14 28
25 48
26 54
27 55
28 43
15 29
15 30
15 31
15 32
15 33
29 48
30 44
31 50
32 46
33 47
16 34
16 35
34 49
35 50
50 66
66 72
18 36
36 45
19 37
37 45
20 38
38 48
21 39
39 51
51 67
67 72
22 40
40 50
23 41
41 52
52 68
68 72
24 42
42 53
53 69
69 72
54 70
70 72
55 56
56 72
43 57
57 72
44 58
58 72
46 60
60 72
47 61
61 72
49 63
63 72
64 73
73 75
65 74
74 76

