71 82 11
1 2 3 9 10 12 10 6 6 6 6
1 2
1 3
4 7
4 8
4 9
4 10
4 11
2 5
2 6
7 22
8 16
11 17
11 18
11 23
5 15
6 12
6 13
16 35
27 38
17 27
18 28
18 29
18 30
18 31
18 36
18 37
49 56
62 67
28 41
29 39
41 50
63 66
63 68
50 55
55 62
55 63
55 64
64 69
64 70
12 19
13 20
19 32
20 27
32 42
32 43
32 40
42 49
21 27
56 65
65 71
22 33
22 26
33 44
14 22
14 24
14 25
3 4
15 17
23 27
24 34
34 44
25 33
35 45
45 51
51 57
57 63
36 46
46 52
52 58
58 62
37 47
47 53
53 59
59 60
60 66
26 44
38 49
39 48
48 54
54 61
61 66
40 49

