82 96 19
1 1 2 3 4 4 5 6 7 7 9 7 8 7 3 4 2 1 1
1 2
2 3
2 4
3 7
4 5
4 6
5 10
6 8
6 11
8 12
8 13
12 16
12 17
12 19
12 20
16 21
16 22
21 27
21 28
27 35
27 36
35 43
35 44
43 53
44 53
53 60
53 62
60 70
62 70
70 73
36 45
36 46
45 54
46 54
54 61
28 37
37 47
47 52
22 29
22 30
29 38
30 38
38 42
17 23
17 24
23 31
24 31
31 34
73 77
73 76
77 80
80 81
81 82
13 18
7 9
9 14
14 18
10 15
15 18
11 12
19 25
25 32
32 39
39 48
48 55
55 63
63 71
71 74
74 78
78 80
20 26
26 33
33 40
40 49
49 56
56 64
64 65
65 72
72 75
75 79
79 81
34 41
41 50
50 57
57 66
66 73
42 51
51 58
58 67
67 73
52 59
59 68
68 73
61 69
69 73
76 80

