183 215 20
1 5 5 19 17 17 15 14 13 12 11 9 10 9 7 6 5 4 3 1
7 12
7 13
7 21
7 22
7 23
7 24
7 25
7 26
7 27
7 28
7 29
7 30
12 38
49 68
31 58
32 59
33 60
34 62
34 63
13 43
132 142
132 146
132 147
35 64
35 50
36 49
36 53
37 52
37 54
2 7
38 49
68 83
83 97
97 110
110 122
122 134
134 142
142 152
152 160
160 166
166 172
172 177
53 73
177 181
137 142
137 148
181 183
16 38
8 16
8 14
8 15
8 17
8 18
41 56
3 8
19 31
19 32
19 33
19 34
19 35
19 36
19 37
19 41
19 42
19 44
1 2
1 3
1 4
1 5
1 6
4 9
9 20
5 10
10 12
6 11
11 13
21 45
45 49
22 31
23 32
24 33
25 34
26 46
46 61
61 77
77 91
91 104
104 117
117 129
129 132
27 35
28 36
29 37
30 47
47 48
48 66
66 81
81 95
95 108
108 120
120 131
131 140
140 150
150 158
158 165
165 171
171 176
176 180
180 183
14 39
39 49
15 40
40 51
51 69
69 84
84 98
98 111
111 123
123 135
135 143
143 153
153 161
161 167
167 173
173 178
178 182
182 183
17 41
18 42
43 55
55 72
72 87
87 101
101 114
114 126
126 134
44 57
57 74
74 89
89 103
103 116
116 128
128 132
58 68
59 75
75 83
60 76
76 90
90 97
62 78
78 92
92 105
105 110
63 79
79 93
93 106
106 118
118 122
64 65
65 80
80 94
94 107
107 119
119 130
130 139
139 149
149 160
50 67
67 82
82 96
96 109
109 121
121 133
133 141
141 151
151 159
159 166
52 70
70 85
85 99
99 112
112 124
124 136
136 144
144 154
154 162
162 168
168 174
174 177
54 71
71 86
86 100
100 113
113 125
125 137
56 68
73 88
88 102
102 115
115 127
127 138
138 145
145 155
155 163
163 169
169 172
146 152
147 156
156 160
148 157
157 164
164 170
170 175
175 179
179 181

