72 85 11
3 10 10 5 7 12 8 8 6 2 1
4 15
4 18
4 20
4 23
1 4
1 5
1 6
1 8
1 9
1 13
1 7
1 10
1 11
1 12
70 72
16 26
30 42
30 47
30 36
30 38
8 16
8 22
26 32
26 34
26 35
42 52
32 42
32 43
32 44
32 45
32 39
32 40
2 5
3 6
52 60
53 58
53 61
53 62
45 53
60 67
60 69
61 66
69 70
13 14
14 24
24 29
29 37
37 49
49 56
56 65
65 71
71 72
7 17
17 25
25 31
31 41
41 51
51 59
59 68
68 70
10 16
11 19
19 27
27 30
12 21
21 26
22 28
28 33
33 43
34 45
35 46
46 54
54 62
47 55
55 63
63 64
64 70
36 48
48 58
38 50
50 57
57 67
39 52
40 53
66 70

