477 527 30
1 4 7 10 12 15 16 17 18 16 18 19 20 22 25 27 25 24 24 25 24 20 17 16 15 14 11 8 6 1
1 2
1 4
1 5
1 3
2 6
2 8
2 9
2 10
24 36
24 42
6 15
6 13
6 16
6 19
68 86
68 94
68 95
36 55
36 52
138 168
138 166
15 26
15 33
15 27
424 440
86 103
103 128
103 134
103 119
26 36
26 43
26 44
26 48
453 464
453 465
440 458
440 459
203 238
203 231
203 235
203 237
255 281
255 292
464 475
55 68
55 71
55 73
180 207
180 218
281 311
395 421
395 409
259 284
232 259
232 272
207 232
207 240
284 306
284 320
415 424
415 432
415 429
415 430
306 330
306 331
306 321
432 447
432 448
330 361
330 347
331 365
447 453
448 459
448 455
459 467
238 255
238 259
186 203
186 219
186 220
186 200
311 336
336 349
403 415
403 411
403 412
475 477
421 432
128 138
128 142
128 147
361 382
382 392
168 186
168 189
168 191
404 421
189 214
189 202
470 475
470 474
365 385
365 386
386 404
272 294
4 11
11 21
21 24
5 12
12 22
22 34
34 49
49 50
50 66
66 83
83 103
3 7
7 14
14 25
25 37
37 53
53 70
70 87
87 104
104 122
122 141
141 159
159 178
178 204
204 228
228 257
257 280
280 303
303 327
327 354
354 375
375 397
397 414
414 431
431 445
445 456
456 465
8 17
17 29
29 40
40 57
57 68
9 18
18 30
30 41
41 58
58 75
75 92
92 109
109 127
127 148
148 167
167 188
188 213
213 242
242 269
269 293
293 316
316 341
341 361
10 20
20 32
32 46
46 63
63 80
80 98
98 114
114 133
133 152
152 172
172 194
194 214
13 23
23 35
35 51
51 67
67 84
84 101
101 120
120 139
139 157
157 177
177 201
201 226
226 254
254 278
278 301
301 325
325 352
352 373
373 394
394 413
413 424
16 28
28 39
39 56
56 74
74 91
91 108
108 126
126 146
146 164
164 184
184 210
210 236
236 264
264 287
287 309
309 334
334 359
359 380
380 402
402 420
420 436
436 451
451 462
462 469
469 476
476 477
19 31
31 45
45 62
62 79
79 97
97 113
113 132
132 151
151 171
171 193
193 214
33 47
47 64
64 81
81 99
99 115
115 117
117 135
135 154
154 174
174 197
197 222
222 250
250 275
275 299
299 323
323 350
350 372
372 393
393 410
410 426
426 441
441 453
27 38
38 54
54 72
72 89
89 106
106 124
124 144
144 162
162 182
182 208
208 233
233 261
261 285
285 307
307 332
332 357
357 378
378 400
400 418
418 434
434 449
449 460
460 465
42 59
59 76
76 93
93 110
110 129
129 138
43 60
60 77
77 86
44 61
61 78
78 96
96 112
112 131
131 150
150 170
170 192
192 217
217 245
245 255
48 65
65 82
82 100
100 116
116 118
118 136
136 155
155 175
175 198
198 223
223 251
251 281
52 69
69 85
85 102
102 121
121 140
140 158
158 180
71 88
88 105
105 123
123 143
143 161
161 181
181 206
206 230
230 259
73 90
90 107
107 125
125 145
145 163
163 183
183 209
209 234
234 262
262 286
286 308
308 333
333 358
358 379
379 401
401 419
419 435
435 450
450 461
461 468
468 475
94 103
95 111
111 130
130 149
149 169
169 190
190 215
215 243
243 270
270 295
295 318
318 343
343 367
367 388
388 406
406 421
134 153
153 173
173 195
195 196
196 221
221 249
249 274
274 298
298 331
119 137
137 156
156 176
176 199
199 224
224 252
252 276
276 300
300 324
324 351
351 386
142 160
160 179
179 205
205 229
229 258
258 282
282 304
304 328
328 355
355 376
376 398
398 416
416 433
433 446
446 457
457 464
147 165
165 185
185 211
211 239
239 266
266 289
289 312
312 337
337 361
166 187
187 212
212 241
241 268
268 291
291 314
314 339
339 363
363 383
383 404
191 216
216 244
244 271
271 296
296 319
319 344
344 368
368 382
218 232
219 246
246 255
220 247
247 248
248 273
273 297
297 322
322 348
348 370
370 391
391 407
407 423
423 438
438 458
200 225
225 253
253 277
277 311
202 227
227 256
256 279
279 302
302 326
326 353
353 374
374 396
396 421
231 260
260 283
283 305
305 329
329 356
356 377
377 399
399 417
417 424
235 263
263 281
237 265
265 288
288 310
310 335
335 360
360 381
381 404
240 267
267 290
290 313
313 338
338 362
362 382
292 315
315 340
340 364
364 384
384 395
294 317
317 342
342 366
366 387
387 405
405 422
422 437
437 447
320 345
345 369
369 389
389 390
390 415
321 346
346 385
347 385
349 371
371 403
392 408
408 432
409 425
425 439
439 452
452 463
463 471
471 477
411 427
427 447
412 428
428 442
442 454
454 466
466 472
472 477
429 443
443 458
430 444
444 459
455 470
467 473
473 477
474 477

