77 92 11
3 10 10 5 9 14 9 8 6 2 1
4 15
4 19
4 20
4 23
1 4
1 5
1 6
1 8
1 9
1 13
1 7
1 10
1 11
1 12
75 77
16 26
30 46
30 39
30 41
30 42
8 16
8 22
26 32
26 34
26 35
26 36
26 37
46 59
66 72
66 74
32 46
32 47
32 48
32 50
32 43
32 45
58 64
58 67
58 68
2 5
3 6
59 66
74 75
50 58
67 71
13 14
14 24
24 29
29 40
40 54
54 62
62 70
70 76
76 77
7 17
17 25
25 31
31 44
44 57
57 65
65 73
73 75
10 16
11 18
18 27
27 30
12 21
21 26
22 28
28 33
33 47
34 49
49 60
60 66
35 51
51 58
36 50
37 38
38 52
52 68
39 53
53 61
61 69
69 75
41 55
55 64
42 56
56 63
63 72
43 58
45 59
71 75

