120 145 20
1 2 3 4 5 5 5 5 7 8 9 11 12 9 7 6 7 6 6 2
1 2
1 3
2 5
2 6
22 27
22 28
5 9
5 10
27 33
27 32
28 36
28 34
9 14
9 15
18 22
18 21
33 39
33 42
14 18
14 20
39 49
39 52
59 73
59 70
81 89
81 90
73 81
73 84
36 44
36 43
49 62
49 55
49 56
91 97
91 96
51 63
51 57
62 73
62 71
97 106
97 103
44 49
44 53
63 73
63 72
99 106
99 105
84 91
106 112
106 111
112 117
117 119
117 120
118 119
118 120
3 4
4 7
7 11
11 16
16 22
6 8
8 12
12 17
17 23
23 27
10 13
13 18
15 19
19 24
24 29
29 35
35 41
41 48
48 60
60 74
74 82
82 92
92 98
98 104
104 110
110 116
116 120
20 25
25 30
30 37
37 45
45 54
54 59
21 26
26 31
31 39
32 38
38 46
46 58
58 69
69 79
79 87
87 94
94 100
100 107
107 113
113 119
34 40
40 47
47 59
42 51
43 50
50 61
61 75
75 83
83 91
52 64
64 76
76 85
85 91
53 65
65 77
77 86
86 93
93 97
55 66
66 78
78 91
56 67
67 84
57 68
68 81
70 81
71 81
72 80
80 88
88 99
89 95
95 101
101 108
108 114
114 119
90 99
96 102
102 109
109 115
115 120
103 112
105 112
111 118

