83 91 23
1 1 1 2 1 3 4 4 5 4 5 4 4 4 6 7 8 7 3 2 3 3 1
1 2
2 3
3 4
3 5
5 6
6 7
6 8
6 9
7 11
7 10
11 15
37 41
37 42
15 19
15 20
41 45
41 46
42 47
42 48
20 24
24 29
24 28
29 34
34 37
34 38
45 52
46 53
47 54
48 55
48 51
52 61
52 62
53 59
61 67
62 68
67 72
68 72
72 75
75 78
75 77
80 83
78 80
78 81
54 60
55 63
69 73
63 69
63 70
8 12
12 16
16 21
21 25
25 30
30 35
35 39
39 43
43 49
49 56
56 64
64 71
71 74
74 76
76 79
79 82
82 83
9 13
13 17
17 22
22 26
26 31
31 32
32 36
36 40
40 44
44 50
50 57
57 69
10 14
14 18
18 23
23 27
27 33
33 37
28 34
51 58
58 69
59 65
65 72
60 66
66 72
77 80

