91 98 28
1 1 1 1 1 1 1 3 3 4 4 4 4 4 4 4 3 3 4 5 6 7 8 5 3 2 3 1
1 2
3 4
4 5
5 6
6 7
7 8
7 9
7 10
8 11
11 14
11 15
43 46
14 18
46 49
46 50
18 23
23 27
27 31
31 35
35 39
39 43
49 53
50 54
50 55
53 60
53 61
54 58
55 59
58 64
59 66
59 67
66 75
67 73
75 80
80 83
83 86
86 89
86 90
86 88
89 91
60 68
61 65
68 76
68 74
76 81
81 84
2 3
9 12
12 16
16 20
20 25
25 29
29 33
33 37
37 41
41 44
44 47
47 51
51 56
56 62
62 69
69 77
77 82
82 85
85 87
87 90
10 13
13 17
17 21
21 22
22 26
26 30
30 34
34 38
38 42
42 45
45 48
48 52
52 57
57 63
63 70
70 78
78 84
15 19
19 24
24 28
28 32
32 36
36 40
40 43
64 71
71 80
65 72
72 80
73 80
74 79
79 84
88 91

