77 92 11
3 10 10 5 9 14 9 8 6 2 1
5 15
5 16
5 18
5 23
19 25
25 29
25 34
25 35
25 36
25 37
29 44
29 47
29 48
29 49
29 39
29 40
54 65
54 67
54 68
62 72
62 74
44 57
57 62
1 8
2 10
31 44
31 41
31 42
31 45
75 77
11 19
11 22
49 54
67 71
74 75
3 5
3 8
3 10
3 11
3 12
3 13
3 4
3 6
3 7
3 9
13 19
4 14
14 25
6 17
17 24
24 31
7 20
20 26
26 30
30 43
43 56
56 63
63 70
70 75
9 21
21 27
27 32
32 46
46 59
59 66
66 73
73 76
76 77
22 28
28 33
33 47
34 50
50 54
35 51
51 60
60 62
36 49
37 38
38 52
52 68
39 54
40 57
41 53
53 61
61 69
69 75
42 55
55 65
45 58
58 64
64 72
71 75

