91 97 26
1 1 1 1 3 3 3 4 4 6 6 5 6 6 6 6 3 2 2 2 4 5 4 3 3 1
1 2
2 3
3 4
4 5
4 6
4 7
5 8
8 11
11 15
11 14
15 19
19 23
19 24
19 25
23 29
23 30
24 31
30 35
31 36
35 40
40 46
46 52
36 41
36 42
41 47
42 48
47 53
48 54
53 60
60 65
65 67
67 69
69 71
71 74
71 75
71 73
74 79
74 78
75 80
79 83
80 84
83 87
87 90
90 91
54 61
61 64
6 9
9 12
12 16
16 20
20 26
26 32
32 37
37 43
43 49
49 55
55 62
62 64
7 10
10 13
13 17
17 21
21 27
27 33
33 38
38 44
44 50
50 56
56 57
57 63
63 66
66 68
68 70
70 72
72 76
76 84
14 18
18 22
22 28
28 34
34 39
39 45
45 51
51 58
58 64
25 29
52 59
59 64
73 77
77 81
81 85
85 88
88 91
78 82
82 86
86 89
89 91

