139 148 39
1 1 2 2 2 2 5 5 5 6 5 5 6 5 5 6 4 4 4 4 4 3 3 4 4 4 4 3 3 4 4 4 4 3 2 2 2 2 1
1 2
2 3
2 4
3 5
5 7
7 9
9 11
9 14
9 15
9 12
11 16
11 17
17 21
17 24
65 69
21 28
21 27
69 73
33 38
28 33
38 44
38 42
49 54
44 49
54 61
54 59
61 65
73 77
77 81
81 85
85 88
88 92
88 90
107 110
92 96
110 114
110 112
96 100
100 104
104 107
129 131
114 118
131 133
118 122
122 126
126 129
133 135
135 137
137 139
4 6
6 8
8 10
10 13
13 16
14 19
19 23
23 30
30 35
35 40
40 46
46 51
51 56
56 63
63 67
67 71
71 75
75 79
79 83
83 85
15 20
20 25
25 26
26 32
32 37
37 43
43 48
48 53
53 60
60 64
64 68
68 72
72 76
76 80
80 84
84 87
87 91
91 95
95 99
99 103
103 106
106 109
109 113
113 117
117 121
121 125
125 128
128 131
12 18
18 22
22 29
29 34
34 39
39 45
45 50
50 55
55 62
62 66
66 70
70 74
74 78
78 82
82 86
86 89
89 93
93 97
97 101
101 105
105 108
108 111
111 115
115 119
119 123
123 127
127 130
130 132
132 134
134 136
136 138
138 139
24 31
31 36
36 41
41 47
47 52
52 57
57 58
58 65
27 33
42 49
59 65
90 94
94 98
98 102
102 107
112 116
116 120
120 124
124 129

