111 120 31
1 1 1 1 2 1 5 5 6 6 6 6 6 5 5 4 3 4 5 4 4 3 4 5 4 4 2 2 3 2 1
1 2
2 3
3 4
4 5
4 6
5 7
7 8
7 10
7 11
7 12
7 9
8 14
8 15
14 19
14 21
48 53
48 54
19 25
19 26
25 31
25 33
54 59
54 60
31 37
31 38
37 43
37 45
43 48
43 50
60 63
63 66
63 67
66 70
66 71
84 87
84 88
71 76
87 91
87 92
103 105
76 80
80 84
92 96
105 107
105 108
96 100
100 103
108 110
110 111
6 7
11 16
16 22
22 28
28 34
34 40
40 46
46 51
51 56
56 60
12 17
17 23
23 29
29 35
35 41
41 47
47 52
52 57
57 61
61 64
64 68
68 73
73 74
74 78
78 82
82 85
85 89
89 94
94 98
98 103
9 13
13 18
18 24
24 30
30 36
36 42
42 49
49 55
55 58
58 62
62 65
65 69
69 75
75 79
79 83
83 86
86 90
90 95
95 99
99 102
102 104
104 106
106 109
109 111
15 20
20 27
27 32
32 39
39 44
44 48
21 25
33 37
45 48
67 72
72 77
77 81
81 84
88 93
93 97
97 101
101 103

