500 7249 25
20 20 20 20 20 20 20 20 20 20 20 20 20 20 20 20 20 20 20 20 20 20 20 20 20 
1 21
4 21
6 21
9 21
10 21
12 21
13 21
14 21
15 21
16 21
17 21
18 21
19 21
1 22
2 22
3 22
4 22
5 22
6 22
7 22
9 22
10 22
11 22
12 22
13 22
15 22
16 22
18 22
19 22
20 22
1 23
2 23
3 23
4 23
5 23
6 23
7 23
8 23
10 23
13 23
15 23
16 23
18 23
19 23
20 23
1 24
4 24
5 24
6 24
7 24
8 24
9 24
10 24
11 24
13 24
14 24
15 24
16 24
17 24
18 24
19 24
20 24
1 25
3 25
4 25
5 25
7 25
9 25
10 25
11 25
12 25
13 25
14 25
15 25
16 25
17 25
18 25
1 26
2 26
4 26
5 26
6 26
7 26
8 26
11 26
12 26
13 26
14 26
15 26
17 26
18 26
19 26
20 26
1 27
2 27
3 27
4 27
5 27
8 27
10 27
11 27
12 27
13 27
14 27
15 27
17 27
18 27
19 27
20 27
3 28
4 28
5 28
6 28
7 28
8 28
9 28
10 28
11 28
12 28
15 28
16 28
17 28
18 28
19 28
20 28
2 29
3 29
4 29
5 29
6 29
7 29
8 29
9 29
10 29
11 29
12 29
13 29
14 29
15 29
16 29
18 29
20 29
1 30
2 30
3 30
4 30
7 30
8 30
9 30
10 30
11 30
12 30
15 30
16 30
17 30
19 30
20 30
1 31
2 31
3 31
4 31
5 31
7 31
8 31
9 31
12 31
13 31
14 31
16 31
17 31
18 31
20 31
1 32
2 32
3 32
4 32
5 32
6 32
7 32
10 32
11 32
12 32
14 32
15 32
17 32
19 32
20 32
2 33
3 33
4 33
5 33
7 33
8 33
10 33
11 33
12 33
13 33
16 33
17 33
18 33
20 33
1 34
2 34
3 34
4 34
5 34
6 34
7 34
8 34
9 34
10 34
11 34
12 34
13 34
14 34
15 34
17 34
18 34
19 34
20 34
1 35
2 35
3 35
4 35
8 35
10 35
12 35
14 35
15 35
17 35
19 35
1 36
2 36
3 36
6 36
10 36
11 36
12 36
13 36
14 36
15 36
16 36
17 36
18 36
19 36
20 36
5 37
6 37
7 37
9 37
11 37
12 37
13 37
15 37
18 37
19 37
20 37
2 38
3 38
4 38
5 38
6 38
7 38
8 38
9 38
11 38
12 38
13 38
14 38
15 38
16 38
17 38
18 38
19 38
20 38
1 39
2 39
3 39
4 39
6 39
7 39
8 39
9 39
10 39
13 39
14 39
15 39
16 39
18 39
19 39
20 39
3 40
4 40
5 40
8 40
9 40
10 40
11 40
13 40
14 40
16 40
17 40
18 40
20 40
21 41
23 41
25 41
27 41
28 41
29 41
30 41
31 41
32 41
34 41
36 41
37 41
38 41
40 41
24 42
25 42
26 42
27 42
30 42
31 42
33 42
34 42
35 42
37 42
39 42
25 43
26 43
27 43
28 43
29 43
30 43
31 43
32 43
33 43
36 43
38 43
39 43
40 43
22 44
23 44
24 44
25 44
26 44
27 44
29 44
30 44
31 44
32 44
35 44
36 44
37 44
40 44
21 45
22 45
23 45
24 45
25 45
26 45
27 45
29 45
31 45
32 45
33 45
36 45
37 45
38 45
39 45
21 46
22 46
23 46
24 46
25 46
26 46
28 46
29 46
30 46
31 46
32 46
33 46
34 46
36 46
37 46
39 46
40 46
22 47
23 47
24 47
26 47
27 47
28 47
29 47
30 47
31 47
32 47
34 47
35 47
36 47
37 47
38 47
39 47
21 48
22 48
23 48
24 48
25 48
26 48
28 48
32 48
34 48
35 48
38 48
39 48
40 48
21 49
22 49
23 49
24 49
26 49
27 49
28 49
29 49
30 49
31 49
32 49
33 49
34 49
36 49
38 49
39 49
40 49
21 50
22 50
23 50
24 50
25 50
27 50
28 50
29 50
30 50
31 50
32 50
33 50
34 50
35 50
36 50
37 50
38 50
39 50
40 50
21 51
22 51
23 51
24 51
26 51
27 51
28 51
29 51
31 51
32 51
33 51
34 51
36 51
37 51
39 51
40 51
22 52
23 52
24 52
25 52
26 52
27 52
28 52
29 52
30 52
32 52
33 52
34 52
35 52
36 52
37 52
38 52
39 52
22 53
23 53
24 53
26 53
27 53
29 53
30 53
32 53
33 53
34 53
37 53
38 53
21 54
24 54
25 54
26 54
27 54
28 54
29 54
30 54
31 54
32 54
33 54
34 54
35 54
36 54
37 54
38 54
40 54
21 55
22 55
23 55
24 55
25 55
27 55
28 55
30 55
31 55
33 55
34 55
35 55
37 55
39 55
40 55
21 56
23 56
24 56
25 56
26 56
27 56
28 56
29 56
30 56
31 56
32 56
34 56
35 56
36 56
37 56
39 56
21 57
22 57
23 57
24 57
26 57
27 57
29 57
30 57
32 57
33 57
34 57
35 57
38 57
40 57
21 58
22 58
23 58
24 58
25 58
26 58
28 58
29 58
30 58
35 58
36 58
37 58
39 58
21 59
22 59
24 59
25 59
29 59
31 59
32 59
33 59
34 59
35 59
36 59
37 59
38 59
39 59
40 59
23 60
24 60
25 60
26 60
27 60
28 60
29 60
30 60
31 60
32 60
35 60
36 60
37 60
38 60
39 60
40 60
41 61
42 61
44 61
45 61
46 61
47 61
48 61
50 61
52 61
53 61
55 61
56 61
59 61
60 61
43 62
44 62
47 62
48 62
49 62
51 62
55 62
56 62
58 62
59 62
60 62
42 63
44 63
46 63
48 63
49 63
50 63
51 63
53 63
54 63
55 63
57 63
58 63
60 63
41 64
42 64
43 64
44 64
45 64
46 64
47 64
49 64
50 64
52 64
56 64
57 64
58 64
59 64
60 64
41 65
42 65
43 65
44 65
47 65
48 65
50 65
51 65
52 65
55 65
56 65
60 65
41 66
42 66
43 66
44 66
45 66
46 66
47 66
48 66
49 66
50 66
51 66
52 66
54 66
55 66
56 66
57 66
58 66
59 66
60 66
45 67
46 67
47 67
48 67
49 67
51 67
52 67
54 67
55 67
56 67
57 67
58 67
59 67
60 67
41 68
42 68
43 68
45 68
46 68
48 68
49 68
50 68
51 68
52 68
53 68
54 68
55 68
56 68
58 68
59 68
60 68
41 69
42 69
43 69
44 69
46 69
48 69
49 69
50 69
51 69
54 69
56 69
58 69
59 69
60 69
41 70
42 70
43 70
44 70
45 70
48 70
52 70
53 70
54 70
57 70
58 70
59 70
60 70
42 71
43 71
44 71
46 71
48 71
49 71
51 71
52 71
53 71
54 71
56 71
58 71
59 71
60 71
41 72
42 72
44 72
45 72
48 72
50 72
52 72
54 72
55 72
56 72
57 72
58 72
59 72
41 73
42 73
43 73
44 73
45 73
46 73
47 73
48 73
50 73
51 73
54 73
55 73
56 73
57 73
58 73
59 73
41 74
42 74
43 74
45 74
46 74
48 74
49 74
51 74
52 74
53 74
54 74
55 74
56 74
57 74
58 74
59 74
60 74
41 75
42 75
43 75
46 75
47 75
48 75
50 75
51 75
52 75
53 75
54 75
55 75
57 75
60 75
41 76
42 76
43 76
44 76
45 76
46 76
47 76
49 76
50 76
51 76
52 76
53 76
54 76
55 76
56 76
57 76
58 76
59 76
60 76
41 77
43 77
44 77
45 77
46 77
47 77
48 77
52 77
54 77
55 77
58 77
59 77
60 77
41 78
42 78
43 78
45 78
47 78
48 78
49 78
50 78
51 78
53 78
54 78
55 78
56 78
57 78
58 78
59 78
41 79
42 79
44 79
46 79
47 79
48 79
50 79
51 79
54 79
55 79
56 79
57 79
58 79
59 79
60 79
41 80
42 80
43 80
44 80
45 80
46 80
48 80
49 80
51 80
52 80
53 80
54 80
55 80
56 80
57 80
58 80
59 80
60 80
61 81
62 81
63 81
67 81
68 81
69 81
70 81
71 81
72 81
73 81
74 81
75 81
76 81
79 81
80 81
61 82
62 82
63 82
64 82
65 82
66 82
67 82
70 82
71 82
72 82
73 82
74 82
75 82
77 82
78 82
79 82
80 82
61 83
63 83
64 83
66 83
67 83
68 83
69 83
70 83
71 83
72 83
74 83
75 83
76 83
77 83
78 83
61 84
62 84
63 84
65 84
66 84
67 84
68 84
69 84
72 84
74 84
77 84
79 84
61 85
62 85
63 85
64 85
65 85
67 85
68 85
69 85
71 85
73 85
74 85
75 85
76 85
77 85
78 85
63 86
64 86
67 86
68 86
69 86
72 86
73 86
76 86
77 86
78 86
79 86
61 87
62 87
63 87
64 87
66 87
67 87
68 87
69 87
70 87
71 87
72 87
74 87
75 87
77 87
78 87
79 87
80 87
61 88
62 88
64 88
65 88
66 88
67 88
70 88
71 88
72 88
73 88
74 88
75 88
76 88
77 88
78 88
79 88
61 89
62 89
64 89
65 89
66 89
67 89
68 89
69 89
70 89
71 89
73 89
74 89
75 89
77 89
78 89
80 89
65 90
66 90
67 90
68 90
69 90
71 90
75 90
76 90
78 90
79 90
80 90
61 91
62 91
63 91
64 91
65 91
66 91
68 91
70 91
71 91
72 91
73 91
74 91
75 91
76 91
77 91
78 91
79 91
63 92
64 92
66 92
67 92
68 92
69 92
70 92
71 92
72 92
73 92
74 92
75 92
76 92
77 92
78 92
80 92
61 93
62 93
63 93
64 93
65 93
66 93
67 93
68 93
69 93
70 93
71 93
72 93
73 93
74 93
76 93
77 93
78 93
79 93
80 93
61 94
62 94
63 94
64 94
65 94
66 94
67 94
68 94
69 94
70 94
71 94
72 94
74 94
75 94
76 94
77 94
78 94
79 94
80 94
61 95
62 95
63 95
64 95
66 95
67 95
68 95
69 95
70 95
72 95
73 95
74 95
75 95
76 95
77 95
78 95
79 95
80 95
61 96
62 96
63 96
64 96
65 96
67 96
68 96
72 96
73 96
74 96
75 96
78 96
79 96
80 96
61 97
64 97
65 97
66 97
68 97
69 97
70 97
71 97
72 97
73 97
75 97
76 97
77 97
78 97
79 97
80 97
63 98
64 98
66 98
68 98
71 98
72 98
73 98
74 98
75 98
76 98
77 98
78 98
79 98
80 98
61 99
63 99
64 99
66 99
67 99
68 99
69 99
71 99
72 99
73 99
76 99
77 99
78 99
61 100
62 100
64 100
65 100
66 100
67 100
68 100
69 100
70 100
72 100
73 100
74 100
75 100
76 100
77 100
79 100
80 100
81 101
82 101
84 101
85 101
86 101
87 101
88 101
89 101
90 101
94 101
95 101
96 101
97 101
98 101
81 102
82 102
83 102
84 102
86 102
87 102
88 102
89 102
90 102
91 102
92 102
94 102
95 102
96 102
97 102
99 102
100 102
81 103
82 103
83 103
84 103
86 103
87 103
88 103
89 103
90 103
91 103
93 103
94 103
95 103
96 103
98 103
100 103
81 104
82 104
83 104
84 104
85 104
86 104
87 104
89 104
90 104
91 104
92 104
93 104
94 104
95 104
96 104
97 104
98 104
81 105
82 105
85 105
86 105
87 105
88 105
90 105
91 105
92 105
94 105
95 105
96 105
98 105
99 105
81 106
82 106
83 106
84 106
85 106
87 106
88 106
89 106
90 106
91 106
92 106
93 106
96 106
97 106
99 106
100 106
83 107
85 107
86 107
87 107
88 107
89 107
90 107
91 107
92 107
93 107
94 107
95 107
96 107
97 107
98 107
99 107
81 108
82 108
83 108
84 108
85 108
86 108
87 108
88 108
89 108
90 108
91 108
92 108
94 108
95 108
96 108
97 108
98 108
99 108
100 108
82 109
83 109
84 109
86 109
87 109
88 109
89 109
91 109
92 109
93 109
94 109
96 109
97 109
98 109
100 109
81 110
82 110
83 110
84 110
85 110
87 110
89 110
90 110
92 110
93 110
95 110
96 110
97 110
98 110
100 110
81 111
82 111
84 111
85 111
86 111
87 111
88 111
91 111
92 111
93 111
94 111
95 111
96 111
97 111
98 111
99 111
100 111
81 112
85 112
87 112
88 112
90 112
91 112
93 112
96 112
97 112
98 112
99 112
100 112
81 113
83 113
84 113
86 113
87 113
88 113
89 113
90 113
91 113
94 113
95 113
96 113
97 113
98 113
99 113
100 113
81 114
82 114
83 114
84 114
85 114
88 114
89 114
90 114
91 114
93 114
94 114
95 114
97 114
81 115
84 115
85 115
86 115
87 115
89 115
90 115
91 115
94 115
96 115
97 115
99 115
100 115
82 116
83 116
85 116
87 116
88 116
91 116
94 116
96 116
98 116
99 116
82 117
83 117
84 117
86 117
87 117
89 117
91 117
92 117
94 117
95 117
96 117
97 117
99 117
100 117
82 118
83 118
84 118
85 118
88 118
89 118
90 118
93 118
95 118
96 118
97 118
98 118
99 118
100 118
81 119
82 119
84 119
86 119
87 119
88 119
89 119
90 119
93 119
96 119
97 119
99 119
81 120
82 120
83 120
84 120
85 120
86 120
87 120
88 120
89 120
90 120
91 120
92 120
94 120
95 120
96 120
97 120
98 120
99 120
101 121
103 121
104 121
105 121
106 121
107 121
108 121
110 121
111 121
113 121
115 121
116 121
119 121
120 121
101 122
102 122
103 122
104 122
105 122
106 122
108 122
109 122
110 122
111 122
112 122
113 122
114 122
115 122
116 122
117 122
118 122
119 122
120 122
101 123
102 123
104 123
105 123
106 123
107 123
108 123
109 123
110 123
111 123
112 123
113 123
114 123
115 123
116 123
117 123
120 123
101 124
102 124
104 124
105 124
107 124
109 124
110 124
111 124
112 124
113 124
115 124
116 124
117 124
119 124
120 124
101 125
102 125
103 125
104 125
105 125
107 125
108 125
109 125
110 125
111 125
112 125
113 125
114 125
115 125
116 125
117 125
118 125
120 125
101 126
102 126
103 126
104 126
107 126
108 126
111 126
112 126
113 126
114 126
116 126
118 126
119 126
120 126
104 127
105 127
106 127
108 127
110 127
111 127
112 127
113 127
115 127
116 127
117 127
120 127
101 128
102 128
104 128
105 128
106 128
107 128
108 128
110 128
112 128
114 128
115 128
116 128
117 128
119 128
120 128
101 129
102 129
103 129
104 129
105 129
106 129
108 129
109 129
111 129
112 129
113 129
114 129
116 129
117 129
118 129
119 129
120 129
102 130
103 130
104 130
105 130
106 130
107 130
108 130
109 130
110 130
111 130
112 130
113 130
114 130
116 130
117 130
118 130
119 130
120 130
101 131
102 131
103 131
104 131
105 131
106 131
107 131
108 131
109 131
110 131
112 131
113 131
114 131
115 131
116 131
117 131
118 131
101 132
102 132
103 132
104 132
105 132
106 132
107 132
109 132
110 132
111 132
112 132
113 132
115 132
116 132
117 132
118 132
119 132
102 133
103 133
105 133
106 133
108 133
110 133
112 133
113 133
114 133
115 133
116 133
117 133
118 133
119 133
120 133
101 134
102 134
103 134
104 134
105 134
106 134
108 134
111 134
112 134
113 134
114 134
115 134
116 134
117 134
118 134
119 134
101 135
102 135
104 135
105 135
108 135
109 135
110 135
111 135
112 135
114 135
115 135
116 135
118 135
120 135
101 136
102 136
103 136
104 136
105 136
106 136
108 136
109 136
110 136
111 136
112 136
113 136
114 136
116 136
118 136
119 136
120 136
101 137
102 137
104 137
105 137
106 137
109 137
110 137
114 137
115 137
116 137
117 137
118 137
119 137
103 138
107 138
108 138
109 138
113 138
114 138
115 138
117 138
118 138
119 138
120 138
102 139
103 139
104 139
105 139
106 139
107 139
108 139
109 139
110 139
112 139
113 139
114 139
116 139
117 139
118 139
119 139
120 139
101 140
102 140
103 140
104 140
105 140
106 140
108 140
110 140
111 140
112 140
113 140
114 140
116 140
117 140
118 140
119 140
120 140
122 141
123 141
124 141
125 141
126 141
127 141
128 141
129 141
130 141
131 141
132 141
133 141
134 141
136 141
137 141
138 141
139 141
140 141
121 142
122 142
123 142
124 142
125 142
126 142
127 142
130 142
131 142
133 142
134 142
135 142
136 142
138 142
139 142
121 143
122 143
123 143
124 143
125 143
126 143
127 143
128 143
130 143
131 143
132 143
134 143
135 143
136 143
138 143
139 143
121 144
122 144
124 144
125 144
127 144
128 144
129 144
130 144
132 144
134 144
135 144
137 144
139 144
140 144
121 145
122 145
123 145
125 145
126 145
127 145
128 145
129 145
130 145
133 145
134 145
135 145
137 145
138 145
139 145
121 146
122 146
123 146
124 146
125 146
127 146
128 146
130 146
131 146
132 146
133 146
134 146
135 146
136 146
138 146
139 146
140 146
121 147
122 147
123 147
124 147
125 147
126 147
127 147
128 147
130 147
131 147
134 147
135 147
136 147
137 147
138 147
139 147
121 148
122 148
123 148
125 148
126 148
127 148
128 148
129 148
130 148
131 148
132 148
135 148
136 148
137 148
139 148
140 148
123 149
124 149
125 149
126 149
127 149
128 149
130 149
131 149
132 149
134 149
135 149
136 149
139 149
140 149
121 150
123 150
124 150
125 150
126 150
128 150
129 150
130 150
131 150
132 150
133 150
134 150
135 150
139 150
140 150
121 151
123 151
124 151
126 151
127 151
128 151
129 151
130 151
131 151
132 151
135 151
136 151
137 151
139 151
121 152
122 152
123 152
124 152
127 152
128 152
129 152
130 152
131 152
132 152
133 152
134 152
135 152
137 152
138 152
139 152
140 152
121 153
122 153
123 153
124 153
125 153
126 153
127 153
129 153
130 153
131 153
134 153
135 153
138 153
126 154
127 154
130 154
131 154
132 154
134 154
135 154
136 154
137 154
139 154
140 154
121 155
122 155
123 155
124 155
125 155
127 155
128 155
129 155
131 155
132 155
134 155
135 155
136 155
137 155
138 155
139 155
121 156
122 156
125 156
126 156
129 156
130 156
131 156
132 156
133 156
134 156
135 156
136 156
137 156
139 156
140 156
121 157
122 157
124 157
127 157
128 157
129 157
131 157
132 157
133 157
134 157
135 157
136 157
137 157
138 157
139 157
121 158
122 158
124 158
125 158
126 158
127 158
128 158
131 158
132 158
133 158
134 158
135 158
136 158
137 158
139 158
140 158
121 159
122 159
123 159
124 159
125 159
126 159
127 159
128 159
130 159
131 159
132 159
134 159
135 159
136 159
137 159
139 159
140 159
121 160
123 160
124 160
128 160
130 160
131 160
132 160
133 160
134 160
135 160
136 160
137 160
139 160
140 160
141 161
143 161
145 161
146 161
147 161
148 161
149 161
150 161
151 161
152 161
153 161
155 161
156 161
157 161
158 161
159 161
160 161
141 162
142 162
143 162
144 162
145 162
146 162
148 162
149 162
150 162
151 162
153 162
154 162
155 162
156 162
157 162
158 162
159 162
160 162
141 163
142 163
143 163
144 163
145 163
146 163
148 163
149 163
150 163
151 163
153 163
154 163
155 163
157 163
159 163
143 164
144 164
145 164
146 164
148 164
149 164
150 164
151 164
152 164
153 164
154 164
156 164
157 164
158 164
159 164
160 164
141 165
143 165
144 165
145 165
146 165
148 165
149 165
150 165
151 165
152 165
153 165
154 165
155 165
156 165
158 165
159 165
141 166
142 166
143 166
144 166
145 166
146 166
147 166
149 166
150 166
151 166
152 166
153 166
154 166
155 166
156 166
157 166
158 166
160 166
141 167
142 167
143 167
144 167
145 167
146 167
147 167
150 167
151 167
152 167
153 167
154 167
156 167
157 167
159 167
142 168
143 168
145 168
146 168
147 168
148 168
149 168
150 168
151 168
152 168
153 168
154 168
155 168
158 168
159 168
160 168
142 169
143 169
144 169
145 169
146 169
147 169
148 169
149 169
150 169
151 169
152 169
154 169
155 169
157 169
158 169
159 169
160 169
141 170
143 170
144 170
145 170
146 170
148 170
149 170
150 170
151 170
152 170
153 170
158 170
159 170
141 171
142 171
144 171
146 171
147 171
149 171
151 171
152 171
153 171
154 171
155 171
157 171
158 171
159 171
160 171
141 172
142 172
143 172
144 172
145 172
146 172
147 172
148 172
150 172
151 172
152 172
155 172
157 172
158 172
159 172
160 172
141 173
142 173
143 173
144 173
145 173
146 173
147 173
148 173
149 173
151 173
152 173
153 173
154 173
156 173
157 173
158 173
159 173
141 174
142 174
143 174
144 174
145 174
146 174
147 174
148 174
150 174
151 174
153 174
154 174
155 174
156 174
159 174
141 175
142 175
143 175
144 175
145 175
146 175
147 175
148 175
149 175
151 175
153 175
154 175
155 175
158 175
159 175
160 175
142 176
143 176
144 176
145 176
147 176
148 176
149 176
153 176
154 176
155 176
157 176
160 176
141 177
142 177
143 177
144 177
145 177
146 177
147 177
148 177
150 177
151 177
154 177
155 177
156 177
157 177
158 177
159 177
160 177
141 178
142 178
144 178
145 178
146 178
148 178
150 178
151 178
152 178
153 178
154 178
155 178
157 178
158 178
159 178
160 178
142 179
143 179
144 179
145 179
146 179
147 179
148 179
150 179
152 179
153 179
154 179
155 179
156 179
158 179
159 179
160 179
141 180
142 180
143 180
144 180
146 180
147 180
148 180
149 180
150 180
152 180
153 180
154 180
155 180
156 180
157 180
159 180
160 180
161 181
163 181
164 181
165 181
166 181
167 181
168 181
170 181
171 181
172 181
173 181
174 181
175 181
179 181
180 181
161 182
162 182
163 182
164 182
165 182
167 182
171 182
172 182
173 182
174 182
175 182
176 182
178 182
179 182
180 182
161 183
164 183
166 183
167 183
168 183
169 183
170 183
171 183
172 183
173 183
174 183
175 183
176 183
179 183
161 184
162 184
163 184
164 184
165 184
167 184
168 184
169 184
170 184
171 184
172 184
173 184
174 184
175 184
176 184
178 184
179 184
180 184
161 185
163 185
164 185
165 185
166 185
167 185
169 185
170 185
171 185
173 185
174 185
175 185
176 185
177 185
180 185
162 186
163 186
164 186
165 186
166 186
167 186
168 186
170 186
171 186
172 186
174 186
175 186
176 186
177 186
180 186
162 187
163 187
164 187
167 187
168 187
169 187
170 187
171 187
172 187
173 187
174 187
175 187
177 187
178 187
161 188
162 188
164 188
165 188
167 188
168 188
169 188
173 188
174 188
177 188
178 188
161 189
164 189
165 189
166 189
167 189
168 189
173 189
174 189
175 189
176 189
177 189
178 189
179 189
180 189
161 190
162 190
163 190
164 190
165 190
166 190
167 190
169 190
170 190
171 190
173 190
174 190
176 190
177 190
178 190
179 190
180 190
161 191
162 191
163 191
165 191
166 191
167 191
168 191
169 191
170 191
171 191
172 191
174 191
175 191
176 191
177 191
178 191
179 191
161 192
162 192
163 192
164 192
166 192
167 192
169 192
171 192
172 192
173 192
175 192
176 192
177 192
178 192
179 192
180 192
161 193
162 193
163 193
164 193
165 193
166 193
167 193
168 193
169 193
170 193
172 193
173 193
174 193
175 193
176 193
177 193
179 193
180 193
161 194
162 194
163 194
164 194
165 194
167 194
168 194
169 194
170 194
171 194
172 194
174 194
175 194
177 194
178 194
179 194
180 194
161 195
162 195
163 195
165 195
166 195
167 195
168 195
170 195
171 195
172 195
173 195
174 195
175 195
176 195
178 195
163 196
164 196
165 196
166 196
167 196
168 196
169 196
170 196
172 196
174 196
175 196
176 196
178 196
179 196
180 196
161 197
163 197
164 197
165 197
166 197
169 197
170 197
171 197
172 197
173 197
174 197
175 197
176 197
178 197
179 197
180 197
162 198
163 198
164 198
165 198
166 198
170 198
171 198
173 198
174 198
175 198
176 198
177 198
178 198
179 198
161 199
163 199
164 199
165 199
166 199
167 199
168 199
169 199
170 199
171 199
172 199
174 199
175 199
176 199
177 199
178 199
180 199
161 200
162 200
164 200
165 200
166 200
167 200
168 200
169 200
172 200
173 200
176 200
177 200
178 200
179 200
180 200
181 201
182 201
183 201
184 201
186 201
188 201
190 201
191 201
193 201
195 201
196 201
197 201
198 201
199 201
200 201
181 202
182 202
183 202
184 202
187 202
188 202
190 202
191 202
194 202
196 202
197 202
198 202
199 202
200 202
181 203
185 203
186 203
188 203
190 203
191 203
192 203
193 203
194 203
195 203
197 203
200 203
182 204
183 204
184 204
186 204
187 204
188 204
189 204
191 204
192 204
193 204
194 204
195 204
198 204
200 204
181 205
182 205
183 205
185 205
186 205
187 205
188 205
189 205
190 205
193 205
196 205
197 205
198 205
199 205
200 205
181 206
183 206
184 206
186 206
187 206
188 206
189 206
191 206
192 206
194 206
195 206
197 206
199 206
200 206
181 207
182 207
185 207
186 207
187 207
188 207
189 207
190 207
192 207
193 207
195 207
196 207
198 207
199 207
182 208
183 208
184 208
185 208
186 208
187 208
188 208
189 208
191 208
192 208
193 208
195 208
197 208
199 208
200 208
181 209
182 209
183 209
184 209
185 209
186 209
190 209
193 209
194 209
195 209
196 209
197 209
198 209
199 209
181 210
182 210
183 210
184 210
185 210
186 210
187 210
188 210
190 210
192 210
193 210
196 210
197 210
200 210
181 211
182 211
184 211
185 211
186 211
187 211
188 211
189 211
190 211
192 211
194 211
195 211
196 211
198 211
200 211
181 212
182 212
183 212
184 212
185 212
186 212
189 212
190 212
192 212
194 212
195 212
196 212
197 212
198 212
199 212
200 212
181 213
183 213
184 213
185 213
186 213
187 213
188 213
189 213
190 213
191 213
192 213
193 213
194 213
195 213
197 213
199 213
200 213
181 214
182 214
183 214
185 214
186 214
187 214
188 214
189 214
191 214
193 214
194 214
195 214
196 214
198 214
199 214
181 215
182 215
183 215
184 215
185 215
187 215
189 215
190 215
191 215
192 215
193 215
194 215
195 215
196 215
197 215
199 215
200 215
181 216
182 216
183 216
185 216
187 216
188 216
190 216
191 216
192 216
193 216
194 216
195 216
196 216
197 216
198 216
199 216
200 216
182 217
183 217
184 217
185 217
186 217
187 217
188 217
190 217
191 217
193 217
194 217
196 217
197 217
198 217
199 217
183 218
184 218
186 218
187 218
188 218
189 218
190 218
191 218
193 218
194 218
195 218
197 218
199 218
200 218
181 219
182 219
184 219
185 219
186 219
187 219
188 219
189 219
191 219
192 219
193 219
194 219
195 219
196 219
197 219
200 219
181 220
182 220
183 220
186 220
187 220
189 220
190 220
191 220
192 220
193 220
194 220
197 220
198 220
199 220
200 220
201 221
202 221
205 221
206 221
207 221
208 221
209 221
210 221
211 221
212 221
213 221
214 221
215 221
216 221
217 221
219 221
220 221
201 222
202 222
203 222
205 222
206 222
207 222
208 222
209 222
210 222
211 222
212 222
213 222
214 222
216 222
217 222
218 222
219 222
220 222
201 223
203 223
204 223
205 223
206 223
207 223
209 223
210 223
211 223
212 223
213 223
215 223
216 223
217 223
220 223
202 224
203 224
204 224
205 224
206 224
207 224
208 224
209 224
210 224
211 224
213 224
214 224
217 224
218 224
219 224
220 224
201 225
202 225
203 225
206 225
207 225
208 225
212 225
213 225
214 225
215 225
216 225
217 225
218 225
219 225
201 226
202 226
203 226
204 226
205 226
206 226
207 226
208 226
209 226
210 226
211 226
212 226
213 226
215 226
219 226
220 226
201 227
202 227
206 227
207 227
208 227
209 227
210 227
212 227
213 227
214 227
219 227
220 227
203 228
206 228
207 228
208 228
209 228
210 228
211 228
212 228
213 228
216 228
217 228
201 229
203 229
204 229
205 229
206 229
207 229
208 229
209 229
211 229
212 229
213 229
214 229
215 229
216 229
217 229
218 229
219 229
220 229
201 230
203 230
204 230
205 230
206 230
208 230
209 230
210 230
211 230
213 230
214 230
215 230
216 230
217 230
219 230
220 230
201 231
202 231
203 231
204 231
206 231
207 231
208 231
209 231
210 231
211 231
212 231
213 231
214 231
217 231
219 231
220 231
201 232
202 232
204 232
205 232
206 232
207 232
208 232
209 232
210 232
211 232
214 232
215 232
216 232
218 232
220 232
201 233
203 233
204 233
207 233
209 233
210 233
211 233
212 233
213 233
214 233
215 233
216 233
217 233
218 233
219 233
220 233
201 234
202 234
204 234
205 234
207 234
208 234
210 234
212 234
213 234
214 234
215 234
217 234
219 234
220 234
201 235
202 235
203 235
204 235
205 235
206 235
207 235
209 235
210 235
211 235
212 235
215 235
216 235
217 235
218 235
219 235
220 235
201 236
202 236
204 236
206 236
207 236
208 236
210 236
211 236
212 236
214 236
216 236
217 236
218 236
219 236
220 236
201 237
203 237
204 237
205 237
206 237
208 237
209 237
210 237
212 237
214 237
215 237
216 237
217 237
218 237
219 237
201 238
202 238
203 238
204 238
205 238
209 238
210 238
211 238
213 238
214 238
215 238
216 238
217 238
218 238
219 238
220 238
201 239
203 239
206 239
207 239
208 239
209 239
210 239
211 239
213 239
215 239
216 239
218 239
219 239
220 239
202 240
203 240
204 240
205 240
207 240
208 240
209 240
210 240
212 240
213 240
215 240
216 240
217 240
218 240
219 240
221 241
222 241
223 241
224 241
226 241
227 241
228 241
229 241
230 241
231 241
232 241
234 241
235 241
238 241
239 241
222 242
223 242
224 242
226 242
228 242
229 242
230 242
231 242
233 242
234 242
235 242
237 242
238 242
239 242
240 242
223 243
224 243
225 243
226 243
228 243
230 243
231 243
233 243
234 243
235 243
236 243
238 243
239 243
240 243
221 244
223 244
225 244
227 244
228 244
229 244
230 244
231 244
232 244
234 244
235 244
236 244
237 244
239 244
240 244
221 245
223 245
224 245
225 245
226 245
229 245
230 245
231 245
232 245
233 245
234 245
235 245
236 245
237 245
238 245
240 245
221 246
222 246
223 246
224 246
225 246
226 246
227 246
228 246
229 246
230 246
231 246
232 246
233 246
234 246
235 246
236 246
237 246
239 246
240 246
221 247
223 247
224 247
225 247
226 247
227 247
228 247
229 247
232 247
234 247
236 247
238 247
239 247
240 247
222 248
223 248
224 248
225 248
227 248
230 248
231 248
234 248
235 248
236 248
237 248
239 248
240 248
223 249
224 249
225 249
227 249
228 249
229 249
230 249
231 249
232 249
233 249
234 249
235 249
236 249
237 249
240 249
221 250
222 250
223 250
225 250
227 250
228 250
229 250
230 250
231 250
233 250
234 250
236 250
238 250
240 250
221 251
222 251
223 251
225 251
226 251
227 251
228 251
231 251
232 251
233 251
235 251
238 251
239 251
240 251
221 252
222 252
224 252
225 252
226 252
227 252
230 252
231 252
232 252
236 252
237 252
238 252
239 252
240 252
221 253
223 253
224 253
225 253
227 253
231 253
232 253
233 253
234 253
235 253
237 253
238 253
239 253
240 253
221 254
223 254
225 254
226 254
227 254
228 254
229 254
231 254
232 254
233 254
234 254
235 254
236 254
238 254
239 254
240 254
221 255
222 255
224 255
225 255
226 255
227 255
228 255
229 255
230 255
231 255
232 255
234 255
236 255
237 255
239 255
240 255
221 256
222 256
223 256
225 256
226 256
228 256
229 256
230 256
232 256
233 256
234 256
235 256
236 256
237 256
238 256
240 256
221 257
222 257
223 257
224 257
225 257
227 257
228 257
229 257
230 257
231 257
232 257
234 257
237 257
238 257
240 257
221 258
223 258
224 258
225 258
226 258
227 258
228 258
230 258
232 258
233 258
234 258
235 258
238 258
240 258
221 259
222 259
223 259
225 259
228 259
229 259
231 259
232 259
233 259
234 259
237 259
238 259
240 259
221 260
223 260
224 260
226 260
227 260
228 260
229 260
230 260
231 260
232 260
233 260
234 260
235 260
238 260
239 260
240 260
241 261
244 261
246 261
247 261
248 261
249 261
250 261
251 261
252 261
253 261
254 261
256 261
257 261
258 261
260 261
243 262
244 262
245 262
246 262
247 262
248 262
249 262
250 262
253 262
254 262
255 262
256 262
259 262
260 262
242 263
243 263
244 263
246 263
248 263
250 263
251 263
253 263
254 263
255 263
256 263
257 263
259 263
260 263
241 264
242 264
244 264
245 264
246 264
248 264
249 264
251 264
253 264
254 264
256 264
257 264
259 264
241 265
244 265
245 265
247 265
249 265
250 265
251 265
252 265
253 265
254 265
255 265
256 265
257 265
258 265
259 265
260 265
241 266
242 266
244 266
245 266
246 266
247 266
248 266
249 266
250 266
251 266
253 266
254 266
256 266
259 266
260 266
241 267
243 267
244 267
245 267
246 267
248 267
249 267
250 267
251 267
252 267
253 267
255 267
256 267
257 267
258 267
259 267
260 267
241 268
242 268
243 268
244 268
245 268
246 268
247 268
248 268
249 268
250 268
251 268
252 268
253 268
254 268
255 268
256 268
257 268
258 268
259 268
242 269
243 269
244 269
245 269
246 269
247 269
248 269
249 269
250 269
251 269
252 269
254 269
255 269
256 269
257 269
258 269
259 269
260 269
241 270
242 270
243 270
245 270
246 270
247 270
248 270
249 270
250 270
251 270
252 270
257 270
258 270
260 270
242 271
243 271
244 271
246 271
247 271
248 271
249 271
250 271
251 271
252 271
253 271
254 271
255 271
258 271
259 271
260 271
241 272
242 272
243 272
244 272
245 272
247 272
248 272
249 272
251 272
252 272
253 272
255 272
256 272
258 272
260 272
241 273
242 273
246 273
247 273
249 273
250 273
253 273
254 273
255 273
257 273
259 273
243 274
244 274
245 274
246 274
247 274
249 274
250 274
251 274
253 274
255 274
256 274
257 274
259 274
260 274
243 275
246 275
247 275
249 275
250 275
251 275
252 275
255 275
256 275
257 275
258 275
259 275
260 275
241 276
242 276
243 276
245 276
246 276
247 276
248 276
249 276
250 276
251 276
252 276
253 276
254 276
255 276
256 276
257 276
258 276
241 277
243 277
244 277
245 277
246 277
248 277
249 277
250 277
251 277
252 277
253 277
254 277
255 277
256 277
257 277
258 277
259 277
260 277
241 278
242 278
243 278
244 278
246 278
247 278
248 278
249 278
250 278
251 278
252 278
253 278
254 278
255 278
256 278
259 278
241 279
243 279
244 279
245 279
246 279
247 279
248 279
249 279
251 279
252 279
253 279
254 279
255 279
256 279
260 279
241 280
242 280
244 280
246 280
247 280
248 280
249 280
252 280
253 280
255 280
256 280
258 280
261 281
263 281
265 281
267 281
268 281
271 281
272 281
273 281
274 281
276 281
277 281
278 281
279 281
262 282
264 282
265 282
266 282
270 282
271 282
272 282
273 282
274 282
275 282
277 282
278 282
261 283
263 283
264 283
265 283
267 283
271 283
272 283
273 283
274 283
275 283
276 283
277 283
278 283
279 283
280 283
262 284
264 284
266 284
267 284
268 284
269 284
270 284
272 284
274 284
276 284
277 284
278 284
279 284
280 284
262 285
263 285
264 285
267 285
268 285
270 285
271 285
272 285
273 285
274 285
275 285
276 285
278 285
280 285
262 286
263 286
264 286
265 286
266 286
267 286
268 286
270 286
271 286
273 286
274 286
275 286
276 286
277 286
278 286
279 286
261 287
262 287
263 287
264 287
265 287
266 287
267 287
269 287
270 287
271 287
273 287
274 287
275 287
276 287
277 287
280 287
261 288
262 288
263 288
264 288
265 288
266 288
267 288
268 288
269 288
270 288
271 288
272 288
273 288
275 288
276 288
279 288
261 289
262 289
264 289
265 289
267 289
269 289
270 289
271 289
273 289
274 289
275 289
276 289
277 289
278 289
279 289
280 289
261 290
263 290
264 290
265 290
266 290
267 290
268 290
269 290
270 290
271 290
273 290
274 290
277 290
278 290
279 290
263 291
264 291
266 291
267 291
268 291
269 291
271 291
272 291
273 291
274 291
275 291
276 291
278 291
279 291
280 291
262 292
263 292
264 292
267 292
269 292
270 292
271 292
276 292
277 292
278 292
279 292
280 292
262 293
263 293
265 293
268 293
269 293
270 293
271 293
272 293
274 293
276 293
277 293
278 293
279 293
261 294
262 294
263 294
264 294
265 294
266 294
268 294
269 294
270 294
272 294
273 294
274 294
275 294
277 294
278 294
279 294
261 295
266 295
268 295
269 295
270 295
272 295
273 295
274 295
275 295
276 295
277 295
278 295
279 295
280 295
261 296
262 296
263 296
264 296
268 296
269 296
271 296
272 296
273 296
274 296
275 296
276 296
278 296
279 296
261 297
262 297
263 297
264 297
265 297
266 297
267 297
268 297
269 297
270 297
274 297
275 297
276 297
277 297
279 297
261 298
262 298
263 298
264 298
265 298
266 298
267 298
268 298
269 298
270 298
273 298
274 298
276 298
277 298
278 298
280 298
261 299
262 299
263 299
264 299
265 299
266 299
267 299
268 299
269 299
270 299
271 299
272 299
273 299
274 299
275 299
276 299
277 299
278 299
279 299
280 299
262 300
264 300
266 300
267 300
268 300
269 300
271 300
272 300
273 300
275 300
276 300
278 300
280 300
282 301
283 301
284 301
285 301
286 301
288 301
289 301
291 301
292 301
293 301
294 301
295 301
296 301
298 301
299 301
283 302
286 302
287 302
288 302
290 302
292 302
293 302
294 302
295 302
296 302
297 302
298 302
300 302
281 303
282 303
283 303
285 303
286 303
287 303
288 303
289 303
291 303
293 303
294 303
295 303
297 303
298 303
300 303
281 304
283 304
286 304
287 304
289 304
290 304
292 304
294 304
295 304
296 304
297 304
298 304
299 304
281 305
282 305
283 305
284 305
285 305
286 305
287 305
288 305
289 305
291 305
292 305
294 305
295 305
296 305
297 305
298 305
299 305
300 305
281 306
282 306
288 306
289 306
290 306
291 306
292 306
293 306
294 306
295 306
296 306
297 306
298 306
299 306
300 306
281 307
282 307
283 307
284 307
285 307
287 307
289 307
291 307
293 307
294 307
296 307
297 307
298 307
299 307
300 307
281 308
282 308
283 308
285 308
286 308
287 308
288 308
289 308
290 308
292 308
293 308
296 308
297 308
300 308
282 309
283 309
284 309
285 309
286 309
287 309
288 309
289 309
290 309
291 309
292 309
296 309
298 309
299 309
300 309
282 310
284 310
286 310
287 310
288 310
290 310
293 310
295 310
296 310
297 310
298 310
299 310
300 310
282 311
284 311
285 311
286 311
287 311
288 311
289 311
290 311
291 311
292 311
293 311
294 311
297 311
298 311
299 311
281 312
282 312
283 312
285 312
286 312
287 312
288 312
289 312
290 312
291 312
293 312
294 312
296 312
297 312
298 312
299 312
300 312
281 313
283 313
284 313
285 313
286 313
287 313
288 313
289 313
291 313
292 313
293 313
294 313
295 313
296 313
298 313
299 313
300 313
282 314
284 314
286 314
289 314
290 314
291 314
293 314
294 314
295 314
296 314
298 314
299 314
300 314
281 315
282 315
284 315
287 315
288 315
289 315
290 315
291 315
293 315
294 315
295 315
296 315
299 315
300 315
281 316
283 316
284 316
285 316
286 316
287 316
288 316
289 316
290 316
291 316
292 316
293 316
295 316
296 316
297 316
300 316
281 317
283 317
284 317
285 317
286 317
287 317
288 317
289 317
291 317
292 317
293 317
295 317
296 317
297 317
298 317
299 317
281 318
282 318
283 318
284 318
285 318
286 318
287 318
288 318
289 318
290 318
292 318
295 318
296 318
298 318
300 318
281 319
283 319
284 319
285 319
287 319
289 319
290 319
293 319
294 319
296 319
298 319
299 319
300 319
281 320
282 320
283 320
285 320
286 320
287 320
288 320
289 320
290 320
291 320
293 320
294 320
295 320
296 320
298 320
299 320
300 320
302 321
303 321
304 321
305 321
306 321
307 321
308 321
310 321
311 321
312 321
313 321
314 321
315 321
316 321
317 321
318 321
319 321
301 322
302 322
303 322
306 322
308 322
309 322
310 322
311 322
312 322
313 322
314 322
315 322
316 322
317 322
318 322
302 323
304 323
306 323
307 323
309 323
311 323
312 323
315 323
316 323
317 323
319 323
320 323
301 324
303 324
304 324
306 324
307 324
308 324
312 324
313 324
314 324
316 324
302 325
303 325
306 325
307 325
308 325
309 325
310 325
311 325
312 325
313 325
314 325
315 325
316 325
317 325
318 325
320 325
303 326
305 326
306 326
307 326
309 326
310 326
311 326
312 326
313 326
314 326
315 326
316 326
317 326
318 326
319 326
320 326
301 327
302 327
303 327
304 327
305 327
307 327
310 327
312 327
313 327
314 327
315 327
316 327
317 327
318 327
319 327
320 327
301 328
303 328
305 328
307 328
308 328
309 328
311 328
313 328
314 328
315 328
316 328
317 328
319 328
320 328
301 329
302 329
303 329
304 329
305 329
306 329
307 329
308 329
309 329
310 329
311 329
313 329
314 329
315 329
316 329
317 329
318 329
301 330
302 330
304 330
305 330
306 330
307 330
310 330
311 330
313 330
314 330
316 330
318 330
319 330
320 330
301 331
302 331
307 331
309 331
310 331
311 331
312 331
313 331
314 331
316 331
317 331
318 331
319 331
320 331
302 332
303 332
304 332
305 332
306 332
307 332
310 332
314 332
315 332
316 332
317 332
318 332
320 332
301 333
302 333
303 333
306 333
307 333
309 333
310 333
311 333
312 333
318 333
303 334
304 334
305 334
306 334
308 334
309 334
310 334
311 334
313 334
314 334
315 334
316 334
317 334
318 334
301 335
302 335
303 335
304 335
305 335
306 335
307 335
308 335
309 335
311 335
312 335
314 335
315 335
316 335
317 335
318 335
319 335
302 336
303 336
304 336
305 336
306 336
308 336
309 336
310 336
311 336
312 336
314 336
315 336
316 336
317 336
318 336
319 336
320 336
301 337
302 337
308 337
309 337
310 337
311 337
312 337
313 337
314 337
315 337
316 337
318 337
319 337
320 337
302 338
303 338
305 338
306 338
309 338
310 338
311 338
312 338
314 338
315 338
316 338
317 338
318 338
320 338
301 339
302 339
303 339
305 339
306 339
307 339
309 339
310 339
312 339
314 339
315 339
317 339
318 339
301 340
304 340
305 340
306 340
307 340
308 340
309 340
310 340
311 340
312 340
313 340
314 340
315 340
318 340
319 340
320 340
321 341
325 341
326 341
327 341
328 341
332 341
333 341
335 341
336 341
337 341
338 341
339 341
321 342
322 342
323 342
324 342
326 342
327 342
328 342
329 342
330 342
331 342
333 342
336 342
337 342
339 342
323 343
324 343
325 343
327 343
328 343
329 343
330 343
331 343
332 343
333 343
334 343
335 343
338 343
339 343
340 343
321 344
323 344
324 344
325 344
326 344
327 344
332 344
333 344
335 344
336 344
337 344
338 344
339 344
340 344
321 345
322 345
325 345
326 345
328 345
329 345
331 345
332 345
333 345
334 345
335 345
336 345
337 345
339 345
340 345
321 346
324 346
325 346
327 346
328 346
329 346
330 346
333 346
334 346
335 346
336 346
338 346
339 346
321 347
322 347
323 347
324 347
325 347
327 347
328 347
329 347
331 347
332 347
333 347
335 347
336 347
338 347
340 347
321 348
322 348
324 348
326 348
327 348
329 348
330 348
331 348
332 348
333 348
335 348
336 348
338 348
339 348
340 348
321 349
322 349
323 349
324 349
326 349
327 349
328 349
329 349
330 349
332 349
334 349
335 349
336 349
337 349
339 349
321 350
322 350
323 350
324 350
327 350
328 350
329 350
330 350
331 350
332 350
334 350
335 350
337 350
338 350
339 350
340 350
321 351
322 351
323 351
324 351
327 351
329 351
330 351
331 351
333 351
334 351
336 351
337 351
338 351
339 351
340 351
321 352
322 352
323 352
325 352
326 352
327 352
328 352
329 352
330 352
331 352
332 352
334 352
337 352
338 352
340 352
322 353
323 353
324 353
325 353
326 353
327 353
328 353
330 353
331 353
332 353
333 353
334 353
335 353
337 353
338 353
339 353
340 353
321 354
322 354
323 354
324 354
325 354
326 354
327 354
328 354
329 354
331 354
334 354
335 354
337 354
338 354
339 354
340 354
321 355
323 355
325 355
326 355
327 355
328 355
329 355
330 355
331 355
332 355
333 355
334 355
335 355
336 355
337 355
338 355
321 356
322 356
323 356
324 356
325 356
326 356
327 356
328 356
329 356
330 356
331 356
332 356
333 356
334 356
335 356
336 356
340 356
321 357
322 357
324 357
326 357
327 357
328 357
331 357
332 357
333 357
335 357
336 357
337 357
339 357
321 358
322 358
323 358
325 358
326 358
327 358
329 358
330 358
332 358
333 358
334 358
335 358
337 358
338 358
339 358
340 358
321 359
322 359
323 359
324 359
327 359
328 359
329 359
330 359
331 359
332 359
333 359
334 359
335 359
336 359
337 359
338 359
340 359
321 360
322 360
323 360
324 360
326 360
327 360
328 360
329 360
330 360
331 360
332 360
333 360
334 360
335 360
336 360
337 360
338 360
339 360
340 360
341 361
342 361
343 361
344 361
345 361
347 361
348 361
349 361
350 361
352 361
353 361
355 361
357 361
358 361
359 361
342 362
344 362
346 362
347 362
348 362
349 362
350 362
351 362
352 362
353 362
354 362
355 362
357 362
358 362
359 362
360 362
341 363
342 363
343 363
344 363
345 363
346 363
347 363
348 363
349 363
350 363
351 363
352 363
355 363
356 363
359 363
360 363
341 364
342 364
343 364
344 364
345 364
346 364
347 364
349 364
350 364
351 364
354 364
355 364
356 364
358 364
359 364
360 364
341 365
344 365
345 365
346 365
347 365
348 365
352 365
353 365
354 365
355 365
356 365
357 365
359 365
360 365
341 366
343 366
344 366
346 366
347 366
348 366
349 366
351 366
352 366
353 366
354 366
355 366
357 366
358 366
359 366
360 366
341 367
343 367
344 367
346 367
347 367
349 367
352 367
353 367
354 367
355 367
356 367
357 367
358 367
359 367
360 367
342 368
344 368
345 368
346 368
347 368
348 368
349 368
352 368
354 368
357 368
358 368
359 368
360 368
341 369
342 369
343 369
345 369
346 369
347 369
348 369
350 369
352 369
353 369
354 369
355 369
356 369
357 369
358 369
359 369
343 370
344 370
346 370
347 370
348 370
349 370
350 370
353 370
354 370
355 370
356 370
357 370
358 370
359 370
360 370
342 371
344 371
345 371
346 371
348 371
349 371
351 371
352 371
353 371
354 371
356 371
357 371
358 371
359 371
360 371
342 372
343 372
344 372
346 372
349 372
350 372
351 372
352 372
353 372
354 372
355 372
356 372
357 372
358 372
359 372
360 372
341 373
342 373
343 373
344 373
345 373
346 373
347 373
348 373
349 373
352 373
353 373
355 373
356 373
358 373
359 373
360 373
341 374
342 374
345 374
346 374
348 374
349 374
350 374
351 374
352 374
353 374
355 374
356 374
357 374
358 374
359 374
360 374
341 375
342 375
343 375
344 375
345 375
346 375
347 375
349 375
350 375
351 375
352 375
355 375
356 375
357 375
358 375
359 375
360 375
341 376
342 376
343 376
345 376
347 376
349 376
351 376
352 376
353 376
354 376
355 376
357 376
358 376
360 376
341 377
342 377
343 377
344 377
345 377
346 377
347 377
348 377
350 377
351 377
352 377
353 377
354 377
355 377
356 377
357 377
358 377
359 377
360 377
341 378
342 378
343 378
344 378
345 378
346 378
349 378
351 378
354 378
356 378
357 378
358 378
359 378
341 379
342 379
344 379
345 379
346 379
347 379
348 379
349 379
350 379
352 379
353 379
354 379
355 379
356 379
357 379
358 379
359 379
341 380
343 380
344 380
345 380
347 380
348 380
351 380
352 380
354 380
355 380
356 380
357 380
358 380
359 380
360 380
361 381
362 381
363 381
364 381
365 381
367 381
368 381
371 381
372 381
377 381
378 381
380 381
361 382
364 382
365 382
368 382
369 382
370 382
371 382
372 382
374 382
376 382
377 382
378 382
379 382
380 382
361 383
362 383
364 383
365 383
366 383
367 383
368 383
370 383
373 383
374 383
375 383
376 383
377 383
378 383
379 383
380 383
361 384
362 384
363 384
364 384
366 384
367 384
368 384
369 384
370 384
371 384
372 384
373 384
374 384
375 384
376 384
377 384
379 384
380 384
361 385
362 385
364 385
365 385
366 385
367 385
368 385
369 385
370 385
372 385
373 385
374 385
375 385
376 385
377 385
378 385
380 385
361 386
362 386
363 386
364 386
366 386
367 386
368 386
371 386
372 386
373 386
374 386
375 386
376 386
378 386
379 386
361 387
362 387
364 387
365 387
367 387
368 387
369 387
370 387
372 387
373 387
375 387
376 387
377 387
378 387
379 387
380 387
361 388
362 388
363 388
364 388
368 388
369 388
370 388
371 388
372 388
373 388
374 388
375 388
376 388
377 388
379 388
380 388
361 389
362 389
363 389
364 389
366 389
367 389
368 389
370 389
371 389
372 389
373 389
374 389
375 389
376 389
377 389
378 389
379 389
380 389
361 390
362 390
363 390
364 390
365 390
366 390
368 390
370 390
371 390
372 390
373 390
374 390
375 390
376 390
377 390
380 390
361 391
362 391
363 391
364 391
365 391
366 391
367 391
369 391
370 391
371 391
374 391
375 391
376 391
377 391
378 391
379 391
361 392
362 392
363 392
364 392
365 392
366 392
370 392
371 392
372 392
374 392
375 392
376 392
377 392
378 392
379 392
380 392
361 393
362 393
363 393
364 393
366 393
367 393
369 393
370 393
371 393
372 393
373 393
374 393
375 393
376 393
378 393
380 393
361 394
362 394
363 394
364 394
365 394
366 394
369 394
370 394
372 394
373 394
374 394
375 394
376 394
377 394
378 394
379 394
362 395
363 395
364 395
365 395
367 395
368 395
369 395
371 395
372 395
373 395
374 395
376 395
378 395
362 396
363 396
364 396
365 396
366 396
367 396
368 396
369 396
370 396
371 396
372 396
373 396
374 396
376 396
378 396
379 396
380 396
361 397
362 397
363 397
365 397
367 397
368 397
371 397
372 397
373 397
374 397
375 397
376 397
377 397
379 397
363 398
364 398
365 398
366 398
368 398
369 398
370 398
371 398
373 398
374 398
375 398
376 398
377 398
378 398
380 398
364 399
366 399
368 399
369 399
370 399
371 399
373 399
377 399
378 399
379 399
380 399
363 400
364 400
365 400
366 400
368 400
369 400
370 400
371 400
372 400
373 400
374 400
375 400
376 400
377 400
378 400
379 400
380 400
383 401
384 401
385 401
386 401
387 401
389 401
390 401
391 401
393 401
395 401
396 401
398 401
400 401
381 402
382 402
383 402
384 402
385 402
387 402
389 402
392 402
393 402
396 402
399 402
400 402
381 403
383 403
384 403
386 403
389 403
391 403
392 403
393 403
394 403
395 403
396 403
397 403
399 403
382 404
384 404
385 404
386 404
387 404
390 404
391 404
392 404
394 404
395 404
396 404
397 404
398 404
399 404
400 404
381 405
382 405
383 405
384 405
385 405
387 405
388 405
389 405
390 405
391 405
392 405
393 405
395 405
397 405
398 405
399 405
381 406
382 406
383 406
384 406
386 406
389 406
390 406
391 406
392 406
393 406
394 406
397 406
398 406
399 406
400 406
381 407
384 407
385 407
386 407
389 407
391 407
392 407
393 407
395 407
396 407
399 407
400 407
383 408
384 408
385 408
386 408
387 408
388 408
389 408
391 408
392 408
394 408
395 408
396 408
397 408
400 408
381 409
382 409
383 409
384 409
385 409
386 409
387 409
388 409
389 409
390 409
392 409
393 409
394 409
396 409
397 409
398 409
400 409
382 410
383 410
384 410
385 410
386 410
387 410
388 410
390 410
391 410
393 410
394 410
395 410
396 410
399 410
400 410
381 411
382 411
384 411
385 411
386 411
388 411
389 411
390 411
392 411
393 411
394 411
395 411
396 411
397 411
398 411
399 411
400 411
381 412
382 412
384 412
385 412
386 412
387 412
391 412
392 412
393 412
395 412
396 412
397 412
398 412
399 412
382 413
383 413
385 413
387 413
388 413
389 413
390 413
391 413
392 413
393 413
395 413
396 413
397 413
398 413
399 413
400 413
381 414
382 414
384 414
386 414
387 414
389 414
390 414
391 414
392 414
394 414
395 414
396 414
397 414
398 414
400 414
381 415
383 415
384 415
387 415
388 415
389 415
391 415
392 415
393 415
394 415
395 415
396 415
399 415
400 415
381 416
382 416
383 416
384 416
385 416
388 416
389 416
391 416
392 416
393 416
394 416
397 416
398 416
400 416
381 417
382 417
383 417
385 417
386 417
387 417
388 417
389 417
390 417
391 417
392 417
393 417
394 417
395 417
396 417
397 417
398 417
399 417
381 418
382 418
383 418
384 418
385 418
386 418
388 418
389 418
390 418
391 418
392 418
395 418
397 418
398 418
399 418
400 418
381 419
383 419
384 419
385 419
388 419
390 419
391 419
393 419
394 419
395 419
396 419
397 419
398 419
399 419
400 419
381 420
382 420
383 420
384 420
385 420
386 420
388 420
390 420
391 420
392 420
393 420
394 420
395 420
396 420
397 420
398 420
400 420
401 421
402 421
403 421
406 421
407 421
408 421
411 421
412 421
413 421
414 421
416 421
417 421
418 421
419 421
420 421
401 422
402 422
403 422
404 422
406 422
408 422
409 422
411 422
412 422
414 422
415 422
416 422
418 422
420 422
401 423
402 423
403 423
404 423
405 423
406 423
407 423
408 423
409 423
411 423
412 423
413 423
414 423
415 423
416 423
417 423
418 423
420 423
401 424
404 424
405 424
408 424
409 424
410 424
411 424
412 424
413 424
414 424
415 424
416 424
417 424
418 424
420 424
401 425
402 425
403 425
404 425
405 425
407 425
408 425
410 425
412 425
413 425
414 425
415 425
416 425
419 425
401 426
402 426
403 426
406 426
408 426
409 426
411 426
412 426
413 426
416 426
417 426
420 426
402 427
403 427
406 427
409 427
410 427
411 427
412 427
413 427
414 427
415 427
416 427
417 427
418 427
420 427
402 428
403 428
406 428
409 428
410 428
411 428
412 428
413 428
414 428
415 428
416 428
417 428
419 428
420 428
401 429
403 429
404 429
405 429
406 429
408 429
409 429
410 429
412 429
414 429
415 429
416 429
417 429
418 429
419 429
420 429
401 430
403 430
405 430
407 430
408 430
409 430
410 430
411 430
413 430
414 430
415 430
416 430
418 430
401 431
403 431
404 431
405 431
406 431
407 431
408 431
410 431
411 431
412 431
416 431
417 431
420 431
402 432
405 432
406 432
407 432
408 432
409 432
410 432
412 432
413 432
415 432
416 432
417 432
418 432
420 432
402 433
405 433
406 433
407 433
408 433
409 433
411 433
412 433
413 433
414 433
415 433
416 433
417 433
419 433
402 434
403 434
404 434
405 434
406 434
408 434
409 434
410 434
411 434
412 434
414 434
416 434
417 434
419 434
420 434
402 435
404 435
406 435
407 435
411 435
412 435
413 435
414 435
415 435
416 435
417 435
418 435
419 435
420 435
401 436
402 436
403 436
404 436
406 436
407 436
408 436
409 436
410 436
411 436
412 436
413 436
414 436
417 436
418 436
419 436
420 436
402 437
406 437
407 437
408 437
409 437
410 437
411 437
412 437
414 437
415 437
416 437
417 437
418 437
401 438
402 438
403 438
404 438
405 438
406 438
407 438
408 438
409 438
410 438
411 438
412 438
414 438
415 438
416 438
417 438
420 438
401 439
402 439
403 439
405 439
406 439
407 439
408 439
409 439
410 439
411 439
412 439
413 439
414 439
415 439
417 439
419 439
420 439
401 440
402 440
403 440
404 440
405 440
407 440
409 440
410 440
411 440
412 440
414 440
415 440
417 440
419 440
420 440
421 441
423 441
424 441
425 441
426 441
427 441
428 441
429 441
430 441
431 441
432 441
433 441
434 441
436 441
437 441
438 441
439 441
440 441
421 442
422 442
424 442
425 442
426 442
427 442
428 442
429 442
430 442
431 442
432 442
433 442
434 442
436 442
437 442
438 442
440 442
421 443
422 443
423 443
424 443
425 443
427 443
429 443
431 443
432 443
433 443
435 443
436 443
437 443
438 443
439 443
440 443
422 444
425 444
426 444
427 444
428 444
430 444
431 444
433 444
434 444
437 444
438 444
439 444
440 444
421 445
423 445
424 445
426 445
427 445
428 445
429 445
431 445
432 445
433 445
434 445
435 445
436 445
437 445
439 445
424 446
425 446
426 446
427 446
428 446
429 446
430 446
431 446
433 446
434 446
435 446
436 446
438 446
439 446
440 446
421 447
422 447
423 447
425 447
426 447
427 447
428 447
429 447
431 447
432 447
433 447
434 447
435 447
436 447
438 447
440 447
421 448
422 448
423 448
424 448
425 448
426 448
427 448
428 448
429 448
430 448
431 448
432 448
433 448
435 448
436 448
438 448
421 449
422 449
424 449
426 449
427 449
428 449
429 449
430 449
431 449
432 449
434 449
435 449
436 449
438 449
439 449
440 449
421 450
423 450
424 450
425 450
426 450
427 450
428 450
429 450
430 450
431 450
434 450
435 450
436 450
437 450
438 450
439 450
440 450
422 451
423 451
425 451
426 451
427 451
428 451
429 451
430 451
431 451
432 451
434 451
435 451
436 451
437 451
438 451
439 451
440 451
421 452
423 452
425 452
426 452
429 452
430 452
431 452
432 452
433 452
434 452
435 452
436 452
438 452
440 452
421 453
423 453
424 453
426 453
427 453
429 453
430 453
433 453
435 453
436 453
437 453
438 453
439 453
440 453
421 454
422 454
423 454
424 454
428 454
429 454
430 454
431 454
432 454
433 454
435 454
436 454
437 454
438 454
440 454
424 455
425 455
426 455
427 455
430 455
432 455
433 455
434 455
436 455
437 455
438 455
439 455
440 455
421 456
424 456
425 456
426 456
427 456
428 456
430 456
431 456
432 456
433 456
434 456
435 456
436 456
438 456
439 456
440 456
421 457
423 457
426 457
427 457
428 457
429 457
430 457
431 457
433 457
434 457
435 457
436 457
437 457
439 457
440 457
421 458
422 458
423 458
424 458
425 458
427 458
428 458
430 458
431 458
432 458
433 458
434 458
437 458
438 458
422 459
423 459
425 459
426 459
427 459
428 459
429 459
431 459
432 459
434 459
435 459
436 459
439 459
440 459
421 460
423 460
424 460
425 460
427 460
428 460
429 460
430 460
431 460
432 460
433 460
434 460
435 460
436 460
437 460
443 461
445 461
447 461
448 461
450 461
451 461
452 461
453 461
454 461
457 461
458 461
459 461
460 461
442 462
443 462
444 462
446 462
448 462
449 462
450 462
451 462
452 462
453 462
454 462
455 462
457 462
458 462
441 463
442 463
443 463
444 463
445 463
446 463
447 463
448 463
449 463
450 463
451 463
453 463
454 463
455 463
459 463
441 464
442 464
444 464
445 464
446 464
447 464
448 464
449 464
451 464
453 464
455 464
456 464
457 464
458 464
459 464
441 465
443 465
444 465
445 465
446 465
447 465
448 465
449 465
450 465
451 465
452 465
453 465
454 465
455 465
457 465
458 465
459 465
441 466
442 466
443 466
444 466
445 466
446 466
447 466
448 466
450 466
451 466
452 466
453 466
454 466
456 466
458 466
459 466
443 467
444 467
445 467
446 467
447 467
449 467
452 467
454 467
455 467
456 467
457 467
458 467
459 467
460 467
441 468
442 468
443 468
445 468
446 468
448 468
450 468
453 468
454 468
455 468
456 468
457 468
458 468
459 468
460 468
441 469
442 469
443 469
444 469
445 469
446 469
447 469
448 469
451 469
453 469
454 469
456 469
457 469
458 469
459 469
442 470
443 470
444 470
445 470
447 470
448 470
449 470
450 470
451 470
452 470
453 470
454 470
457 470
458 470
459 470
460 470
441 471
442 471
443 471
444 471
445 471
446 471
448 471
449 471
450 471
452 471
454 471
456 471
459 471
460 471
441 472
442 472
443 472
444 472
445 472
446 472
447 472
448 472
449 472
450 472
451 472
452 472
453 472
454 472
455 472
457 472
458 472
460 472
441 473
442 473
444 473
445 473
446 473
447 473
448 473
449 473
450 473
451 473
455 473
456 473
457 473
459 473
460 473
441 474
442 474
443 474
444 474
446 474
450 474
452 474
454 474
455 474
456 474
457 474
458 474
459 474
460 474
441 475
442 475
443 475
444 475
445 475
447 475
448 475
449 475
451 475
452 475
453 475
454 475
455 475
457 475
458 475
460 475
441 476
443 476
444 476
445 476
446 476
447 476
453 476
454 476
455 476
458 476
459 476
460 476
443 477
444 477
446 477
447 477
448 477
449 477
450 477
451 477
452 477
454 477
455 477
458 477
459 477
460 477
442 478
443 478
444 478
445 478
446 478
448 478
450 478
451 478
453 478
456 478
457 478
458 478
459 478
441 479
443 479
444 479
445 479
448 479
449 479
450 479
451 479
453 479
456 479
458 479
459 479
460 479
442 480
447 480
448 480
450 480
451 480
453 480
455 480
456 480
457 480
458 480
459 480
460 480
461 481
462 481
463 481
464 481
466 481
467 481
468 481
469 481
470 481
472 481
473 481
474 481
475 481
477 481
478 481
479 481
480 481
461 482
462 482
463 482
464 482
465 482
466 482
467 482
468 482
469 482
470 482
471 482
472 482
473 482
475 482
476 482
477 482
478 482
479 482
480 482
462 483
464 483
465 483
466 483
467 483
468 483
469 483
470 483
471 483
472 483
473 483
474 483
475 483
477 483
479 483
461 484
462 484
463 484
465 484
466 484
467 484
468 484
472 484
473 484
474 484
475 484
476 484
477 484
478 484
479 484
480 484
463 485
466 485
468 485
469 485
471 485
474 485
476 485
477 485
478 485
479 485
461 486
463 486
464 486
467 486
468 486
469 486
470 486
471 486
473 486
474 486
475 486
476 486
477 486
478 486
479 486
461 487
462 487
463 487
464 487
465 487
467 487
469 487
470 487
471 487
472 487
473 487
474 487
475 487
476 487
477 487
478 487
461 488
463 488
464 488
468 488
469 488
470 488
471 488
472 488
473 488
474 488
475 488
476 488
479 488
462 489
463 489
464 489
466 489
467 489
468 489
469 489
470 489
471 489
472 489
474 489
475 489
476 489
477 489
478 489
480 489
461 490
464 490
466 490
468 490
472 490
475 490
476 490
477 490
478 490
479 490
480 490
461 491
462 491
464 491
465 491
466 491
467 491
468 491
469 491
470 491
471 491
472 491
474 491
476 491
477 491
478 491
479 491
462 492
463 492
464 492
467 492
468 492
469 492
470 492
471 492
472 492
474 492
475 492
476 492
477 492
478 492
480 492
461 493
462 493
463 493
464 493
467 493
468 493
471 493
472 493
473 493
474 493
475 493
476 493
477 493
478 493
479 493
461 494
462 494
465 494
466 494
467 494
468 494
469 494
470 494
471 494
472 494
473 494
474 494
475 494
476 494
477 494
478 494
479 494
480 494
462 495
463 495
465 495
466 495
467 495
469 495
471 495
474 495
475 495
477 495
478 495
479 495
480 495
461 496
462 496
463 496
464 496
466 496
469 496
470 496
472 496
473 496
474 496
475 496
477 496
478 496
479 496
480 496
461 497
462 497
463 497
464 497
465 497
466 497
467 497
468 497
469 497
471 497
472 497
474 497
475 497
477 497
479 497
480 497
461 498
462 498
464 498
468 498
469 498
470 498
471 498
472 498
473 498
474 498
475 498
476 498
477 498
478 498
479 498
461 499
463 499
464 499
466 499
468 499
471 499
474 499
475 499
476 499
477 499
478 499
479 499
480 499
461 500
462 500
463 500
464 500
465 500
468 500
470 500
472 500
473 500
474 500
475 500
476 500
477 500
478 500
480 500
