300 4189 15
20 20 20 20 20 20 20 20 20 20 20 20 20 20 20 
1 21
2 21
3 21
4 21
5 21
6 21
7 21
8 21
9 21
10 21
11 21
12 21
14 21
15 21
16 21
17 21
18 21
19 21
20 21
1 22
2 22
3 22
4 22
6 22
7 22
8 22
10 22
12 22
13 22
14 22
15 22
16 22
17 22
18 22
19 22
20 22
1 23
3 23
4 23
5 23
6 23
7 23
9 23
10 23
11 23
12 23
13 23
14 23
15 23
18 23
19 23
20 23
1 24
2 24
3 24
4 24
5 24
6 24
7 24
8 24
10 24
11 24
12 24
13 24
14 24
15 24
17 24
19 24
20 24
1 25
3 25
4 25
5 25
6 25
9 25
11 25
13 25
14 25
15 25
16 25
18 25
19 25
20 25
2 26
3 26
5 26
7 26
8 26
9 26
10 26
11 26
12 26
13 26
16 26
18 26
19 26
20 26
1 27
2 27
3 27
4 27
5 27
7 27
8 27
9 27
10 27
11 27
12 27
13 27
14 27
16 27
17 27
19 27
20 27
1 28
2 28
3 28
4 28
6 28
10 28
11 28
12 28
13 28
14 28
15 28
16 28
17 28
18 28
20 28
1 29
3 29
4 29
7 29
8 29
10 29
11 29
12 29
13 29
14 29
15 29
19 29
1 30
2 30
3 30
4 30
6 30
7 30
10 30
12 30
13 30
14 30
15 30
16 30
17 30
18 30
19 30
20 30
2 31
3 31
4 31
6 31
7 31
8 31
9 31
10 31
11 31
12 31
13 31
14 31
15 31
17 31
20 31
2 32
3 32
4 32
6 32
8 32
9 32
10 32
11 32
12 32
13 32
15 32
17 32
18 32
19 32
1 33
3 33
4 33
8 33
9 33
10 33
11 33
12 33
13 33
14 33
15 33
17 33
18 33
19 33
20 33
1 34
3 34
5 34
8 34
10 34
11 34
13 34
14 34
15 34
16 34
18 34
19 34
1 35
3 35
4 35
7 35
8 35
9 35
10 35
11 35
12 35
13 35
15 35
16 35
17 35
18 35
19 35
20 35
1 36
2 36
3 36
5 36
6 36
7 36
8 36
12 36
16 36
17 36
20 36
1 37
2 37
3 37
8 37
10 37
12 37
14 37
16 37
20 37
1 38
2 38
3 38
5 38
6 38
8 38
9 38
10 38
11 38
12 38
14 38
15 38
16 38
17 38
18 38
19 38
20 38
6 39
7 39
8 39
9 39
10 39
11 39
12 39
13 39
14 39
15 39
16 39
17 39
18 39
19 39
20 39
1 40
2 40
3 40
4 40
5 40
6 40
7 40
8 40
9 40
11 40
12 40
13 40
15 40
16 40
17 40
19 40
20 40
22 41
23 41
24 41
25 41
26 41
30 41
31 41
32 41
33 41
34 41
36 41
37 41
39 41
40 41
21 42
22 42
23 42
25 42
26 42
27 42
28 42
29 42
30 42
33 42
34 42
35 42
36 42
37 42
38 42
40 42
21 43
22 43
23 43
25 43
26 43
27 43
29 43
31 43
32 43
33 43
34 43
35 43
36 43
37 43
39 43
40 43
22 44
24 44
25 44
26 44
29 44
32 44
34 44
35 44
36 44
37 44
38 44
39 44
40 44
21 45
22 45
23 45
24 45
25 45
26 45
28 45
29 45
30 45
31 45
32 45
34 45
37 45
38 45
39 45
40 45
22 46
24 46
25 46
27 46
28 46
30 46
31 46
32 46
33 46
34 46
36 46
38 46
39 46
40 46
21 47
22 47
23 47
24 47
28 47
30 47
31 47
34 47
35 47
36 47
37 47
39 47
40 47
21 48
24 48
25 48
26 48
27 48
28 48
29 48
30 48
31 48
33 48
35 48
36 48
37 48
38 48
39 48
40 48
21 49
22 49
24 49
25 49
28 49
29 49
30 49
31 49
32 49
33 49
34 49
35 49
37 49
38 49
39 49
40 49
22 50
23 50
24 50
26 50
27 50
28 50
30 50
31 50
34 50
35 50
36 50
39 50
40 50
21 51
23 51
24 51
25 51
26 51
27 51
28 51
29 51
30 51
31 51
32 51
33 51
34 51
35 51
36 51
38 51
22 52
23 52
24 52
25 52
26 52
27 52
31 52
33 52
34 52
35 52
36 52
37 52
39 52
21 53
23 53
24 53
25 53
26 53
27 53
28 53
29 53
32 53
33 53
34 53
36 53
37 53
38 53
39 53
40 53
21 54
22 54
23 54
24 54
26 54
27 54
28 54
29 54
31 54
32 54
34 54
35 54
36 54
38 54
40 54
21 55
22 55
25 55
27 55
29 55
30 55
31 55
33 55
35 55
36 55
37 55
40 55
21 56
22 56
23 56
24 56
25 56
26 56
27 56
28 56
29 56
30 56
31 56
32 56
34 56
35 56
36 56
37 56
38 56
39 56
40 56
21 57
22 57
24 57
25 57
28 57
29 57
30 57
31 57
33 57
35 57
37 57
38 57
39 57
25 58
26 58
29 58
30 58
31 58
32 58
34 58
35 58
37 58
38 58
40 58
21 59
22 59
23 59
24 59
25 59
26 59
27 59
28 59
31 59
32 59
33 59
35 59
36 59
37 59
38 59
39 59
40 59
21 60
23 60
25 60
26 60
27 60
28 60
29 60
30 60
31 60
32 60
36 60
37 60
38 60
39 60
41 61
43 61
44 61
47 61
50 61
51 61
52 61
54 61
55 61
57 61
59 61
60 61
42 62
43 62
44 62
45 62
47 62
48 62
49 62
51 62
52 62
53 62
57 62
58 62
59 62
60 62
42 63
43 63
44 63
45 63
48 63
49 63
50 63
51 63
53 63
55 63
56 63
57 63
59 63
41 64
42 64
43 64
44 64
45 64
46 64
48 64
49 64
50 64
51 64
52 64
53 64
54 64
55 64
56 64
58 64
60 64
41 65
43 65
44 65
46 65
47 65
48 65
50 65
51 65
52 65
53 65
54 65
58 65
59 65
41 66
42 66
43 66
45 66
46 66
47 66
48 66
49 66
50 66
52 66
53 66
54 66
55 66
57 66
58 66
59 66
60 66
41 67
42 67
44 67
46 67
47 67
48 67
49 67
50 67
51 67
52 67
53 67
56 67
57 67
58 67
60 67
42 68
43 68
46 68
47 68
48 68
49 68
51 68
52 68
53 68
54 68
55 68
56 68
57 68
58 68
59 68
60 68
41 69
43 69
44 69
45 69
46 69
50 69
51 69
52 69
53 69
54 69
55 69
56 69
57 69
58 69
41 70
43 70
44 70
45 70
47 70
48 70
50 70
51 70
52 70
55 70
56 70
57 70
59 70
60 70
41 71
42 71
43 71
44 71
45 71
46 71
47 71
48 71
51 71
53 71
54 71
56 71
57 71
58 71
59 71
60 71
41 72
43 72
45 72
46 72
47 72
49 72
50 72
52 72
54 72
55 72
56 72
57 72
59 72
60 72
41 73
42 73
43 73
44 73
46 73
47 73
48 73
49 73
50 73
51 73
52 73
53 73
54 73
56 73
58 73
59 73
41 74
42 74
43 74
44 74
47 74
48 74
49 74
50 74
51 74
53 74
54 74
55 74
56 74
57 74
58 74
59 74
60 74
41 75
42 75
43 75
45 75
47 75
49 75
51 75
52 75
53 75
54 75
55 75
56 75
57 75
58 75
59 75
60 75
41 76
42 76
43 76
44 76
45 76
46 76
47 76
49 76
50 76
51 76
52 76
53 76
55 76
56 76
57 76
58 76
59 76
60 76
41 77
42 77
44 77
45 77
46 77
47 77
49 77
50 77
51 77
52 77
53 77
55 77
56 77
58 77
60 77
41 78
42 78
43 78
47 78
48 78
49 78
50 78
51 78
53 78
54 78
55 78
56 78
58 78
59 78
60 78
41 79
42 79
43 79
45 79
48 79
52 79
53 79
55 79
56 79
57 79
58 79
59 79
60 79
42 80
43 80
44 80
45 80
46 80
47 80
48 80
50 80
52 80
53 80
55 80
56 80
57 80
58 80
59 80
60 80
61 81
63 81
64 81
65 81
66 81
67 81
68 81
69 81
70 81
71 81
72 81
73 81
74 81
75 81
76 81
77 81
78 81
79 81
80 81
61 82
62 82
65 82
66 82
67 82
68 82
70 82
71 82
74 82
76 82
77 82
78 82
79 82
61 83
62 83
63 83
65 83
67 83
68 83
69 83
70 83
71 83
72 83
73 83
75 83
76 83
77 83
78 83
79 83
62 84
63 84
64 84
67 84
68 84
70 84
71 84
72 84
74 84
76 84
77 84
78 84
80 84
61 85
62 85
64 85
65 85
66 85
68 85
70 85
71 85
72 85
73 85
74 85
75 85
76 85
77 85
78 85
79 85
61 86
62 86
63 86
64 86
66 86
67 86
69 86
74 86
75 86
76 86
77 86
79 86
80 86
61 87
62 87
63 87
64 87
65 87
66 87
67 87
68 87
69 87
70 87
71 87
72 87
73 87
74 87
75 87
76 87
78 87
61 88
63 88
64 88
65 88
66 88
67 88
68 88
69 88
70 88
71 88
72 88
73 88
74 88
75 88
77 88
78 88
79 88
80 88
61 89
62 89
63 89
64 89
65 89
68 89
69 89
70 89
71 89
72 89
73 89
74 89
75 89
76 89
77 89
78 89
79 89
80 89
62 90
65 90
66 90
67 90
68 90
70 90
71 90
72 90
73 90
74 90
75 90
76 90
77 90
78 90
79 90
80 90
61 91
63 91
64 91
66 91
67 91
68 91
69 91
70 91
71 91
74 91
75 91
76 91
78 91
79 91
61 92
62 92
63 92
64 92
65 92
66 92
68 92
70 92
71 92
72 92
73 92
74 92
76 92
77 92
78 92
80 92
61 93
62 93
63 93
64 93
65 93
66 93
67 93
68 93
69 93
70 93
74 93
76 93
78 93
79 93
62 94
63 94
64 94
65 94
66 94
67 94
68 94
69 94
70 94
72 94
74 94
75 94
76 94
79 94
80 94
62 95
63 95
64 95
65 95
66 95
68 95
70 95
71 95
72 95
73 95
74 95
76 95
77 95
79 95
80 95
61 96
63 96
64 96
65 96
66 96
67 96
68 96
70 96
72 96
73 96
74 96
76 96
77 96
78 96
79 96
80 96
61 97
62 97
63 97
65 97
66 97
68 97
69 97
70 97
71 97
72 97
74 97
75 97
76 97
77 97
79 97
80 97
61 98
62 98
63 98
64 98
65 98
68 98
69 98
70 98
71 98
72 98
73 98
75 98
76 98
77 98
78 98
79 98
80 98
61 99
64 99
65 99
66 99
67 99
69 99
70 99
71 99
72 99
73 99
74 99
75 99
76 99
78 99
79 99
80 99
61 100
62 100
63 100
64 100
65 100
66 100
67 100
68 100
69 100
71 100
72 100
73 100
74 100
75 100
76 100
77 100
78 100
79 100
80 100
81 101
83 101
84 101
85 101
86 101
88 101
89 101
90 101
91 101
92 101
93 101
94 101
95 101
97 101
98 101
100 101
81 102
82 102
83 102
84 102
85 102
86 102
87 102
88 102
91 102
93 102
94 102
95 102
96 102
97 102
98 102
99 102
100 102
81 103
82 103
84 103
85 103
86 103
87 103
89 103
91 103
92 103
93 103
94 103
97 103
99 103
100 103
81 104
82 104
84 104
86 104
87 104
89 104
90 104
91 104
92 104
94 104
95 104
96 104
97 104
99 104
100 104
81 105
83 105
84 105
85 105
86 105
87 105
89 105
91 105
92 105
93 105
94 105
95 105
97 105
98 105
99 105
100 105
82 106
83 106
84 106
85 106
86 106
87 106
88 106
89 106
90 106
92 106
93 106
94 106
95 106
99 106
100 106
81 107
83 107
85 107
87 107
89 107
91 107
92 107
93 107
94 107
95 107
97 107
99 107
81 108
84 108
85 108
86 108
88 108
89 108
90 108
91 108
92 108
93 108
94 108
95 108
96 108
97 108
98 108
99 108
81 109
83 109
85 109
87 109
88 109
90 109
91 109
93 109
94 109
95 109
97 109
99 109
100 109
81 110
82 110
83 110
85 110
88 110
89 110
90 110
91 110
92 110
93 110
94 110
95 110
96 110
97 110
98 110
99 110
81 111
82 111
83 111
84 111
88 111
89 111
90 111
91 111
92 111
93 111
94 111
96 111
99 111
100 111
83 112
85 112
87 112
88 112
89 112
90 112
91 112
92 112
93 112
94 112
95 112
96 112
98 112
81 113
82 113
83 113
84 113
86 113
88 113
89 113
91 113
92 113
93 113
94 113
95 113
96 113
97 113
100 113
81 114
82 114
83 114
84 114
85 114
87 114
89 114
90 114
91 114
93 114
94 114
95 114
97 114
98 114
99 114
100 114
82 115
83 115
84 115
86 115
87 115
88 115
89 115
91 115
92 115
93 115
94 115
95 115
96 115
97 115
98 115
99 115
81 116
82 116
85 116
86 116
87 116
88 116
90 116
94 116
97 116
98 116
100 116
81 117
82 117
84 117
85 117
86 117
89 117
90 117
91 117
92 117
93 117
94 117
95 117
97 117
98 117
100 117
81 118
83 118
84 118
87 118
89 118
90 118
91 118
92 118
95 118
96 118
97 118
98 118
99 118
82 119
83 119
84 119
85 119
88 119
89 119
90 119
92 119
95 119
96 119
97 119
100 119
81 120
82 120
83 120
84 120
85 120
86 120
87 120
90 120
91 120
92 120
94 120
95 120
96 120
98 120
100 120
101 121
102 121
103 121
104 121
105 121
106 121
107 121
108 121
109 121
110 121
112 121
114 121
115 121
116 121
117 121
118 121
119 121
120 121
101 122
102 122
103 122
104 122
105 122
107 122
108 122
109 122
110 122
111 122
112 122
113 122
116 122
117 122
119 122
101 123
102 123
103 123
106 123
107 123
108 123
110 123
113 123
116 123
118 123
119 123
120 123
101 124
102 124
103 124
104 124
106 124
107 124
108 124
109 124
110 124
111 124
112 124
113 124
114 124
115 124
116 124
117 124
119 124
120 124
101 125
102 125
103 125
104 125
108 125
109 125
110 125
111 125
113 125
114 125
115 125
116 125
117 125
119 125
102 126
104 126
105 126
106 126
107 126
108 126
109 126
110 126
112 126
113 126
114 126
115 126
116 126
117 126
119 126
120 126
101 127
102 127
103 127
104 127
106 127
107 127
112 127
114 127
115 127
116 127
117 127
118 127
119 127
120 127
101 128
102 128
103 128
104 128
105 128
106 128
107 128
109 128
110 128
112 128
113 128
114 128
117 128
118 128
119 128
120 128
101 129
102 129
104 129
106 129
107 129
108 129
109 129
110 129
111 129
112 129
113 129
114 129
115 129
118 129
119 129
101 130
102 130
104 130
106 130
107 130
108 130
109 130
110 130
111 130
112 130
113 130
115 130
116 130
117 130
118 130
119 130
120 130
101 131
103 131
104 131
105 131
106 131
109 131
110 131
111 131
112 131
113 131
115 131
117 131
118 131
119 131
120 131
102 132
103 132
104 132
105 132
106 132
107 132
108 132
109 132
110 132
112 132
115 132
116 132
118 132
119 132
120 132
101 133
102 133
103 133
104 133
105 133
106 133
107 133
108 133
110 133
111 133
112 133
113 133
114 133
115 133
116 133
117 133
102 134
104 134
105 134
106 134
107 134
108 134
110 134
112 134
113 134
114 134
115 134
117 134
118 134
119 134
120 134
102 135
103 135
104 135
108 135
109 135
111 135
112 135
114 135
117 135
118 135
119 135
120 135
102 136
103 136
104 136
105 136
106 136
107 136
109 136
110 136
111 136
113 136
115 136
116 136
118 136
119 136
101 137
102 137
103 137
104 137
106 137
108 137
109 137
111 137
112 137
113 137
114 137
115 137
116 137
118 137
119 137
120 137
101 138
102 138
108 138
109 138
112 138
113 138
114 138
115 138
116 138
118 138
119 138
120 138
101 139
102 139
103 139
105 139
108 139
109 139
112 139
113 139
114 139
116 139
117 139
118 139
119 139
102 140
104 140
105 140
106 140
107 140
109 140
110 140
111 140
112 140
114 140
115 140
116 140
119 140
120 140
122 141
123 141
124 141
125 141
126 141
127 141
128 141
129 141
131 141
132 141
134 141
135 141
136 141
137 141
138 141
139 141
122 142
123 142
124 142
125 142
127 142
128 142
129 142
130 142
131 142
133 142
134 142
136 142
137 142
140 142
121 143
123 143
124 143
126 143
127 143
128 143
129 143
130 143
131 143
132 143
133 143
134 143
136 143
138 143
139 143
140 143
121 144
122 144
124 144
125 144
126 144
127 144
128 144
130 144
132 144
133 144
135 144
136 144
137 144
138 144
139 144
140 144
121 145
122 145
124 145
125 145
126 145
127 145
129 145
130 145
131 145
132 145
134 145
135 145
137 145
138 145
139 145
140 145
121 146
124 146
125 146
126 146
127 146
128 146
129 146
130 146
131 146
133 146
134 146
135 146
136 146
138 146
139 146
140 146
121 147
122 147
124 147
125 147
128 147
129 147
130 147
131 147
132 147
133 147
134 147
136 147
137 147
138 147
139 147
140 147
121 148
122 148
123 148
124 148
125 148
127 148
128 148
129 148
131 148
132 148
133 148
135 148
136 148
137 148
139 148
121 149
123 149
125 149
126 149
128 149
129 149
132 149
133 149
134 149
136 149
137 149
138 149
139 149
121 150
123 150
125 150
126 150
127 150
128 150
129 150
130 150
131 150
132 150
134 150
135 150
137 150
138 150
139 150
121 151
122 151
123 151
124 151
126 151
127 151
128 151
130 151
131 151
132 151
133 151
134 151
135 151
137 151
138 151
139 151
140 151
121 152
122 152
123 152
124 152
125 152
126 152
127 152
128 152
130 152
131 152
132 152
133 152
135 152
136 152
138 152
140 152
122 153
125 153
126 153
127 153
128 153
130 153
131 153
132 153
136 153
137 153
138 153
139 153
140 153
123 154
124 154
126 154
127 154
128 154
129 154
132 154
133 154
134 154
135 154
136 154
137 154
138 154
139 154
140 154
121 155
122 155
124 155
125 155
126 155
127 155
128 155
131 155
132 155
134 155
135 155
136 155
137 155
138 155
139 155
140 155
121 156
122 156
123 156
124 156
125 156
128 156
129 156
131 156
132 156
133 156
134 156
135 156
136 156
139 156
140 156
121 157
122 157
123 157
124 157
125 157
126 157
127 157
128 157
129 157
130 157
132 157
133 157
134 157
136 157
137 157
138 157
139 157
140 157
121 158
122 158
124 158
125 158
126 158
128 158
129 158
131 158
132 158
133 158
134 158
136 158
138 158
139 158
140 158
121 159
122 159
123 159
124 159
126 159
127 159
128 159
129 159
130 159
131 159
132 159
133 159
134 159
135 159
136 159
137 159
140 159
121 160
123 160
124 160
126 160
128 160
130 160
133 160
134 160
135 160
137 160
138 160
139 160
140 160
141 161
142 161
143 161
144 161
145 161
146 161
147 161
148 161
149 161
150 161
151 161
152 161
153 161
155 161
156 161
157 161
158 161
159 161
160 161
141 162
142 162
143 162
144 162
148 162
150 162
151 162
152 162
153 162
154 162
155 162
156 162
158 162
159 162
141 163
142 163
144 163
145 163
146 163
147 163
149 163
150 163
151 163
152 163
153 163
155 163
156 163
158 163
159 163
160 163
141 164
142 164
143 164
144 164
145 164
147 164
150 164
151 164
152 164
153 164
154 164
155 164
156 164
157 164
159 164
160 164
141 165
142 165
144 165
147 165
148 165
150 165
151 165
152 165
153 165
154 165
155 165
156 165
157 165
159 165
160 165
141 166
142 166
144 166
145 166
146 166
148 166
149 166
151 166
152 166
154 166
155 166
157 166
159 166
160 166
141 167
144 167
145 167
146 167
148 167
149 167
150 167
152 167
153 167
156 167
157 167
158 167
159 167
160 167
141 168
142 168
146 168
147 168
148 168
149 168
152 168
153 168
154 168
155 168
156 168
157 168
158 168
159 168
160 168
141 169
143 169
146 169
147 169
148 169
149 169
150 169
151 169
152 169
153 169
154 169
156 169
157 169
158 169
142 170
144 170
145 170
146 170
147 170
150 170
151 170
153 170
154 170
155 170
157 170
158 170
141 171
142 171
144 171
146 171
147 171
149 171
150 171
153 171
154 171
155 171
156 171
158 171
160 171
142 172
143 172
144 172
145 172
146 172
148 172
149 172
150 172
151 172
153 172
155 172
156 172
157 172
158 172
160 172
141 173
142 173
143 173
144 173
145 173
146 173
147 173
148 173
149 173
150 173
151 173
152 173
154 173
155 173
156 173
157 173
158 173
159 173
160 173
141 174
142 174
145 174
146 174
147 174
148 174
149 174
150 174
151 174
152 174
153 174
157 174
158 174
159 174
160 174
141 175
142 175
143 175
145 175
146 175
147 175
149 175
150 175
151 175
152 175
154 175
155 175
157 175
158 175
159 175
143 176
144 176
146 176
147 176
148 176
149 176
150 176
151 176
152 176
153 176
155 176
156 176
157 176
158 176
159 176
160 176
141 177
142 177
143 177
144 177
145 177
146 177
149 177
150 177
151 177
152 177
154 177
155 177
156 177
157 177
158 177
159 177
160 177
141 178
142 178
144 178
145 178
146 178
148 178
149 178
150 178
151 178
152 178
153 178
155 178
157 178
160 178
141 179
142 179
143 179
144 179
146 179
148 179
151 179
152 179
155 179
156 179
157 179
158 179
159 179
160 179
141 180
142 180
144 180
146 180
147 180
148 180
149 180
151 180
152 180
153 180
154 180
155 180
156 180
158 180
159 180
160 180
163 181
165 181
167 181
168 181
170 181
171 181
172 181
173 181
175 181
176 181
179 181
180 181
161 182
162 182
163 182
164 182
166 182
168 182
169 182
170 182
171 182
172 182
173 182
174 182
175 182
176 182
177 182
178 182
179 182
180 182
161 183
162 183
163 183
165 183
166 183
167 183
168 183
171 183
173 183
174 183
176 183
177 183
178 183
162 184
163 184
164 184
165 184
168 184
170 184
171 184
172 184
173 184
175 184
176 184
178 184
179 184
180 184
161 185
162 185
163 185
164 185
165 185
166 185
167 185
168 185
169 185
170 185
171 185
172 185
173 185
176 185
178 185
179 185
180 185
161 186
162 186
163 186
164 186
165 186
166 186
167 186
168 186
169 186
170 186
172 186
173 186
174 186
175 186
176 186
177 186
178 186
179 186
180 186
161 187
162 187
163 187
164 187
168 187
169 187
171 187
172 187
173 187
174 187
176 187
177 187
178 187
179 187
180 187
161 188
163 188
164 188
166 188
167 188
168 188
169 188
171 188
172 188
173 188
174 188
176 188
177 188
178 188
179 188
161 189
162 189
163 189
164 189
166 189
168 189
172 189
173 189
174 189
175 189
176 189
177 189
178 189
179 189
161 190
162 190
163 190
164 190
165 190
167 190
168 190
169 190
170 190
172 190
173 190
174 190
175 190
177 190
178 190
179 190
162 191
163 191
164 191
165 191
166 191
167 191
168 191
169 191
170 191
172 191
173 191
174 191
175 191
177 191
178 191
180 191
161 192
162 192
164 192
166 192
167 192
168 192
169 192
170 192
171 192
172 192
173 192
174 192
175 192
176 192
178 192
180 192
162 193
163 193
164 193
165 193
166 193
167 193
168 193
169 193
170 193
171 193
172 193
174 193
176 193
177 193
178 193
179 193
161 194
162 194
163 194
166 194
167 194
168 194
169 194
172 194
173 194
174 194
177 194
178 194
179 194
180 194
162 195
163 195
164 195
165 195
167 195
168 195
169 195
170 195
171 195
172 195
173 195
174 195
175 195
176 195
177 195
178 195
179 195
180 195
161 196
162 196
163 196
164 196
165 196
166 196
167 196
168 196
169 196
170 196
171 196
172 196
174 196
176 196
177 196
178 196
179 196
180 196
161 197
162 197
163 197
164 197
165 197
166 197
167 197
168 197
170 197
171 197
176 197
177 197
178 197
179 197
161 198
163 198
164 198
165 198
166 198
167 198
169 198
172 198
173 198
174 198
175 198
176 198
177 198
179 198
180 198
161 199
162 199
163 199
164 199
165 199
166 199
168 199
169 199
170 199
171 199
172 199
174 199
176 199
177 199
178 199
179 199
162 200
163 200
164 200
165 200
166 200
168 200
169 200
170 200
171 200
173 200
174 200
175 200
176 200
177 200
178 200
180 200
182 201
184 201
185 201
186 201
187 201
188 201
190 201
191 201
192 201
193 201
194 201
195 201
196 201
197 201
198 201
199 201
200 201
181 202
182 202
184 202
185 202
186 202
187 202
190 202
192 202
193 202
194 202
196 202
197 202
198 202
200 202
181 203
182 203
183 203
184 203
185 203
186 203
187 203
188 203
192 203
193 203
195 203
197 203
200 203
182 204
183 204
185 204
186 204
187 204
188 204
189 204
192 204
193 204
194 204
196 204
198 204
199 204
181 205
182 205
183 205
184 205
185 205
188 205
191 205
192 205
193 205
195 205
196 205
197 205
198 205
199 205
200 205
181 206
182 206
184 206
185 206
186 206
187 206
188 206
189 206
190 206
191 206
192 206
193 206
194 206
196 206
197 206
199 206
181 207
182 207
183 207
186 207
187 207
188 207
190 207
191 207
192 207
193 207
194 207
196 207
198 207
199 207
200 207
183 208
184 208
189 208
190 208
191 208
192 208
193 208
195 208
196 208
198 208
200 208
181 209
182 209
184 209
185 209
188 209
189 209
190 209
191 209
192 209
194 209
195 209
196 209
198 209
199 209
200 209
182 210
183 210
185 210
186 210
189 210
190 210
191 210
193 210
195 210
197 210
198 210
199 210
200 210
182 211
183 211
185 211
186 211
187 211
189 211
190 211
191 211
193 211
196 211
198 211
200 211
181 212
183 212
184 212
185 212
186 212
187 212
188 212
189 212
191 212
192 212
193 212
194 212
196 212
197 212
198 212
199 212
200 212
181 213
182 213
183 213
185 213
186 213
187 213
188 213
189 213
190 213
191 213
192 213
193 213
194 213
195 213
196 213
197 213
198 213
200 213
181 214
182 214
183 214
185 214
186 214
187 214
189 214
190 214
191 214
193 214
195 214
196 214
197 214
199 214
200 214
181 215
184 215
187 215
188 215
189 215
190 215
193 215
194 215
195 215
196 215
198 215
199 215
181 216
182 216
184 216
186 216
187 216
189 216
190 216
192 216
194 216
197 216
198 216
199 216
200 216
181 217
183 217
185 217
186 217
190 217
195 217
196 217
197 217
198 217
199 217
200 217
182 218
183 218
184 218
185 218
186 218
187 218
188 218
189 218
190 218
191 218
192 218
193 218
194 218
195 218
196 218
197 218
181 219
182 219
183 219
184 219
186 219
187 219
189 219
191 219
193 219
194 219
196 219
197 219
198 219
199 219
200 219
181 220
182 220
183 220
184 220
185 220
186 220
187 220
188 220
189 220
190 220
191 220
192 220
196 220
198 220
199 220
201 221
202 221
203 221
205 221
206 221
207 221
210 221
211 221
213 221
214 221
215 221
216 221
218 221
219 221
202 222
203 222
204 222
206 222
208 222
209 222
211 222
212 222
213 222
214 222
215 222
216 222
217 222
219 222
201 223
202 223
204 223
207 223
208 223
209 223
210 223
211 223
212 223
214 223
215 223
216 223
217 223
218 223
219 223
220 223
201 224
202 224
204 224
206 224
208 224
209 224
210 224
211 224
212 224
213 224
214 224
215 224
217 224
219 224
220 224
202 225
204 225
206 225
207 225
209 225
210 225
211 225
212 225
213 225
214 225
215 225
216 225
218 225
219 225
201 226
202 226
203 226
204 226
205 226
206 226
207 226
208 226
209 226
210 226
213 226
214 226
215 226
217 226
218 226
219 226
220 226
202 227
203 227
204 227
205 227
206 227
207 227
208 227
210 227
211 227
212 227
215 227
216 227
217 227
218 227
220 227
201 228
202 228
203 228
205 228
206 228
207 228
209 228
211 228
213 228
214 228
215 228
216 228
217 228
218 228
219 228
220 228
201 229
203 229
204 229
205 229
206 229
208 229
209 229
210 229
211 229
212 229
213 229
214 229
215 229
217 229
218 229
219 229
220 229
201 230
202 230
203 230
204 230
205 230
209 230
210 230
211 230
212 230
213 230
214 230
215 230
216 230
219 230
220 230
202 231
206 231
207 231
208 231
209 231
211 231
212 231
213 231
219 231
220 231
201 232
202 232
203 232
204 232
205 232
206 232
207 232
210 232
211 232
213 232
214 232
215 232
216 232
218 232
219 232
201 233
202 233
204 233
206 233
207 233
208 233
209 233
210 233
211 233
215 233
218 233
219 233
201 234
202 234
203 234
204 234
205 234
206 234
209 234
211 234
212 234
213 234
214 234
215 234
216 234
217 234
219 234
220 234
201 235
202 235
203 235
204 235
207 235
209 235
212 235
213 235
214 235
215 235
216 235
218 235
219 235
220 235
201 236
202 236
203 236
206 236
207 236
208 236
209 236
210 236
211 236
215 236
216 236
217 236
218 236
201 237
202 237
203 237
205 237
206 237
208 237
210 237
212 237
214 237
217 237
218 237
219 237
220 237
203 238
205 238
206 238
207 238
208 238
210 238
211 238
212 238
213 238
215 238
216 238
217 238
219 238
220 238
201 239
202 239
203 239
204 239
205 239
208 239
209 239
210 239
211 239
212 239
213 239
214 239
215 239
216 239
217 239
218 239
219 239
220 239
202 240
203 240
204 240
205 240
206 240
207 240
208 240
209 240
211 240
212 240
213 240
214 240
215 240
217 240
218 240
219 240
220 240
223 241
224 241
225 241
226 241
227 241
228 241
229 241
230 241
231 241
234 241
236 241
237 241
239 241
240 241
221 242
222 242
224 242
225 242
226 242
227 242
228 242
229 242
231 242
233 242
234 242
235 242
236 242
237 242
239 242
240 242
223 243
224 243
225 243
228 243
230 243
231 243
232 243
233 243
234 243
235 243
237 243
238 243
239 243
221 244
222 244
223 244
224 244
225 244
226 244
227 244
228 244
230 244
232 244
233 244
234 244
235 244
236 244
237 244
238 244
239 244
240 244
221 245
222 245
223 245
224 245
226 245
227 245
230 245
231 245
232 245
234 245
235 245
237 245
239 245
221 246
222 246
223 246
225 246
227 246
228 246
231 246
232 246
233 246
235 246
236 246
237 246
239 246
240 246
221 247
223 247
225 247
226 247
227 247
228 247
229 247
230 247
231 247
233 247
234 247
236 247
237 247
238 247
239 247
240 247
221 248
222 248
224 248
227 248
228 248
229 248
230 248
231 248
232 248
234 248
235 248
236 248
237 248
239 248
240 248
221 249
222 249
224 249
226 249
228 249
230 249
231 249
232 249
234 249
235 249
239 249
240 249
221 250
222 250
223 250
225 250
226 250
228 250
229 250
230 250
231 250
232 250
233 250
234 250
235 250
236 250
237 250
238 250
240 250
221 251
223 251
224 251
225 251
226 251
227 251
229 251
230 251
233 251
236 251
238 251
239 251
221 252
222 252
223 252
224 252
226 252
227 252
228 252
229 252
231 252
232 252
234 252
235 252
236 252
237 252
238 252
239 252
240 252
221 253
222 253
224 253
226 253
227 253
228 253
230 253
231 253
232 253
233 253
234 253
235 253
236 253
237 253
238 253
239 253
240 253
222 254
225 254
226 254
227 254
228 254
229 254
230 254
231 254
233 254
234 254
235 254
237 254
238 254
239 254
240 254
221 255
223 255
224 255
225 255
226 255
227 255
228 255
230 255
233 255
234 255
238 255
239 255
221 256
222 256
229 256
230 256
232 256
233 256
235 256
236 256
237 256
238 256
240 256
221 257
222 257
223 257
224 257
227 257
228 257
230 257
231 257
232 257
233 257
234 257
236 257
237 257
238 257
239 257
240 257
222 258
224 258
225 258
226 258
227 258
228 258
229 258
231 258
232 258
233 258
234 258
235 258
236 258
237 258
238 258
240 258
221 259
222 259
223 259
224 259
225 259
226 259
227 259
228 259
229 259
230 259
231 259
233 259
234 259
235 259
236 259
237 259
238 259
239 259
221 260
222 260
224 260
225 260
227 260
228 260
230 260
231 260
232 260
233 260
234 260
235 260
237 260
238 260
239 260
241 261
243 261
245 261
246 261
247 261
250 261
253 261
254 261
255 261
256 261
258 261
260 261
242 262
243 262
244 262
245 262
246 262
247 262
248 262
249 262
250 262
252 262
253 262
254 262
255 262
256 262
257 262
258 262
259 262
260 262
241 263
242 263
243 263
244 263
246 263
247 263
248 263
249 263
250 263
251 263
253 263
254 263
255 263
256 263
257 263
258 263
259 263
241 264
242 264
243 264
244 264
245 264
250 264
251 264
252 264
254 264
255 264
256 264
257 264
258 264
259 264
260 264
243 265
244 265
245 265
246 265
247 265
248 265
250 265
251 265
252 265
253 265
254 265
256 265
257 265
259 265
260 265
241 266
242 266
243 266
245 266
246 266
247 266
248 266
250 266
251 266
252 266
253 266
254 266
255 266
241 267
243 267
244 267
245 267
249 267
250 267
251 267
253 267
254 267
255 267
257 267
258 267
260 267
241 268
242 268
243 268
244 268
245 268
246 268
247 268
248 268
251 268
253 268
255 268
257 268
259 268
241 269
242 269
244 269
245 269
246 269
248 269
249 269
251 269
253 269
254 269
255 269
256 269
257 269
258 269
259 269
260 269
241 270
242 270
243 270
244 270
245 270
246 270
251 270
252 270
253 270
254 270
255 270
256 270
258 270
259 270
260 270
242 271
244 271
245 271
246 271
247 271
249 271
250 271
251 271
253 271
254 271
255 271
256 271
257 271
258 271
259 271
241 272
242 272
243 272
245 272
246 272
248 272
249 272
251 272
253 272
254 272
255 272
256 272
257 272
258 272
259 272
260 272
244 273
245 273
247 273
248 273
249 273
250 273
251 273
253 273
254 273
255 273
256 273
258 273
241 274
242 274
245 274
246 274
247 274
250 274
251 274
252 274
253 274
254 274
255 274
256 274
257 274
258 274
260 274
244 275
245 275
248 275
250 275
252 275
253 275
254 275
255 275
256 275
257 275
259 275
260 275
243 276
246 276
247 276
250 276
252 276
253 276
254 276
255 276
256 276
259 276
260 276
241 277
242 277
243 277
244 277
245 277
246 277
247 277
248 277
249 277
250 277
251 277
253 277
254 277
255 277
256 277
257 277
259 277
260 277
241 278
243 278
244 278
245 278
246 278
248 278
249 278
251 278
252 278
256 278
257 278
258 278
259 278
260 278
241 279
242 279
245 279
247 279
248 279
249 279
250 279
251 279
252 279
253 279
254 279
255 279
256 279
258 279
241 280
242 280
244 280
245 280
247 280
248 280
249 280
250 280
251 280
252 280
253 280
254 280
255 280
257 280
258 280
259 280
261 281
262 281
264 281
265 281
266 281
272 281
274 281
278 281
279 281
280 281
261 282
262 282
263 282
264 282
265 282
266 282
267 282
268 282
270 282
272 282
273 282
275 282
276 282
277 282
278 282
279 282
280 282
261 283
263 283
264 283
265 283
266 283
269 283
270 283
271 283
272 283
273 283
274 283
275 283
276 283
278 283
279 283
280 283
261 284
262 284
263 284
265 284
266 284
267 284
268 284
269 284
271 284
272 284
273 284
274 284
276 284
277 284
278 284
279 284
280 284
261 285
262 285
263 285
264 285
265 285
266 285
267 285
268 285
271 285
272 285
274 285
277 285
278 285
279 285
280 285
261 286
264 286
265 286
266 286
267 286
268 286
269 286
270 286
271 286
272 286
273 286
274 286
275 286
276 286
277 286
278 286
279 286
261 287
262 287
264 287
265 287
267 287
269 287
270 287
271 287
272 287
273 287
275 287
276 287
277 287
278 287
280 287
262 288
263 288
265 288
267 288
268 288
269 288
270 288
271 288
272 288
274 288
275 288
276 288
277 288
280 288
261 289
262 289
263 289
264 289
265 289
266 289
267 289
269 289
270 289
271 289
272 289
273 289
274 289
275 289
277 289
280 289
261 290
262 290
263 290
264 290
266 290
267 290
268 290
269 290
270 290
272 290
274 290
278 290
279 290
280 290
261 291
262 291
264 291
265 291
266 291
267 291
268 291
269 291
270 291
271 291
272 291
273 291
274 291
275 291
277 291
278 291
279 291
280 291
262 292
263 292
266 292
267 292
268 292
269 292
270 292
271 292
272 292
273 292
275 292
277 292
278 292
280 292
261 293
262 293
263 293
265 293
266 293
268 293
269 293
272 293
273 293
274 293
275 293
276 293
261 294
262 294
263 294
265 294
266 294
267 294
269 294
270 294
271 294
272 294
273 294
275 294
276 294
277 294
279 294
261 295
262 295
264 295
268 295
269 295
270 295
271 295
272 295
274 295
275 295
276 295
277 295
280 295
261 296
262 296
263 296
264 296
265 296
266 296
267 296
268 296
269 296
272 296
273 296
274 296
275 296
276 296
277 296
278 296
279 296
280 296
261 297
262 297
264 297
266 297
267 297
268 297
269 297
270 297
271 297
272 297
273 297
274 297
275 297
276 297
277 297
278 297
279 297
262 298
264 298
266 298
268 298
271 298
272 298
273 298
275 298
277 298
278 298
280 298
261 299
264 299
266 299
268 299
269 299
270 299
271 299
273 299
275 299
276 299
277 299
278 299
279 299
261 300
262 300
263 300
264 300
265 300
266 300
267 300
268 300
269 300
270 300
271 300
272 300
273 300
274 300
275 300
276 300
277 300
278 300
279 300
280 300
