1000 9822 50
20 20 20 20 20 20 20 20 20 20 20 20 20 20 20 20 20 20 20 20 20 20 20 20 20 20 20 20 20 20 20 20 20 20 20 20 20 20 20 20 20 20 20 20 20 20 20 20 20 20 
6 21
10 21
15 21
17 21
18 21
19 21
1 22
2 22
4 22
5 22
9 22
11 22
12 22
13 22
15 22
19 22
20 22
1 23
2 23
7 23
10 23
15 23
16 23
18 23
19 23
20 23
1 24
4 24
6 24
8 24
10 24
11 24
14 24
15 24
16 24
18 24
20 24
1 25
3 25
4 25
5 25
7 25
9 25
11 25
15 25
17 25
18 25
1 26
2 26
6 26
11 26
14 26
15 26
2 27
4 27
5 27
8 27
10 27
13 27
14 27
15 27
17 27
18 27
19 27
3 28
4 28
5 28
6 28
7 28
9 28
10 28
11 28
12 28
15 28
16 28
18 28
19 28
20 28
2 29
3 29
4 29
5 29
6 29
7 29
8 29
11 29
13 29
15 29
18 29
20 29
2 30
7 30
9 30
11 30
12 30
15 30
19 30
20 30
1 31
2 31
5 31
8 31
12 31
13 31
14 31
16 31
17 31
18 31
20 31
1 32
2 32
3 32
5 32
6 32
7 32
10 32
12 32
15 32
17 32
20 32
2 33
3 33
4 33
10 33
11 33
13 33
16 33
17 33
18 33
20 33
1 34
3 34
4 34
5 34
8 34
9 34
11 34
12 34
13 34
15 34
17 34
18 34
19 34
3 35
4 35
8 35
10 35
12 35
15 35
2 36
6 36
10 36
11 36
13 36
14 36
15 36
16 36
17 36
18 36
19 36
5 37
7 37
13 37
15 37
18 37
3 38
4 38
5 38
6 38
7 38
8 38
9 38
11 38
12 38
13 38
14 38
17 38
18 38
19 38
20 38
3 39
4 39
6 39
8 39
9 39
13 39
14 39
15 39
16 39
18 39
5 40
8 40
9 40
10 40
11 40
13 40
14 40
16 40
17 40
18 40
20 40
21 41
23 41
25 41
28 41
30 41
31 41
32 41
34 41
37 41
38 41
24 42
26 42
30 42
33 42
34 42
35 42
37 42
39 42
25 43
27 43
30 43
31 43
39 43
22 44
23 44
26 44
27 44
29 44
31 44
32 44
36 44
37 44
40 44
22 45
23 45
25 45
29 45
31 45
33 45
37 45
38 45
22 46
25 46
26 46
28 46
29 46
30 46
31 46
32 46
33 46
37 46
40 46
23 47
24 47
26 47
27 47
28 47
29 47
30 47
34 47
37 47
38 47
39 47
21 48
22 48
23 48
24 48
25 48
32 48
34 48
35 48
38 48
39 48
40 48
21 49
23 49
24 49
26 49
27 49
28 49
29 49
30 49
32 49
33 49
34 49
39 49
40 49
21 50
22 50
23 50
24 50
27 50
29 50
30 50
31 50
33 50
34 50
36 50
37 50
38 50
40 50
21 51
23 51
24 51
26 51
27 51
28 51
29 51
31 51
33 51
36 51
39 51
40 51
22 52
24 52
28 52
29 52
33 52
34 52
35 52
37 52
39 52
22 53
26 53
29 53
30 53
32 53
33 53
37 53
38 53
24 54
27 54
28 54
29 54
30 54
31 54
32 54
33 54
34 54
35 54
37 54
40 54
21 55
22 55
24 55
27 55
28 55
31 55
37 55
39 55
21 56
24 56
25 56
27 56
31 56
32 56
34 56
35 56
36 56
23 57
26 57
27 57
32 57
33 57
34 57
40 57
21 58
22 58
23 58
24 58
26 58
30 58
36 58
37 58
39 58
21 59
22 59
24 59
25 59
32 59
33 59
36 59
38 59
39 59
40 59
23 60
24 60
25 60
26 60
27 60
30 60
31 60
35 60
40 60
41 61
42 61
44 61
45 61
46 61
48 61
50 61
52 61
53 61
55 61
56 61
43 62
44 62
48 62
51 62
55 62
58 62
59 62
60 62
42 63
44 63
48 63
49 63
50 63
51 63
54 63
57 63
60 63
42 64
43 64
45 64
47 64
49 64
52 64
56 64
57 64
59 64
60 64
41 65
42 65
43 65
47 65
48 65
52 65
55 65
56 65
60 65
43 66
45 66
48 66
49 66
50 66
51 66
52 66
54 66
55 66
58 66
60 66
45 67
48 67
49 67
51 67
54 67
56 67
60 67
41 68
43 68
46 68
49 68
50 68
51 68
52 68
53 68
54 68
56 68
58 68
59 68
41 69
42 69
44 69
46 69
48 69
50 69
51 69
59 69
60 69
42 70
43 70
44 70
45 70
52 70
54 70
57 70
58 70
59 70
60 70
42 71
43 71
44 71
46 71
48 71
49 71
54 71
56 71
58 71
45 72
48 72
50 72
58 72
59 72
42 73
43 73
44 73
46 73
47 73
50 73
51 73
54 73
55 73
57 73
58 73
41 74
42 74
43 74
45 74
46 74
48 74
49 74
51 74
54 74
55 74
56 74
57 74
58 74
59 74
60 74
41 75
42 75
43 75
46 75
47 75
51 75
52 75
54 75
55 75
57 75
42 76
43 76
44 76
45 76
50 76
51 76
52 76
57 76
58 76
59 76
60 76
44 77
45 77
46 77
47 77
48 77
52 77
58 77
42 78
43 78
48 78
50 78
53 78
54 78
55 78
56 78
58 78
41 79
44 79
47 79
48 79
50 79
51 79
58 79
59 79
42 80
43 80
44 80
48 80
51 80
52 80
55 80
56 80
57 80
58 80
59 80
60 80
61 81
62 81
63 81
68 81
72 81
74 81
79 81
80 81
61 82
62 82
63 82
64 82
66 82
71 82
73 82
75 82
77 82
78 82
79 82
80 82
61 83
63 83
64 83
66 83
67 83
68 83
69 83
70 83
71 83
72 83
74 83
76 83
61 84
62 84
65 84
67 84
69 84
72 84
74 84
77 84
79 84
62 85
67 85
68 85
69 85
73 85
74 85
75 85
78 85
63 86
64 86
67 86
69 86
72 86
73 86
76 86
77 86
79 86
62 87
63 87
64 87
67 87
68 87
69 87
70 87
74 87
75 87
78 87
79 87
80 87
61 88
62 88
66 88
70 88
71 88
72 88
75 88
76 88
79 88
61 89
62 89
65 89
66 89
67 89
71 89
75 89
77 89
80 89
65 90
66 90
67 90
69 90
75 90
79 90
80 90
61 91
62 91
63 91
64 91
66 91
68 91
72 91
73 91
75 91
76 91
77 91
78 91
79 91
63 92
66 92
67 92
68 92
71 92
72 92
74 92
75 92
76 92
77 92
80 92
61 93
62 93
63 93
64 93
65 93
66 93
68 93
69 93
71 93
73 93
76 93
77 93
63 94
64 94
65 94
66 94
67 94
70 94
74 94
75 94
76 94
77 94
78 94
80 94
61 95
62 95
63 95
64 95
66 95
67 95
68 95
70 95
73 95
74 95
75 95
77 95
78 95
79 95
80 95
62 96
64 96
65 96
67 96
68 96
72 96
74 96
78 96
79 96
61 97
64 97
65 97
66 97
68 97
69 97
70 97
71 97
72 97
75 97
76 97
77 97
78 97
63 98
68 98
71 98
73 98
74 98
75 98
76 98
77 98
78 98
79 98
80 98
64 99
66 99
69 99
71 99
72 99
76 99
78 99
61 100
62 100
65 100
67 100
70 100
72 100
73 100
74 100
75 100
79 100
80 100
82 101
84 101
85 101
87 101
89 101
90 101
94 101
96 101
97 101
98 101
81 102
82 102
83 102
87 102
88 102
89 102
91 102
92 102
94 102
95 102
96 102
99 102
100 102
83 103
84 103
87 103
88 103
89 103
90 103
93 103
94 103
96 103
98 103
100 103
82 104
83 104
84 104
85 104
87 104
89 104
91 104
92 104
95 104
96 104
98 104
88 105
90 105
91 105
92 105
95 105
96 105
98 105
99 105
82 106
84 106
85 106
87 106
90 106
92 106
93 106
96 106
100 106
83 107
85 107
86 107
87 107
88 107
89 107
90 107
93 107
94 107
95 107
96 107
99 107
81 108
82 108
84 108
85 108
86 108
87 108
89 108
90 108
91 108
92 108
96 108
98 108
99 108
100 108
83 109
86 109
87 109
89 109
91 109
92 109
93 109
94 109
96 109
97 109
98 109
84 110
87 110
89 110
90 110
93 110
95 110
96 110
98 110
100 110
81 111
82 111
84 111
86 111
88 111
92 111
93 111
97 111
98 111
100 111
81 112
87 112
88 112
96 112
97 112
98 112
100 112
81 113
83 113
86 113
87 113
89 113
91 113
94 113
95 113
96 113
97 113
99 113
100 113
82 114
83 114
89 114
90 114
91 114
93 114
94 114
95 114
97 114
81 115
85 115
86 115
87 115
89 115
90 115
94 115
97 115
99 115
100 115
85 116
88 116
91 116
94 116
96 116
98 116
83 117
86 117
87 117
91 117
92 117
94 117
95 117
96 117
99 117
100 117
82 118
83 118
84 118
88 118
90 118
93 118
97 118
81 119
84 119
86 119
87 119
88 119
89 119
90 119
93 119
96 119
97 119
82 120
83 120
84 120
86 120
87 120
88 120
91 120
92 120
94 120
95 120
97 120
101 121
105 121
107 121
108 121
110 121
113 121
115 121
116 121
119 121
120 121
102 122
103 122
105 122
106 122
108 122
109 122
112 122
114 122
115 122
116 122
117 122
118 122
119 122
120 122
102 123
104 123
105 123
106 123
107 123
113 123
114 123
115 123
116 123
120 123
101 124
104 124
105 124
107 124
109 124
111 124
112 124
113 124
116 124
117 124
101 125
103 125
105 125
107 125
108 125
109 125
111 125
112 125
113 125
114 125
115 125
116 125
118 125
120 125
102 126
103 126
108 126
111 126
112 126
114 126
116 126
118 126
119 126
104 127
105 127
108 127
110 127
111 127
112 127
115 127
120 127
101 128
104 128
105 128
106 128
107 128
110 128
112 128
115 128
116 128
117 128
119 128
120 128
102 129
104 129
113 129
114 129
116 129
119 129
102 130
103 130
104 130
105 130
106 130
107 130
108 130
109 130
110 130
112 130
113 130
114 130
117 130
118 130
119 130
101 131
102 131
103 131
104 131
105 131
106 131
109 131
112 131
113 131
115 131
116 131
102 132
104 132
105 132
106 132
107 132
110 132
112 132
113 132
115 132
116 132
117 132
102 133
103 133
105 133
106 133
112 133
113 133
114 133
116 133
117 133
118 133
119 133
120 133
102 134
104 134
105 134
106 134
111 134
112 134
113 134
114 134
116 134
117 134
118 134
119 134
101 135
102 135
104 135
105 135
109 135
110 135
114 135
116 135
118 135
120 135
101 136
102 136
103 136
104 136
105 136
106 136
109 136
110 136
112 136
113 136
116 136
118 136
119 136
120 136
102 137
105 137
106 137
109 137
115 137
118 137
119 137
109 138
113 138
115 138
118 138
119 138
103 139
104 139
105 139
109 139
110 139
113 139
114 139
118 139
119 139
120 139
101 140
102 140
103 140
106 140
108 140
111 140
114 140
117 140
118 140
119 140
122 141
124 141
125 141
126 141
128 141
129 141
130 141
131 141
133 141
134 141
136 141
139 141
140 141
121 142
122 142
123 142
124 142
125 142
126 142
127 142
131 142
133 142
134 142
136 142
139 142
121 143
122 143
123 143
124 143
125 143
126 143
128 143
131 143
132 143
134 143
139 143
121 144
122 144
124 144
125 144
127 144
128 144
129 144
130 144
135 144
139 144
140 144
121 145
122 145
123 145
126 145
127 145
128 145
129 145
133 145
134 145
137 145
138 145
139 145
121 146
122 146
123 146
124 146
125 146
127 146
130 146
132 146
133 146
138 146
139 146
121 147
122 147
123 147
124 147
128 147
131 147
135 147
139 147
122 148
127 148
128 148
129 148
130 148
132 148
135 148
136 148
137 148
139 148
123 149
125 149
127 149
128 149
130 149
131 149
132 149
134 149
136 149
139 149
140 149
121 150
123 150
124 150
125 150
126 150
128 150
130 150
131 150
133 150
121 151
123 151
124 151
127 151
128 151
129 151
130 151
131 151
136 151
137 151
121 152
122 152
124 152
129 152
131 152
132 152
133 152
134 152
135 152
137 152
138 152
139 152
140 152
121 153
124 153
126 153
130 153
131 153
134 153
135 153
138 153
127 154
130 154
135 154
136 154
137 154
139 154
140 154
123 155
124 155
125 155
128 155
129 155
131 155
135 155
136 155
137 155
138 155
122 156
129 156
130 156
131 156
133 156
134 156
136 156
137 156
139 156
121 157
122 157
124 157
127 157
131 157
133 157
134 157
135 157
137 157
139 157
121 158
122 158
124 158
126 158
128 158
132 158
133 158
134 158
136 158
139 158
140 158
121 159
122 159
123 159
124 159
125 159
127 159
128 159
136 159
137 159
140 159
123 160
128 160
130 160
133 160
134 160
135 160
137 160
140 160
146 161
147 161
150 161
151 161
152 161
153 161
155 161
157 161
158 161
160 161
141 162
142 162
144 162
145 162
146 162
148 162
150 162
151 162
153 162
154 162
155 162
157 162
159 162
160 162
141 163
145 163
148 163
150 163
151 163
154 163
155 163
157 163
143 164
144 164
145 164
146 164
149 164
152 164
153 164
154 164
158 164
159 164
160 164
141 165
144 165
145 165
146 165
149 165
151 165
152 165
153 165
154 165
156 165
158 165
141 166
142 166
144 166
145 166
149 166
151 166
152 166
154 166
155 166
158 166
141 167
142 167
143 167
144 167
146 167
147 167
157 167
159 167
142 168
143 168
147 168
148 168
151 168
152 168
153 168
154 168
155 168
158 168
159 168
160 168
142 169
143 169
144 169
148 169
151 169
152 169
154 169
155 169
157 169
158 169
159 169
141 170
144 170
145 170
148 170
149 170
150 170
152 170
159 170
142 171
146 171
147 171
149 171
151 171
152 171
154 171
157 171
159 171
160 171
143 172
144 172
145 172
146 172
147 172
148 172
150 172
152 172
155 172
158 172
159 172
160 172
141 173
142 173
145 173
146 173
148 173
149 173
152 173
154 173
156 173
157 173
158 173
159 173
142 174
143 174
145 174
146 174
150 174
155 174
156 174
141 175
145 175
146 175
154 175
155 175
158 175
159 175
142 176
143 176
147 176
149 176
153 176
157 176
141 177
142 177
143 177
144 177
146 177
147 177
148 177
150 177
151 177
156 177
157 177
159 177
160 177
142 178
144 178
146 178
148 178
153 178
154 178
155 178
157 178
159 178
160 178
142 179
143 179
144 179
148 179
152 179
153 179
156 179
160 179
141 180
142 180
143 180
144 180
146 180
148 180
149 180
150 180
152 180
154 180
155 180
157 180
159 180
161 181
166 181
170 181
172 181
173 181
174 181
175 181
179 181
180 181
161 182
162 182
164 182
165 182
167 182
171 182
172 182
173 182
176 182
179 182
168 183
170 183
172 183
173 183
174 183
175 183
176 183
161 184
162 184
163 184
165 184
169 184
171 184
172 184
173 184
174 184
175 184
176 184
179 184
180 184
161 185
163 185
164 185
165 185
170 185
171 185
173 185
174 185
175 185
176 185
177 185
180 185
163 186
165 186
166 186
167 186
168 186
170 186
176 186
177 186
162 187
163 187
164 187
169 187
173 187
174 187
175 187
177 187
178 187
161 188
162 188
164 188
165 188
168 188
169 188
173 188
174 188
177 188
178 188
161 189
164 189
165 189
166 189
167 189
176 189
178 189
162 190
164 190
166 190
167 190
170 190
171 190
173 190
174 190
177 190
178 190
179 190
180 190
161 191
163 191
165 191
167 191
168 191
169 191
170 191
171 191
174 191
176 191
177 191
178 191
161 192
163 192
164 192
169 192
173 192
176 192
177 192
178 192
179 192
180 192
161 193
162 193
163 193
164 193
165 193
166 193
168 193
169 193
170 193
172 193
173 193
174 193
175 193
176 193
177 193
180 193
161 194
162 194
167 194
168 194
170 194
172 194
175 194
177 194
180 194
161 195
163 195
165 195
166 195
168 195
170 195
171 195
172 195
173 195
174 195
176 195
178 195
163 196
164 196
165 196
166 196
168 196
169 196
170 196
174 196
175 196
176 196
178 196
164 197
165 197
166 197
169 197
170 197
171 197
173 197
174 197
175 197
179 197
180 197
163 198
164 198
165 198
170 198
173 198
174 198
176 198
177 198
179 198
164 199
165 199
166 199
169 199
170 199
171 199
172 199
174 199
175 199
176 199
177 199
178 199
162 200
164 200
168 200
172 200
173 200
178 200
179 200
181 201
182 201
184 201
188 201
193 201
195 201
196 201
197 201
199 201
200 201
181 202
182 202
183 202
184 202
188 202
190 202
194 202
197 202
198 202
200 202
181 203
185 203
186 203
188 203
190 203
191 203
192 203
193 203
195 203
197 203
200 203
182 204
183 204
184 204
186 204
188 204
189 204
191 204
193 204
194 204
195 204
200 204
182 205
183 205
185 205
186 205
188 205
190 205
196 205
197 205
199 205
181 206
183 206
184 206
186 206
189 206
191 206
194 206
195 206
197 206
199 206
200 206
181 207
185 207
186 207
188 207
189 207
190 207
192 207
196 207
198 207
199 207
182 208
184 208
186 208
187 208
188 208
189 208
195 208
197 208
199 208
181 209
183 209
184 209
185 209
186 209
190 209
195 209
196 209
197 209
198 209
199 209
181 210
182 210
184 210
187 210
188 210
190 210
192 210
193 210
196 210
197 210
200 210
181 211
184 211
186 211
187 211
188 211
189 211
190 211
192 211
194 211
195 211
196 211
200 211
182 212
183 212
185 212
189 212
190 212
192 212
194 212
195 212
197 212
198 212
200 212
183 213
185 213
186 213
187 213
188 213
189 213
190 213
192 213
193 213
194 213
197 213
199 213
182 214
183 214
186 214
187 214
188 214
189 214
191 214
194 214
195 214
196 214
198 214
199 214
181 215
183 215
185 215
187 215
189 215
191 215
192 215
193 215
194 215
195 215
196 215
200 215
181 216
182 216
183 216
190 216
192 216
193 216
194 216
195 216
196 216
197 216
198 216
199 216
200 216
184 217
185 217
186 217
187 217
188 217
191 217
193 217
196 217
198 217
199 217
183 218
184 218
187 218
188 218
191 218
194 218
197 218
199 218
200 218
181 219
182 219
184 219
188 219
189 219
191 219
194 219
197 219
200 219
181 220
182 220
183 220
189 220
192 220
193 220
198 220
199 220
200 220
202 221
205 221
208 221
212 221
213 221
214 221
215 221
217 221
219 221
202 222
203 222
205 222
208 222
210 222
211 222
212 222
216 222
217 222
220 222
201 223
205 223
206 223
207 223
212 223
213 223
216 223
217 223
220 223
202 224
203 224
204 224
205 224
206 224
209 224
210 224
211 224
214 224
217 224
218 224
219 224
220 224
201 225
203 225
206 225
207 225
214 225
215 225
216 225
218 225
202 226
203 226
204 226
205 226
206 226
207 226
210 226
212 226
213 226
215 226
220 226
201 227
202 227
208 227
212 227
213 227
220 227
203 228
206 228
207 228
208 228
209 228
210 228
211 228
212 228
216 228
203 229
204 229
205 229
206 229
207 229
211 229
213 229
214 229
217 229
218 229
220 229
201 230
203 230
206 230
208 230
209 230
210 230
217 230
201 231
202 231
203 231
204 231
206 231
207 231
208 231
209 231
210 231
211 231
212 231
213 231
214 231
217 231
220 231
201 232
202 232
205 232
208 232
209 232
210 232
211 232
214 232
215 232
218 232
220 232
201 233
204 233
209 233
210 233
213 233
215 233
216 233
217 233
218 233
219 233
201 234
202 234
204 234
207 234
208 234
212 234
213 234
219 234
220 234
201 235
202 235
203 235
205 235
206 235
207 235
209 235
210 235
211 235
215 235
216 235
217 235
218 235
201 236
202 236
206 236
207 236
208 236
211 236
212 236
218 236
219 236
203 237
204 237
205 237
206 237
208 237
209 237
210 237
212 237
216 237
217 237
218 237
219 237
201 238
202 238
210 238
211 238
215 238
217 238
218 238
201 239
207 239
208 239
209 239
210 239
211 239
213 239
215 239
216 239
218 239
220 239
204 240
207 240
208 240
209 240
210 240
215 240
216 240
218 240
219 240
221 241
223 241
224 241
226 241
228 241
231 241
232 241
234 241
222 242
223 242
228 242
229 242
233 242
234 242
237 242
239 242
240 242
223 243
224 243
226 243
231 243
235 243
236 243
238 243
239 243
240 243
225 244
227 244
230 244
234 244
235 244
236 244
240 244
223 245
224 245
225 245
226 245
230 245
231 245
232 245
233 245
236 245
237 245
238 245
221 246
222 246
223 246
224 246
226 246
227 246
229 246
230 246
231 246
232 246
234 246
236 246
237 246
239 246
240 246
221 247
223 247
224 247
227 247
228 247
229 247
234 247
236 247
238 247
239 247
240 247
222 248
224 248
225 248
227 248
231 248
234 248
236 248
237 248
240 248
225 249
227 249
231 249
232 249
233 249
234 249
237 249
221 250
223 250
225 250
230 250
231 250
233 250
234 250
236 250
238 250
240 250
221 251
222 251
225 251
226 251
227 251
228 251
231 251
232 251
233 251
235 251
238 251
239 251
221 252
222 252
224 252
230 252
232 252
238 252
239 252
240 252
221 253
223 253
224 253
225 253
231 253
232 253
233 253
234 253
237 253
238 253
239 253
240 253
221 254
223 254
225 254
227 254
228 254
229 254
232 254
233 254
234 254
235 254
236 254
238 254
239 254
240 254
221 255
222 255
225 255
226 255
229 255
230 255
234 255
237 255
221 256
223 256
225 256
226 256
230 256
232 256
233 256
234 256
236 256
237 256
238 256
240 256
221 257
222 257
224 257
225 257
229 257
230 257
234 257
237 257
240 257
226 258
227 258
228 258
230 258
233 258
235 258
238 258
240 258
222 259
228 259
229 259
231 259
232 259
233 259
234 259
240 259
221 260
223 260
224 260
226 260
227 260
228 260
229 260
230 260
231 260
233 260
234 260
235 260
239 260
241 261
244 261
246 261
247 261
248 261
249 261
251 261
252 261
253 261
254 261
256 261
257 261
258 261
260 261
245 262
247 262
248 262
249 262
250 262
253 262
254 262
255 262
256 262
259 262
242 263
243 263
244 263
248 263
250 263
251 263
253 263
254 263
255 263
259 263
260 263
241 264
242 264
244 264
245 264
246 264
248 264
249 264
253 264
256 264
259 264
244 265
245 265
251 265
252 265
253 265
256 265
257 265
258 265
259 265
260 265
241 266
245 266
246 266
247 266
248 266
250 266
259 266
260 266
241 267
245 267
246 267
248 267
249 267
250 267
252 267
253 267
256 267
257 267
258 267
259 267
260 267
241 268
243 268
244 268
247 268
248 268
250 268
254 268
255 268
257 268
258 268
242 269
243 269
244 269
245 269
246 269
247 269
248 269
249 269
250 269
252 269
255 269
256 269
257 269
259 269
241 270
243 270
246 270
248 270
252 270
257 270
258 270
260 270
244 271
247 271
248 271
249 271
250 271
252 271
254 271
255 271
259 271
260 271
241 272
242 272
243 272
244 272
247 272
248 272
251 272
253 272
256 272
258 272
260 272
241 273
246 273
247 273
250 273
253 273
243 274
245 274
246 274
247 274
249 274
251 274
253 274
255 274
256 274
257 274
243 275
246 275
247 275
249 275
250 275
251 275
252 275
255 275
256 275
257 275
258 275
259 275
260 275
242 276
246 276
247 276
248 276
251 276
253 276
258 276
241 277
243 277
244 277
250 277
252 277
253 277
255 277
257 277
258 277
260 277
241 278
243 278
244 278
248 278
250 278
251 278
252 278
254 278
255 278
259 278
241 279
244 279
245 279
246 279
247 279
248 279
249 279
252 279
253 279
254 279
255 279
256 279
260 279
241 280
246 280
247 280
248 280
249 280
253 280
255 280
256 280
258 280
261 281
265 281
267 281
268 281
272 281
273 281
274 281
276 281
277 281
265 282
266 282
271 282
272 282
275 282
277 282
278 282
261 283
263 283
271 283
275 283
276 283
277 283
278 283
279 283
280 283
262 284
264 284
266 284
268 284
269 284
272 284
276 284
278 284
280 284
262 285
268 285
271 285
272 285
273 285
274 285
275 285
276 285
278 285
280 285
262 286
263 286
265 286
266 286
267 286
268 286
270 286
274 286
275 286
278 286
279 286
261 287
263 287
265 287
266 287
269 287
270 287
271 287
273 287
274 287
275 287
276 287
280 287
261 288
262 288
263 288
264 288
265 288
269 288
270 288
271 288
276 288
279 288
261 289
271 289
273 289
274 289
275 289
276 289
277 289
278 289
279 289
280 289
261 290
263 290
264 290
265 290
266 290
267 290
268 290
270 290
271 290
274 290
277 290
278 290
279 290
263 291
264 291
266 291
268 291
271 291
273 291
274 291
275 291
278 291
280 291
262 292
264 292
270 292
271 292
276 292
277 292
280 292
262 293
265 293
269 293
271 293
272 293
274 293
278 293
279 293
262 294
263 294
264 294
268 294
273 294
275 294
277 294
279 294
261 295
266 295
269 295
270 295
275 295
277 295
278 295
261 296
264 296
268 296
269 296
272 296
273 296
274 296
275 296
276 296
278 296
279 296
265 297
266 297
268 297
269 297
270 297
275 297
276 297
277 297
261 298
263 298
264 298
265 298
268 298
269 298
270 298
273 298
274 298
276 298
278 298
262 299
264 299
265 299
267 299
270 299
271 299
273 299
274 299
275 299
276 299
277 299
278 299
279 299
280 299
262 300
264 300
267 300
273 300
275 300
280 300
282 301
286 301
293 301
295 301
296 301
298 301
299 301
283 302
286 302
287 302
288 302
290 302
293 302
295 302
296 302
297 302
298 302
281 303
283 303
285 303
287 303
288 303
291 303
293 303
297 303
281 304
286 304
287 304
289 304
290 304
294 304
295 304
296 304
297 304
298 304
299 304
283 305
284 305
286 305
289 305
291 305
292 305
294 305
296 305
297 305
299 305
300 305
282 306
288 306
289 306
290 306
292 306
293 306
294 306
296 306
297 306
298 306
299 306
300 306
282 307
283 307
284 307
285 307
287 307
289 307
293 307
296 307
297 307
298 307
300 307
282 308
283 308
285 308
286 308
287 308
288 308
292 308
293 308
296 308
300 308
282 309
283 309
284 309
285 309
286 309
287 309
289 309
291 309
296 309
298 309
299 309
300 309
282 310
284 310
286 310
287 310
288 310
293 310
295 310
297 310
300 310
282 311
284 311
285 311
286 311
287 311
288 311
289 311
291 311
292 311
293 311
297 311
298 311
281 312
282 312
283 312
285 312
287 312
288 312
289 312
291 312
293 312
296 312
297 312
299 312
300 312
281 313
285 313
286 313
287 313
293 313
295 313
298 313
286 314
294 314
296 314
298 314
299 314
300 314
284 315
288 315
290 315
291 315
293 315
294 315
299 315
300 315
284 316
286 316
287 316
291 316
292 316
293 316
297 316
281 317
284 317
285 317
286 317
287 317
288 317
289 317
292 317
293 317
295 317
296 317
297 317
298 317
281 318
282 318
283 318
284 318
286 318
287 318
290 318
292 318
295 318
296 318
298 318
300 318
287 319
289 319
290 319
293 319
294 319
296 319
298 319
299 319
300 319
281 320
282 320
283 320
285 320
287 320
288 320
290 320
293 320
295 320
298 320
299 320
305 321
307 321
311 321
313 321
314 321
315 321
317 321
318 321
319 321
301 322
303 322
306 322
308 322
309 322
310 322
312 322
317 322
318 322
304 323
306 323
307 323
311 323
312 323
315 323
316 323
319 323
320 323
303 324
304 324
306 324
307 324
312 324
313 324
316 324
302 325
303 325
306 325
307 325
310 325
311 325
312 325
314 325
315 325
316 325
318 325
303 326
305 326
306 326
310 326
312 326
314 326
315 326
316 326
317 326
318 326
319 326
320 326
301 327
307 327
310 327
312 327
313 327
314 327
315 327
317 327
319 327
320 327
303 328
307 328
309 328
311 328
313 328
315 328
316 328
317 328
319 328
320 328
301 329
302 329
303 329
307 329
308 329
313 329
315 329
316 329
317 329
301 330
305 330
306 330
307 330
310 330
313 330
314 330
316 330
319 330
301 331
302 331
309 331
310 331
311 331
312 331
316 331
318 331
320 331
302 332
303 332
307 332
310 332
314 332
316 332
317 332
320 332
301 333
302 333
306 333
309 333
310 333
311 333
312 333
318 333
303 334
304 334
305 334
308 334
309 334
310 334
313 334
314 334
315 334
317 334
318 334
301 335
302 335
303 335
305 335
306 335
307 335
308 335
309 335
312 335
319 335
302 336
303 336
304 336
305 336
306 336
308 336
309 336
310 336
311 336
312 336
314 336
316 336
318 336
319 336
320 336
301 337
302 337
308 337
309 337
310 337
311 337
312 337
313 337
314 337
315 337
316 337
318 337
319 337
302 338
303 338
305 338
306 338
309 338
310 338
312 338
316 338
317 338
318 338
320 338
302 339
305 339
307 339
309 339
312 339
317 339
305 340
308 340
310 340
311 340
319 340
320 340
321 341
325 341
326 341
328 341
332 341
333 341
336 341
337 341
338 341
339 341
322 342
323 342
324 342
327 342
330 342
333 342
336 342
337 342
339 342
324 343
325 343
328 343
329 343
331 343
332 343
333 343
335 343
338 343
339 343
340 343
324 344
325 344
326 344
333 344
335 344
336 344
337 344
339 344
321 345
322 345
326 345
328 345
331 345
333 345
334 345
335 345
336 345
339 345
324 346
325 346
327 346
328 346
329 346
330 346
333 346
335 346
336 346
338 346
339 346
321 347
322 347
323 347
324 347
325 347
327 347
328 347
331 347
332 347
335 347
336 347
338 347
340 347
324 348
327 348
329 348
330 348
331 348
332 348
333 348
335 348
336 348
339 348
340 348
321 349
322 349
324 349
326 349
327 349
328 349
329 349
332 349
334 349
335 349
336 349
337 349
339 349
324 350
328 350
329 350
330 350
332 350
334 350
335 350
339 350
323 351
327 351
329 351
331 351
333 351
336 351
338 351
339 351
321 352
322 352
326 352
327 352
329 352
330 352
331 352
334 352
326 353
327 353
328 353
334 353
335 353
337 353
338 353
339 353
340 353
321 354
322 354
323 354
324 354
328 354
331 354
334 354
335 354
337 354
339 354
340 354
321 355
323 355
325 355
326 355
327 355
328 355
329 355
330 355
331 355
332 355
338 355
321 356
323 356
324 356
326 356
327 356
328 356
329 356
330 356
332 356
333 356
335 356
336 356
321 357
322 357
324 357
326 357
327 357
331 357
332 357
333 357
336 357
339 357
321 358
322 358
325 358
327 358
332 358
333 358
335 358
338 358
339 358
340 358
322 359
324 359
327 359
328 359
329 359
331 359
332 359
333 359
334 359
335 359
336 359
337 359
338 359
340 359
323 360
324 360
326 360
327 360
329 360
330 360
331 360
333 360
336 360
337 360
339 360
340 360
341 361
342 361
344 361
345 361
347 361
348 361
349 361
350 361
352 361
353 361
355 361
357 361
358 361
359 361
342 362
344 362
347 362
348 362
350 362
359 362
360 362
341 363
342 363
344 363
346 363
347 363
348 363
349 363
350 363
351 363
355 363
356 363
359 363
341 364
342 364
344 364
346 364
347 364
349 364
350 364
351 364
354 364
355 364
356 364
341 365
344 365
346 365
348 365
352 365
353 365
354 365
355 365
356 365
357 365
359 365
360 365
341 366
343 366
344 366
346 366
349 366
351 366
352 366
354 366
357 366
359 366
360 366
341 367
343 367
344 367
346 367
347 367
349 367
353 367
354 367
356 367
357 367
358 367
359 367
344 368
346 368
347 368
348 368
349 368
352 368
354 368
357 368
358 368
360 368
341 369
342 369
346 369
347 369
350 369
352 369
354 369
356 369
357 369
358 369
359 369
343 370
344 370
346 370
348 370
349 370
350 370
353 370
354 370
356 370
358 370
359 370
342 371
345 371
353 371
354 371
356 371
357 371
358 371
359 371
360 371
343 372
344 372
346 372
350 372
351 372
355 372
356 372
357 372
359 372
341 373
342 373
343 373
344 373
345 373
346 373
347 373
349 373
353 373
358 373
359 373
360 373
341 374
345 374
349 374
350 374
352 374
355 374
358 374
359 374
360 374
342 375
344 375
346 375
349 375
350 375
351 375
352 375
355 375
356 375
358 375
360 375
341 376
342 376
343 376
345 376
353 376
354 376
355 376
357 376
358 376
341 377
345 377
346 377
347 377
350 377
351 377
353 377
354 377
355 377
357 377
358 377
359 377
360 377
341 378
343 378
345 378
346 378
349 378
351 378
357 378
358 378
359 378
342 379
344 379
345 379
347 379
348 379
350 379
352 379
354 379
356 379
359 379
341 380
344 380
345 380
348 380
351 380
354 380
355 380
356 380
358 380
359 380
361 381
362 381
363 381
367 381
368 381
371 381
372 381
377 381
378 381
368 382
369 382
371 382
372 382
374 382
376 382
377 382
378 382
380 382
361 383
362 383
365 383
366 383
367 383
368 383
370 383
373 383
374 383
376 383
377 383
378 383
380 383
361 384
362 384
363 384
364 384
366 384
367 384
368 384
370 384
371 384
373 384
374 384
376 384
379 384
361 385
364 385
366 385
368 385
369 385
370 385
372 385
373 385
374 385
377 385
378 385
380 385
361 386
363 386
373 386
374 386
378 386
361 387
362 387
365 387
368 387
369 387
370 387
373 387
375 387
376 387
378 387
379 387
380 387
361 388
363 388
364 388
368 388
369 388
370 388
374 388
375 388
376 388
377 388
379 388
362 389
363 389
364 389
366 389
367 389
371 389
373 389
375 389
376 389
378 389
379 389
380 389
361 390
362 390
363 390
364 390
365 390
366 390
368 390
370 390
375 390
376 390
377 390
380 390
363 391
364 391
367 391
369 391
371 391
374 391
376 391
377 391
378 391
379 391
361 392
362 392
363 392
364 392
370 392
371 392
372 392
374 392
376 392
377 392
362 393
367 393
370 393
371 393
372 393
374 393
375 393
363 394
365 394
366 394
369 394
370 394
372 394
373 394
374 394
375 394
376 394
377 394
378 394
379 394
363 395
364 395
365 395
367 395
369 395
372 395
374 395
376 395
362 396
364 396
365 396
366 396
367 396
368 396
370 396
371 396
372 396
373 396
378 396
379 396
361 397
363 397
367 397
368 397
371 397
372 397
373 397
374 397
375 397
376 397
363 398
364 398
366 398
368 398
369 398
371 398
375 398
376 398
377 398
380 398
366 399
368 399
369 399
370 399
371 399
373 399
377 399
378 399
379 399
380 399
365 400
366 400
368 400
369 400
370 400
371 400
372 400
373 400
374 400
375 400
376 400
377 400
378 400
385 401
386 401
387 401
389 401
391 401
393 401
395 401
396 401
398 401
382 402
385 402
387 402
389 402
392 402
393 402
399 402
400 402
381 403
383 403
386 403
389 403
391 403
392 403
393 403
395 403
396 403
397 403
382 404
384 404
386 404
387 404
391 404
396 404
399 404
381 405
383 405
384 405
385 405
387 405
388 405
391 405
392 405
397 405
398 405
399 405
382 406
383 406
384 406
389 406
393 406
397 406
399 406
400 406
381 407
384 407
385 407
386 407
389 407
392 407
395 407
399 407
383 408
387 408
388 408
389 408
391 408
400 408
381 409
382 409
383 409
385 409
388 409
389 409
390 409
392 409
393 409
394 409
396 409
397 409
398 409
382 410
383 410
384 410
385 410
386 410
387 410
394 410
395 410
396 410
399 410
400 410
382 411
384 411
386 411
388 411
389 411
392 411
393 411
394 411
395 411
396 411
397 411
398 411
382 412
384 412
392 412
393 412
395 412
397 412
398 412
399 412
382 413
385 413
389 413
390 413
391 413
392 413
393 413
395 413
396 413
397 413
398 413
399 413
400 413
381 414
386 414
387 414
389 414
390 414
391 414
392 414
394 414
384 415
387 415
393 415
395 415
399 415
400 415
381 416
383 416
385 416
389 416
391 416
393 416
397 416
398 416
381 417
382 417
387 417
388 417
389 417
390 417
391 417
393 417
394 417
395 417
396 417
397 417
398 417
381 418
382 418
383 418
385 418
390 418
391 418
392 418
395 418
397 418
399 418
381 419
384 419
385 419
388 419
390 419
391 419
393 419
395 419
396 419
397 419
400 419
381 420
382 420
383 420
385 420
388 420
391 420
392 420
393 420
397 420
398 420
400 420
403 421
406 421
407 421
408 421
412 421
414 421
418 421
419 421
420 421
402 422
403 422
406 422
408 422
409 422
414 422
415 422
418 422
420 422
401 423
402 423
407 423
408 423
409 423
412 423
416 423
417 423
420 423
401 424
405 424
408 424
409 424
410 424
411 424
413 424
417 424
420 424
402 425
404 425
405 425
407 425
410 425
413 425
414 425
415 425
416 425
419 425
408 426
409 426
411 426
412 426
413 426
416 426
417 426
402 427
403 427
406 427
409 427
410 427
411 427
412 427
413 427
414 427
416 427
417 427
418 427
402 428
411 428
412 428
414 428
415 428
417 428
419 428
420 428
401 429
404 429
406 429
408 429
409 429
410 429
412 429
414 429
415 429
416 429
417 429
418 429
420 429
401 430
403 430
409 430
413 430
414 430
415 430
416 430
418 430
401 431
403 431
404 431
406 431
407 431
411 431
412 431
420 431
402 432
405 432
408 432
410 432
412 432
413 432
415 432
417 432
418 432
420 432
402 433
405 433
407 433
408 433
409 433
413 433
414 433
415 433
416 433
402 434
404 434
405 434
406 434
408 434
410 434
411 434
412 434
416 434
417 434
419 434
420 434
402 435
404 435
406 435
411 435
412 435
413 435
415 435
418 435
419 435
401 436
402 436
404 436
408 436
409 436
412 436
413 436
414 436
419 436
420 436
402 437
406 437
407 437
408 437
410 437
411 437
416 437
417 437
418 437
402 438
403 438
405 438
407 438
410 438
411 438
412 438
416 438
420 438
401 439
405 439
407 439
408 439
409 439
410 439
412 439
413 439
415 439
420 439
401 440
402 440
403 440
404 440
405 440
407 440
409 440
410 440
411 440
412 440
414 440
415 440
419 440
420 440
421 441
423 441
424 441
425 441
426 441
427 441
429 441
430 441
431 441
433 441
434 441
436 441
437 441
438 441
440 441
422 442
427 442
428 442
429 442
430 442
434 442
436 442
438 442
421 443
422 443
423 443
424 443
427 443
431 443
432 443
433 443
435 443
437 443
422 444
425 444
426 444
427 444
430 444
431 444
438 444
439 444
440 444
421 445
424 445
427 445
429 445
431 445
433 445
435 445
436 445
439 445
424 446
425 446
427 446
428 446
429 446
431 446
433 446
434 446
435 446
436 446
439 446
421 447
423 447
425 447
426 447
427 447
428 447
429 447
431 447
433 447
436 447
438 447
421 448
423 448
424 448
425 448
426 448
430 448
433 448
436 448
438 448
421 449
422 449
424 449
426 449
427 449
429 449
430 449
432 449
434 449
435 449
438 449
440 449
421 450
424 450
425 450
426 450
427 450
428 450
430 450
431 450
434 450
435 450
436 450
438 450
439 450
422 451
425 451
426 451
427 451
428 451
429 451
432 451
435 451
437 451
438 451
439 451
421 452
426 452
429 452
431 452
433 452
434 452
435 452
438 452
440 452
421 453
426 453
427 453
430 453
433 453
435 453
436 453
440 453
422 454
428 454
430 454
431 454
432 454
433 454
435 454
437 454
424 455
425 455
427 455
430 455
432 455
433 455
434 455
439 455
440 455
426 456
427 456
430 456
431 456
432 456
433 456
435 456
436 456
438 456
421 457
426 457
427 457
428 457
429 457
430 457
431 457
433 457
435 457
437 457
439 457
421 458
423 458
424 458
425 458
431 458
432 458
434 458
437 458
438 458
425 459
426 459
427 459
432 459
435 459
440 459
421 460
423 460
425 460
427 460
430 460
431 460
433 460
434 460
435 460
436 460
437 460
445 461
447 461
448 461
450 461
451 461
452 461
454 461
457 461
458 461
443 462
444 462
448 462
451 462
455 462
457 462
441 463
442 463
444 463
445 463
446 463
447 463
448 463
449 463
451 463
454 463
455 463
459 463
442 464
444 464
445 464
446 464
447 464
448 464
451 464
453 464
456 464
459 464
441 465
444 465
446 465
447 465
449 465
450 465
455 465
458 465
459 465
441 466
446 466
447 466
450 466
451 466
453 466
454 466
456 466
458 466
445 467
446 467
455 467
456 467
458 467
459 467
460 467
442 468
443 468
446 468
448 468
450 468
453 468
457 468
458 468
459 468
460 468
441 469
442 469
443 469
444 469
446 469
447 469
448 469
453 469
454 469
456 469
457 469
458 469
443 470
444 470
447 470
449 470
452 470
453 470
454 470
458 470
460 470
442 471
443 471
444 471
445 471
448 471
450 471
452 471
456 471
459 471
441 472
442 472
443 472
444 472
445 472
446 472
447 472
448 472
449 472
452 472
454 472
457 472
460 472
441 473
445 473
446 473
447 473
448 473
449 473
455 473
456 473
457 473
459 473
460 473
442 474
443 474
450 474
452 474
456 474
457 474
459 474
441 475
443 475
444 475
445 475
447 475
448 475
452 475
453 475
455 475
458 475
445 476
447 476
453 476
454 476
455 476
458 476
459 476
460 476
444 477
446 477
447 477
448 477
449 477
450 477
451 477
455 477
458 477
459 477
460 477
442 478
443 478
444 478
446 478
448 478
450 478
451 478
457 478
459 478
445 479
448 479
449 479
453 479
456 479
458 479
459 479
460 479
442 480
447 480
451 480
453 480
455 480
456 480
462 481
463 481
464 481
466 481
467 481
468 481
469 481
470 481
472 481
475 481
477 481
478 481
479 481
461 482
462 482
463 482
464 482
467 482
469 482
471 482
473 482
475 482
477 482
479 482
480 482
462 483
464 483
465 483
466 483
469 483
470 483
471 483
473 483
475 483
477 483
462 484
463 484
465 484
466 484
467 484
472 484
475 484
477 484
480 484
463 485
468 485
469 485
471 485
474 485
477 485
478 485
479 485
461 486
467 486
469 486
470 486
471 486
475 486
476 486
478 486
479 486
461 487
462 487
463 487
467 487
471 487
473 487
474 487
475 487
476 487
478 487
461 488
463 488
469 488
470 488
471 488
472 488
473 488
474 488
475 488
476 488
479 488
462 489
463 489
464 489
466 489
467 489
469 489
470 489
476 489
466 490
472 490
475 490
477 490
478 490
479 490
480 490
461 491
465 491
469 491
470 491
471 491
472 491
474 491
476 491
477 491
478 491
479 491
462 492
463 492
464 492
468 492
469 492
470 492
471 492
472 492
476 492
477 492
478 492
480 492
461 493
463 493
464 493
467 493
468 493
471 493
473 493
474 493
476 493
477 493
479 493
461 494
462 494
468 494
469 494
471 494
473 494
474 494
476 494
477 494
480 494
462 495
466 495
467 495
469 495
475 495
477 495
478 495
479 495
480 495
461 496
462 496
463 496
464 496
466 496
469 496
474 496
461 497
463 497
464 497
465 497
466 497
469 497
472 497
474 497
475 497
477 497
479 497
480 497
461 498
464 498
468 498
470 498
473 498
475 498
477 498
478 498
461 499
463 499
464 499
466 499
468 499
471 499
475 499
476 499
477 499
479 499
480 499
461 500
462 500
463 500
465 500
470 500
474 500
476 500
477 500
478 500
480 500
481 501
482 501
484 501
485 501
487 501
490 501
492 501
494 501
495 501
496 501
497 501
499 501
481 502
482 502
484 502
485 502
487 502
489 502
490 502
492 502
493 502
494 502
495 502
496 502
497 502
499 502
500 502
482 503
483 503
485 503
486 503
489 503
492 503
495 503
496 503
497 503
498 503
499 503
500 503
482 504
484 504
488 504
493 504
494 504
495 504
497 504
499 504
500 504
481 505
482 505
483 505
486 505
489 505
490 505
492 505
493 505
497 505
499 505
500 505
481 506
482 506
487 506
488 506
492 506
493 506
495 506
496 506
481 507
482 507
483 507
486 507
487 507
488 507
490 507
491 507
493 507
494 507
495 507
496 507
497 507
498 507
499 507
488 508
491 508
497 508
485 509
486 509
487 509
489 509
492 509
493 509
494 509
495 509
496 509
498 509
499 509
484 510
485 510
487 510
488 510
489 510
496 510
497 510
499 510
484 511
488 511
489 511
496 511
498 511
481 512
483 512
487 512
488 512
490 512
491 512
495 512
496 512
497 512
498 512
481 513
484 513
486 513
490 513
492 513
495 513
498 513
499 513
500 513
481 514
482 514
483 514
485 514
486 514
488 514
490 514
494 514
497 514
498 514
481 515
484 515
486 515
493 515
494 515
496 515
498 515
499 515
500 515
483 516
485 516
487 516
488 516
489 516
490 516
494 516
495 516
497 516
500 516
481 517
482 517
483 517
484 517
488 517
489 517
491 517
492 517
498 517
499 517
481 518
482 518
483 518
484 518
487 518
488 518
490 518
491 518
492 518
494 518
495 518
499 518
482 519
483 519
485 519
486 519
489 519
491 519
492 519
496 519
498 519
481 520
483 520
486 520
487 520
488 520
489 520
491 520
492 520
494 520
499 520
500 520
503 521
504 521
505 521
506 521
508 521
511 521
520 521
501 522
502 522
506 522
507 522
510 522
511 522
512 522
515 522
516 522
501 523
502 523
503 523
508 523
509 523
511 523
512 523
514 523
515 523
516 523
517 523
519 523
520 523
501 524
503 524
507 524
509 524
511 524
512 524
513 524
514 524
517 524
520 524
501 525
503 525
504 525
506 525
507 525
508 525
509 525
513 525
515 525
516 525
517 525
502 526
506 526
507 526
510 526
512 526
513 526
514 526
515 526
517 526
519 526
501 527
502 527
503 527
504 527
505 527
508 527
509 527
510 527
513 527
515 527
516 527
518 527
519 527
520 527
501 528
502 528
503 528
504 528
507 528
511 528
513 528
514 528
515 528
516 528
517 528
518 528
520 528
501 529
503 529
504 529
506 529
507 529
509 529
510 529
514 529
515 529
519 529
502 530
503 530
504 530
506 530
508 530
509 530
510 530
511 530
513 530
517 530
518 530
519 530
520 530
502 531
503 531
505 531
509 531
514 531
516 531
517 531
518 531
520 531
501 532
502 532
504 532
505 532
506 532
510 532
512 532
513 532
514 532
516 532
517 532
519 532
520 532
501 533
502 533
503 533
505 533
506 533
508 533
510 533
515 533
516 533
520 533
501 534
502 534
503 534
504 534
505 534
507 534
509 534
513 534
514 534
515 534
516 534
517 534
519 534
502 535
504 535
505 535
506 535
510 535
512 535
514 535
516 535
502 536
503 536
504 536
509 536
512 536
515 536
516 536
517 536
520 536
501 537
503 537
505 537
506 537
508 537
510 537
513 537
514 537
515 537
516 537
506 538
508 538
509 538
512 538
513 538
519 538
520 538
506 539
507 539
509 539
513 539
514 539
515 539
520 539
501 540
503 540
507 540
508 540
510 540
512 540
515 540
516 540
517 540
519 540
520 540
521 541
522 541
523 541
524 541
525 541
526 541
529 541
531 541
534 541
536 541
538 541
539 541
540 541
522 542
524 542
525 542
527 542
528 542
529 542
531 542
534 542
536 542
538 542
539 542
540 542
524 543
526 543
527 543
528 543
531 543
534 543
536 543
537 543
538 543
539 543
521 544
522 544
526 544
529 544
530 544
532 544
533 544
536 544
539 544
540 544
521 545
526 545
528 545
529 545
530 545
534 545
535 545
536 545
537 545
539 545
521 546
523 546
524 546
525 546
526 546
528 546
530 546
531 546
533 546
536 546
538 546
539 546
521 547
522 547
524 547
525 547
527 547
535 547
536 547
538 547
539 547
540 547
522 548
525 548
528 548
529 548
531 548
532 548
533 548
535 548
536 548
537 548
538 548
540 548
521 549
522 549
523 549
524 549
525 549
527 549
528 549
530 549
532 549
533 549
535 549
537 549
538 549
539 549
521 550
523 550
524 550
525 550
527 550
529 550
530 550
531 550
533 550
534 550
535 550
540 550
521 551
526 551
528 551
529 551
530 551
532 551
533 551
535 551
536 551
537 551
522 552
523 552
524 552
527 552
533 552
534 552
537 552
539 552
521 553
522 553
523 553
524 553
525 553
526 553
527 553
529 553
530 553
531 553
533 553
535 553
537 553
538 553
539 553
521 554
528 554
531 554
532 554
533 554
534 554
539 554
521 555
523 555
524 555
525 555
528 555
529 555
530 555
532 555
533 555
535 555
538 555
521 556
522 556
523 556
525 556
528 556
529 556
530 556
531 556
532 556
533 556
534 556
536 556
537 556
538 556
539 556
524 557
525 557
526 557
531 557
532 557
537 557
539 557
540 557
525 558
526 558
529 558
530 558
532 558
539 558
527 559
533 559
535 559
537 559
529 560
530 560
534 560
535 560
536 560
537 560
538 560
539 560
540 560
542 561
544 561
545 561
549 561
550 561
552 561
553 561
557 561
558 561
542 562
544 562
549 562
552 562
555 562
558 562
560 562
541 563
544 563
545 563
547 563
548 563
552 563
553 563
555 563
558 563
542 564
544 564
548 564
550 564
551 564
552 564
555 564
556 564
560 564
541 565
543 565
544 565
545 565
549 565
550 565
554 565
557 565
558 565
559 565
541 566
544 566
546 566
548 566
552 566
553 566
554 566
556 566
559 566
560 566
541 567
544 567
547 567
549 567
550 567
551 567
552 567
553 567
554 567
560 567
543 568
544 568
545 568
547 568
549 568
550 568
551 568
552 568
553 568
554 568
556 568
560 568
541 569
545 569
546 569
548 569
551 569
552 569
556 569
541 570
542 570
543 570
546 570
547 570
549 570
550 570
551 570
555 570
557 570
558 570
541 571
542 571
544 571
546 571
547 571
548 571
550 571
551 571
553 571
554 571
556 571
557 571
560 571
541 572
544 572
545 572
546 572
547 572
549 572
550 572
551 572
552 572
553 572
554 572
557 572
559 572
560 572
541 573
542 573
543 573
544 573
546 573
552 573
556 573
557 573
560 573
545 574
547 574
549 574
553 574
557 574
558 574
560 574
541 575
543 575
545 575
546 575
547 575
548 575
557 575
558 575
559 575
560 575
541 576
543 576
544 576
545 576
549 576
550 576
551 576
553 576
554 576
556 576
559 576
545 577
548 577
550 577
553 577
554 577
556 577
557 577
550 578
551 578
555 578
556 578
557 578
541 579
542 579
546 579
548 579
549 579
551 579
554 579
557 579
559 579
541 580
542 580
544 580
548 580
549 580
550 580
551 580
552 580
554 580
556 580
562 581
566 581
567 581
570 581
571 581
574 581
561 582
562 582
563 582
564 582
565 582
567 582
568 582
571 582
573 582
574 582
577 582
578 582
579 582
580 582
562 583
563 583
564 583
565 583
566 583
569 583
572 583
575 583
576 583
561 584
562 584
564 584
565 584
567 584
569 584
571 584
573 584
574 584
575 584
577 584
578 584
579 584
580 584
562 585
563 585
564 585
565 585
571 585
573 585
574 585
576 585
577 585
578 585
579 585
580 585
561 586
562 586
563 586
564 586
565 586
568 586
570 586
571 586
572 586
573 586
574 586
579 586
580 586
561 587
562 587
563 587
566 587
568 587
569 587
573 587
574 587
575 587
577 587
578 587
579 587
580 587
561 588
565 588
566 588
570 588
574 588
575 588
577 588
579 588
561 589
562 589
563 589
564 589
566 589
567 589
568 589
570 589
572 589
574 589
575 589
579 589
563 590
564 590
565 590
567 590
568 590
572 590
573 590
578 590
579 590
563 591
564 591
567 591
569 591
570 591
571 591
572 591
573 591
574 591
575 591
579 591
580 591
562 592
564 592
568 592
575 592
577 592
578 592
579 592
580 592
566 593
568 593
569 593
570 593
572 593
574 593
575 593
576 593
577 593
578 593
579 593
580 593
562 594
563 594
565 594
566 594
567 594
568 594
569 594
570 594
571 594
573 594
577 594
561 595
563 595
564 595
567 595
570 595
571 595
572 595
573 595
576 595
577 595
562 596
564 596
566 596
569 596
570 596
571 596
575 596
579 596
563 597
564 597
565 597
566 597
568 597
569 597
571 597
574 597
575 597
576 597
562 598
563 598
565 598
567 598
569 598
570 598
573 598
574 598
575 598
576 598
577 598
579 598
562 599
563 599
565 599
567 599
568 599
569 599
572 599
575 599
576 599
579 599
561 600
562 600
563 600
564 600
565 600
568 600
569 600
573 600
574 600
575 600
579 600
583 601
584 601
586 601
587 601
591 601
593 601
594 601
598 601
599 601
600 601
581 602
583 602
584 602
588 602
589 602
590 602
591 602
592 602
593 602
594 602
595 602
596 602
597 602
598 602
599 602
581 603
582 603
583 603
584 603
587 603
588 603
589 603
590 603
591 603
593 603
594 603
595 603
596 603
600 603
581 604
582 604
584 604
586 604
588 604
589 604
590 604
591 604
592 604
594 604
596 604
598 604
599 604
582 605
586 605
588 605
590 605
593 605
594 605
595 605
581 606
582 606
583 606
585 606
588 606
590 606
592 606
593 606
594 606
595 606
596 606
597 606
598 606
599 606
581 607
587 607
592 607
593 607
594 607
595 607
597 607
598 607
599 607
600 607
582 608
585 608
587 608
589 608
590 608
591 608
592 608
594 608
595 608
598 608
600 608
587 609
588 609
589 609
591 609
592 609
593 609
594 609
596 609
600 609
583 610
584 610
585 610
586 610
587 610
590 610
592 610
593 610
599 610
582 611
583 611
584 611
585 611
587 611
588 611
591 611
592 611
595 611
597 611
598 611
600 611
581 612
582 612
584 612
585 612
586 612
587 612
590 612
591 612
593 612
581 613
582 613
587 613
589 613
592 613
594 613
595 613
596 613
599 613
600 613
581 614
583 614
585 614
586 614
589 614
590 614
591 614
594 614
596 614
597 614
599 614
600 614
585 615
586 615
588 615
589 615
590 615
593 615
594 615
595 615
596 615
597 615
598 615
599 615
600 615
585 616
586 616
587 616
588 616
591 616
592 616
594 616
596 616
598 616
600 616
581 617
582 617
584 617
588 617
589 617
591 617
592 617
595 617
597 617
600 617
581 618
583 618
584 618
586 618
589 618
592 618
593 618
595 618
596 618
597 618
598 618
600 618
581 619
584 619
588 619
591 619
593 619
594 619
595 619
596 619
598 619
600 619
582 620
583 620
584 620
585 620
586 620
587 620
588 620
590 620
594 620
595 620
596 620
597 620
599 620
603 621
604 621
605 621
607 621
609 621
610 621
611 621
612 621
613 621
615 621
618 621
620 621
603 622
607 622
608 622
614 622
618 622
601 623
602 623
608 623
609 623
611 623
612 623
614 623
615 623
619 623
620 623
602 624
604 624
606 624
607 624
610 624
611 624
615 624
619 624
620 624
601 625
604 625
607 625
608 625
609 625
613 625
614 625
616 625
617 625
619 625
620 625
602 626
603 626
606 626
608 626
609 626
610 626
612 626
614 626
615 626
617 626
604 627
605 627
607 627
608 627
609 627
613 627
616 627
618 627
601 628
604 628
605 628
606 628
607 628
608 628
609 628
614 628
615 628
616 628
618 628
619 628
620 628
605 629
607 629
609 629
612 629
614 629
615 629
618 629
619 629
601 630
602 630
605 630
606 630
607 630
608 630
611 630
613 630
615 630
616 630
618 630
620 630
601 631
602 631
603 631
606 631
608 631
609 631
610 631
613 631
614 631
615 631
620 631
601 632
603 632
610 632
611 632
614 632
615 632
616 632
617 632
619 632
620 632
601 633
602 633
605 633
606 633
607 633
609 633
614 633
615 633
618 633
619 633
606 634
611 634
612 634
615 634
617 634
619 634
620 634
601 635
602 635
608 635
611 635
612 635
613 635
615 635
616 635
617 635
618 635
604 636
605 636
606 636
608 636
610 636
612 636
614 636
615 636
616 636
617 636
620 636
601 637
603 637
605 637
612 637
613 637
617 637
618 637
619 637
606 638
608 638
609 638
610 638
613 638
614 638
618 638
619 638
620 638
601 639
604 639
605 639
606 639
608 639
609 639
610 639
611 639
613 639
614 639
616 639
617 639
619 639
620 639
601 640
603 640
604 640
605 640
606 640
607 640
610 640
612 640
613 640
614 640
619 640
620 640
623 641
625 641
626 641
627 641
628 641
629 641
631 641
634 641
637 641
622 642
624 642
625 642
629 642
630 642
631 642
632 642
637 642
638 642
621 643
622 643
623 643
625 643
626 643
627 643
628 643
630 643
632 643
638 643
621 644
622 644
627 644
633 644
637 644
640 644
621 645
622 645
623 645
624 645
627 645
631 645
633 645
635 645
636 645
637 645
638 645
639 645
640 645
623 646
624 646
626 646
628 646
633 646
637 646
638 646
621 647
625 647
627 647
628 647
630 647
632 647
635 647
636 647
639 647
640 647
621 648
622 648
625 648
630 648
633 648
634 648
636 648
637 648
638 648
639 648
640 648
622 649
624 649
625 649
627 649
628 649
631 649
632 649
633 649
634 649
638 649
639 649
622 650
623 650
624 650
626 650
629 650
630 650
632 650
633 650
634 650
635 650
636 650
637 650
638 650
639 650
624 651
625 651
626 651
627 651
628 651
629 651
631 651
634 651
638 651
621 652
622 652
623 652
624 652
631 652
632 652
633 652
634 652
635 652
639 652
621 653
622 653
627 653
628 653
629 653
631 653
632 653
633 653
636 653
639 653
640 653
621 654
624 654
625 654
626 654
628 654
630 654
634 654
635 654
637 654
638 654
640 654
624 655
626 655
628 655
633 655
635 655
636 655
639 655
621 656
624 656
625 656
635 656
636 656
637 656
638 656
621 657
622 657
625 657
631 657
634 657
637 657
624 658
625 658
627 658
628 658
631 658
633 658
634 658
635 658
638 658
639 658
624 659
627 659
630 659
633 659
635 659
637 659
638 659
639 659
621 660
624 660
629 660
631 660
632 660
633 660
635 660
638 660
639 660
642 661
643 661
644 661
647 661
648 661
651 661
652 661
653 661
654 661
655 661
656 661
657 661
659 661
642 662
643 662
645 662
646 662
647 662
648 662
651 662
655 662
656 662
657 662
658 662
660 662
643 663
644 663
646 663
647 663
651 663
652 663
654 663
655 663
657 663
642 664
646 664
647 664
648 664
649 664
651 664
652 664
654 664
656 664
657 664
658 664
642 665
644 665
649 665
651 665
653 665
655 665
656 665
659 665
660 665
644 666
646 666
650 666
652 666
654 666
657 666
658 666
659 666
660 666
643 667
644 667
647 667
652 667
654 667
656 667
657 667
644 668
647 668
649 668
650 668
654 668
655 668
656 668
657 668
659 668
660 668
641 669
642 669
643 669
644 669
650 669
652 669
653 669
654 669
655 669
660 669
641 670
644 670
646 670
647 670
648 670
650 670
651 670
652 670
654 670
655 670
656 670
658 670
641 671
643 671
644 671
651 671
653 671
655 671
659 671
660 671
646 672
649 672
650 672
655 672
656 672
657 672
658 672
659 672
660 672
641 673
643 673
644 673
645 673
646 673
650 673
651 673
653 673
658 673
659 673
660 673
643 674
645 674
650 674
651 674
655 674
656 674
660 674
643 675
644 675
647 675
651 675
656 675
657 675
641 676
642 676
643 676
644 676
645 676
647 676
649 676
651 676
655 676
657 676
658 676
659 676
660 676
642 677
643 677
646 677
647 677
648 677
649 677
651 677
653 677
655 677
657 677
660 677
646 678
647 678
648 678
649 678
650 678
652 678
653 678
655 678
658 678
659 678
641 679
642 679
646 679
647 679
649 679
650 679
654 679
658 679
659 679
643 680
645 680
646 680
648 680
649 680
650 680
652 680
653 680
655 680
656 680
657 680
658 680
661 681
662 681
663 681
665 681
666 681
667 681
668 681
672 681
673 681
674 681
675 681
676 681
677 681
678 681
679 681
663 682
664 682
668 682
669 682
672 682
677 682
680 682
663 683
664 683
666 683
667 683
671 683
676 683
678 683
679 683
661 684
665 684
667 684
668 684
669 684
671 684
672 684
673 684
674 684
675 684
676 684
680 684
661 685
666 685
667 685
668 685
669 685
671 685
672 685
673 685
678 685
679 685
680 685
661 686
662 686
663 686
667 686
670 686
674 686
675 686
677 686
678 686
661 687
663 687
665 687
666 687
667 687
671 687
675 687
676 687
678 687
680 687
662 688
663 688
664 688
674 688
677 688
678 688
679 688
663 689
665 689
667 689
668 689
670 689
671 689
672 689
673 689
674 689
677 689
678 689
663 690
665 690
670 690
672 690
673 690
674 690
676 690
679 690
663 691
666 691
667 691
668 691
671 691
672 691
673 691
676 691
677 691
679 691
661 692
663 692
665 692
667 692
668 692
669 692
670 692
673 692
676 692
677 692
679 692
661 693
662 693
663 693
665 693
666 693
667 693
672 693
673 693
677 693
678 693
679 693
661 694
662 694
663 694
665 694
666 694
667 694
668 694
669 694
672 694
673 694
677 694
678 694
680 694
663 695
667 695
670 695
672 695
673 695
678 695
680 695
661 696
665 696
666 696
668 696
671 696
674 696
675 696
680 696
662 697
664 697
665 697
666 697
671 697
673 697
674 697
675 697
676 697
679 697
680 697
662 698
665 698
667 698
669 698
671 698
672 698
676 698
677 698
678 698
679 698
662 699
665 699
667 699
669 699
670 699
671 699
672 699
674 699
677 699
678 699
679 699
663 700
664 700
665 700
666 700
668 700
670 700
671 700
672 700
673 700
675 700
677 700
678 700
680 700
682 701
684 701
686 701
688 701
695 701
698 701
699 701
700 701
681 702
683 702
684 702
685 702
686 702
687 702
688 702
690 702
692 702
693 702
697 702
698 702
700 702
681 703
682 703
684 703
688 703
690 703
692 703
694 703
695 703
696 703
698 703
700 703
683 704
687 704
688 704
691 704
695 704
698 704
699 704
682 705
683 705
684 705
687 705
688 705
692 705
693 705
696 705
697 705
698 705
684 706
689 706
690 706
691 706
692 706
693 706
696 706
700 706
682 707
683 707
684 707
687 707
688 707
689 707
691 707
695 707
700 707
682 708
683 708
684 708
685 708
693 708
695 708
697 708
699 708
681 709
682 709
686 709
690 709
691 709
692 709
693 709
696 709
697 709
698 709
681 710
683 710
684 710
687 710
689 710
692 710
694 710
695 710
698 710
699 710
700 710
682 711
686 711
689 711
691 711
692 711
694 711
698 711
700 711
681 712
682 712
683 712
685 712
688 712
692 712
693 712
694 712
697 712
698 712
681 713
682 713
686 713
688 713
690 713
691 713
693 713
694 713
695 713
697 713
698 713
700 713
683 714
685 714
687 714
689 714
690 714
691 714
692 714
693 714
694 714
695 714
697 714
700 714
685 715
691 715
694 715
698 715
699 715
682 716
683 716
684 716
685 716
686 716
687 716
688 716
690 716
691 716
695 716
696 716
697 716
698 716
699 716
700 716
682 717
684 717
685 717
688 717
690 717
691 717
696 717
697 717
698 717
700 717
682 718
684 718
686 718
687 718
688 718
689 718
690 718
691 718
697 718
699 718
684 719
688 719
695 719
699 719
700 719
681 720
682 720
686 720
692 720
693 720
694 720
700 720
701 721
702 721
703 721
704 721
705 721
707 721
710 721
711 721
714 721
715 721
718 721
719 721
705 722
706 722
708 722
710 722
711 722
717 722
719 722
701 723
702 723
704 723
705 723
706 723
708 723
709 723
710 723
712 723
713 723
717 723
720 723
703 724
708 724
709 724
711 724
712 724
713 724
717 724
720 724
702 725
704 725
706 725
709 725
710 725
714 725
715 725
717 725
718 725
719 725
720 725
701 726
704 726
707 726
709 726
712 726
713 726
717 726
718 726
703 727
709 727
710 727
711 727
714 727
716 727
719 727
720 727
701 728
702 728
703 728
705 728
707 728
711 728
714 728
715 728
716 728
720 728
701 729
702 729
707 729
708 729
709 729
710 729
711 729
713 729
714 729
715 729
718 729
719 729
703 730
708 730
709 730
712 730
713 730
716 730
702 731
703 731
705 731
706 731
707 731
709 731
712 731
714 731
715 731
717 731
718 731
719 731
701 732
703 732
704 732
705 732
708 732
709 732
710 732
712 732
713 732
714 732
715 732
718 732
719 732
701 733
702 733
703 733
707 733
708 733
710 733
711 733
712 733
716 733
718 733
719 733
720 733
702 734
703 734
705 734
706 734
707 734
710 734
711 734
713 734
715 734
716 734
718 734
720 734
703 735
706 735
708 735
711 735
712 735
714 735
719 735
720 735
701 736
705 736
706 736
709 736
710 736
712 736
713 736
715 736
720 736
701 737
704 737
705 737
706 737
708 737
709 737
712 737
713 737
715 737
717 737
718 737
720 737
701 738
705 738
711 738
712 738
713 738
714 738
715 738
716 738
718 738
719 738
704 739
705 739
706 739
708 739
710 739
713 739
715 739
716 739
719 739
720 739
709 740
710 740
711 740
714 740
715 740
717 740
718 740
719 740
724 741
725 741
726 741
730 741
731 741
732 741
734 741
735 741
737 741
738 741
739 741
740 741
723 742
726 742
728 742
729 742
732 742
733 742
734 742
735 742
736 742
737 742
722 743
723 743
727 743
728 743
730 743
731 743
734 743
736 743
738 743
739 743
721 744
724 744
725 744
726 744
727 744
728 744
731 744
734 744
735 744
737 744
740 744
721 745
722 745
724 745
725 745
729 745
730 745
731 745
734 745
735 745
736 745
737 745
738 745
739 745
721 746
722 746
725 746
726 746
727 746
729 746
730 746
731 746
732 746
733 746
735 746
736 746
737 746
738 746
739 746
740 746
721 747
723 747
725 747
726 747
727 747
729 747
735 747
736 747
721 748
724 748
726 748
727 748
729 748
730 748
731 748
732 748
734 748
735 748
739 748
740 748
723 749
724 749
726 749
730 749
731 749
732 749
736 749
738 749
721 750
722 750
726 750
731 750
733 750
734 750
739 750
723 751
724 751
725 751
726 751
728 751
730 751
731 751
733 751
734 751
736 751
738 751
740 751
723 752
725 752
729 752
731 752
733 752
735 752
736 752
737 752
738 752
739 752
740 752
722 753
726 753
733 753
735 753
727 754
728 754
730 754
732 754
734 754
735 754
736 754
740 754
723 755
724 755
726 755
732 755
734 755
736 755
739 755
721 756
725 756
726 756
727 756
728 756
733 756
735 756
736 756
738 756
739 756
726 757
729 757
731 757
732 757
734 757
737 757
721 758
722 758
724 758
725 758
726 758
727 758
729 758
731 758
734 758
735 758
738 758
739 758
723 759
725 759
726 759
727 759
730 759
731 759
733 759
735 759
736 759
738 759
740 759
723 760
727 760
728 760
729 760
730 760
732 760
733 760
735 760
736 760
739 760
740 760
741 761
742 761
743 761
746 761
748 761
749 761
750 761
752 761
754 761
756 761
759 761
760 761
741 762
743 762
745 762
746 762
747 762
748 762
751 762
752 762
754 762
756 762
757 762
758 762
760 762
742 763
743 763
744 763
745 763
746 763
748 763
753 763
754 763
755 763
756 763
757 763
758 763
759 763
741 764
742 764
744 764
745 764
747 764
750 764
751 764
757 764
759 764
742 765
743 765
744 765
748 765
750 765
751 765
752 765
754 765
756 765
757 765
758 765
760 765
742 766
745 766
746 766
747 766
750 766
751 766
752 766
756 766
757 766
759 766
743 767
745 767
746 767
748 767
749 767
753 767
755 767
741 768
745 768
746 768
753 768
754 768
756 768
757 768
742 769
749 769
750 769
752 769
753 769
758 769
760 769
743 770
745 770
746 770
748 770
749 770
751 770
752 770
754 770
756 770
757 770
741 771
745 771
747 771
749 771
751 771
753 771
754 771
759 771
760 771
742 772
743 772
750 772
751 772
752 772
753 772
756 772
758 772
759 772
745 773
746 773
747 773
748 773
749 773
751 773
755 773
757 773
760 773
741 774
744 774
745 774
747 774
749 774
752 774
753 774
755 774
760 774
744 775
747 775
750 775
751 775
754 775
757 775
758 775
760 775
747 776
748 776
750 776
756 776
760 776
741 777
742 777
743 777
744 777
745 777
747 777
749 777
750 777
753 777
757 777
760 777
741 778
743 778
747 778
749 778
750 778
752 778
754 778
758 778
741 779
742 779
743 779
745 779
750 779
751 779
752 779
753 779
754 779
755 779
756 779
757 779
758 779
760 779
745 780
747 780
748 780
749 780
750 780
755 780
757 780
759 780
761 781
762 781
773 781
774 781
776 781
779 781
780 781
761 782
762 782
765 782
766 782
768 782
771 782
774 782
777 782
780 782
762 783
763 783
765 783
767 783
771 783
772 783
773 783
774 783
777 783
779 783
762 784
765 784
766 784
767 784
768 784
771 784
772 784
773 784
776 784
762 785
763 785
764 785
766 785
768 785
769 785
771 785
773 785
775 785
776 785
779 785
761 786
763 786
764 786
766 786
767 786
770 786
772 786
773 786
774 786
776 786
777 786
778 786
762 787
763 787
764 787
765 787
767 787
769 787
770 787
772 787
777 787
778 787
779 787
780 787
762 788
765 788
766 788
767 788
768 788
769 788
770 788
771 788
773 788
775 788
777 788
778 788
780 788
762 789
763 789
765 789
766 789
767 789
768 789
769 789
771 789
772 789
774 789
775 789
776 789
777 789
763 790
764 790
765 790
768 790
769 790
770 790
771 790
774 790
777 790
778 790
779 790
780 790
761 791
762 791
763 791
764 791
767 791
769 791
770 791
771 791
772 791
775 791
776 791
777 791
779 791
762 792
766 792
767 792
768 792
769 792
771 792
772 792
778 792
780 792
761 793
762 793
769 793
770 793
771 793
772 793
773 793
775 793
776 793
780 793
766 794
768 794
769 794
771 794
773 794
775 794
778 794
780 794
762 795
766 795
768 795
771 795
772 795
775 795
776 795
778 795
761 796
762 796
763 796
764 796
765 796
766 796
767 796
768 796
769 796
770 796
772 796
775 796
777 796
779 796
762 797
764 797
766 797
768 797
773 797
775 797
776 797
777 797
778 797
779 797
762 798
763 798
766 798
768 798
769 798
771 798
774 798
779 798
780 798
761 799
764 799
765 799
766 799
768 799
769 799
770 799
773 799
774 799
776 799
777 799
780 799
761 800
762 800
763 800
764 800
767 800
770 800
771 800
773 800
778 800
779 800
781 801
782 801
784 801
785 801
786 801
787 801
788 801
789 801
790 801
792 801
794 801
795 801
796 801
798 801
799 801
781 802
784 802
786 802
788 802
789 802
790 802
792 802
793 802
794 802
795 802
796 802
798 802
799 802
781 803
786 803
791 803
792 803
793 803
798 803
799 803
800 803
784 804
786 804
796 804
800 804
781 805
783 805
785 805
787 805
791 805
795 805
798 805
799 805
800 805
782 806
783 806
786 806
789 806
792 806
794 806
796 806
798 806
782 807
784 807
786 807
791 807
792 807
794 807
795 807
796 807
799 807
781 808
783 808
784 808
785 808
787 808
791 808
795 808
797 808
798 808
781 809
783 809
787 809
790 809
795 809
796 809
798 809
800 809
783 810
789 810
793 810
795 810
799 810
800 810
784 811
785 811
786 811
787 811
789 811
791 811
792 811
793 811
794 811
797 811
800 811
782 812
783 812
785 812
788 812
790 812
792 812
794 812
795 812
796 812
797 812
798 812
799 812
800 812
781 813
784 813
785 813
787 813
790 813
794 813
795 813
796 813
798 813
800 813
781 814
782 814
784 814
785 814
787 814
788 814
791 814
792 814
793 814
796 814
799 814
800 814
781 815
786 815
787 815
788 815
790 815
791 815
792 815
794 815
795 815
798 815
800 815
782 816
783 816
785 816
788 816
789 816
795 816
797 816
800 816
783 817
791 817
793 817
794 817
796 817
797 817
799 817
783 818
784 818
785 818
787 818
793 818
794 818
795 818
796 818
799 818
800 818
782 819
784 819
785 819
786 819
788 819
789 819
791 819
793 819
795 819
797 819
798 819
783 820
784 820
785 820
791 820
792 820
794 820
795 820
797 820
800 820
801 821
805 821
807 821
811 821
813 821
814 821
801 822
802 822
803 822
804 822
808 822
809 822
811 822
813 822
815 822
816 822
817 822
820 822
802 823
804 823
805 823
806 823
808 823
811 823
813 823
816 823
820 823
801 824
803 824
807 824
808 824
811 824
812 824
813 824
814 824
817 824
819 824
820 824
802 825
804 825
805 825
806 825
807 825
809 825
810 825
813 825
818 825
802 826
805 826
808 826
810 826
812 826
813 826
815 826
816 826
819 826
801 827
802 827
803 827
804 827
809 827
810 827
812 827
815 827
816 827
818 827
819 827
820 827
801 828
804 828
806 828
807 828
809 828
811 828
812 828
814 828
815 828
820 828
801 829
805 829
806 829
808 829
811 829
812 829
814 829
816 829
817 829
818 829
809 830
811 830
812 830
814 830
815 830
817 830
818 830
805 831
806 831
807 831
810 831
812 831
813 831
815 831
816 831
817 831
820 831
803 832
804 832
805 832
807 832
808 832
809 832
810 832
815 832
816 832
817 832
801 833
802 833
803 833
805 833
808 833
810 833
811 833
815 833
816 833
817 833
819 833
820 833
803 834
804 834
805 834
809 834
813 834
815 834
816 834
819 834
801 835
802 835
805 835
806 835
807 835
808 835
811 835
812 835
813 835
815 835
817 835
819 835
801 836
802 836
804 836
805 836
806 836
809 836
812 836
813 836
814 836
801 837
802 837
803 837
805 837
806 837
807 837
809 837
816 837
817 837
818 837
819 837
802 838
812 838
816 838
817 838
820 838
809 839
811 839
812 839
814 839
816 839
818 839
819 839
803 840
804 840
809 840
810 840
811 840
816 840
817 840
818 840
819 840
821 841
823 841
826 841
827 841
828 841
830 841
833 841
835 841
836 841
837 841
838 841
839 841
822 842
823 842
824 842
825 842
826 842
827 842
828 842
830 842
832 842
834 842
837 842
838 842
826 843
830 843
834 843
836 843
839 843
821 844
824 844
829 844
833 844
834 844
835 844
837 844
821 845
822 845
825 845
827 845
828 845
829 845
830 845
833 845
834 845
837 845
838 845
839 845
840 845
823 846
824 846
825 846
828 846
830 846
833 846
837 846
838 846
839 846
822 847
823 847
827 847
828 847
829 847
830 847
831 847
833 847
834 847
835 847
838 847
824 848
825 848
827 848
828 848
831 848
832 848
833 848
834 848
837 848
838 848
839 848
821 849
824 849
825 849
830 849
836 849
837 849
839 849
822 850
830 850
831 850
832 850
833 850
835 850
836 850
838 850
839 850
840 850
821 851
823 851
826 851
827 851
828 851
829 851
832 851
833 851
834 851
838 851
839 851
840 851
823 852
826 852
827 852
831 852
833 852
834 852
835 852
836 852
837 852
838 852
840 852
827 853
830 853
833 853
835 853
836 853
821 854
823 854
824 854
827 854
828 854
829 854
831 854
832 854
835 854
836 854
823 855
824 855
826 855
827 855
830 855
832 855
833 855
835 855
836 855
837 855
840 855
821 856
822 856
826 856
828 856
831 856
832 856
833 856
839 856
840 856
821 857
822 857
823 857
824 857
825 857
829 857
831 857
834 857
837 857
838 857
840 857
823 858
824 858
825 858
826 858
829 858
830 858
831 858
832 858
835 858
837 858
838 858
821 859
824 859
828 859
830 859
833 859
834 859
835 859
836 859
839 859
823 860
824 860
826 860
830 860
831 860
832 860
835 860
837 860
839 860
840 860
842 861
843 861
847 861
848 861
852 861
854 861
855 861
857 861
858 861
859 861
841 862
842 862
843 862
848 862
852 862
853 862
855 862
860 862
842 863
843 863
844 863
848 863
849 863
851 863
854 863
857 863
858 863
859 863
860 863
845 864
847 864
848 864
851 864
853 864
855 864
856 864
841 865
842 865
843 865
844 865
845 865
847 865
848 865
849 865
853 865
855 865
856 865
857 865
858 865
860 865
843 866
844 866
845 866
846 866
847 866
848 866
850 866
851 866
852 866
853 866
854 866
855 866
856 866
858 866
859 866
860 866
841 867
842 867
843 867
844 867
846 867
848 867
850 867
851 867
853 867
841 868
842 868
844 868
845 868
847 868
848 868
855 868
858 868
860 868
842 869
845 869
847 869
848 869
850 869
854 869
860 869
841 870
844 870
845 870
846 870
848 870
849 870
851 870
853 870
854 870
855 870
857 870
858 870
859 870
841 871
847 871
849 871
850 871
852 871
853 871
854 871
856 871
859 871
860 871
841 872
842 872
844 872
846 872
848 872
849 872
850 872
856 872
857 872
858 872
859 872
860 872
842 873
846 873
848 873
850 873
851 873
853 873
855 873
856 873
860 873
843 874
844 874
845 874
847 874
850 874
852 874
854 874
856 874
857 874
843 875
844 875
845 875
846 875
848 875
851 875
852 875
854 875
855 875
856 875
858 875
842 876
846 876
847 876
849 876
850 876
854 876
856 876
857 876
858 876
860 876
841 877
844 877
847 877
857 877
858 877
859 877
842 878
844 878
845 878
847 878
849 878
850 878
853 878
854 878
856 878
859 878
860 878
842 879
844 879
845 879
846 879
847 879
851 879
853 879
854 879
855 879
856 879
857 879
858 879
859 879
843 880
844 880
845 880
849 880
850 880
851 880
854 880
855 880
857 880
858 880
859 880
860 880
862 881
863 881
864 881
867 881
868 881
869 881
871 881
872 881
875 881
876 881
877 881
878 881
861 882
862 882
863 882
864 882
867 882
869 882
870 882
871 882
872 882
873 882
875 882
877 882
878 882
880 882
862 883
863 883
866 883
867 883
869 883
871 883
873 883
877 883
879 883
861 884
862 884
863 884
864 884
865 884
866 884
867 884
868 884
869 884
870 884
871 884
872 884
873 884
874 884
875 884
876 884
877 884
878 884
862 885
864 885
866 885
869 885
870 885
871 885
872 885
873 885
874 885
879 885
880 885
861 886
863 886
866 886
868 886
870 886
871 886
874 886
875 886
877 886
878 886
879 886
880 886
862 887
863 887
866 887
867 887
868 887
869 887
870 887
871 887
875 887
878 887
861 888
862 888
865 888
866 888
869 888
870 888
872 888
876 888
877 888
880 888
861 889
862 889
863 889
867 889
868 889
870 889
871 889
872 889
876 889
877 889
879 889
880 889
861 890
863 890
865 890
866 890
867 890
868 890
872 890
875 890
876 890
878 890
879 890
880 890
866 891
869 891
871 891
872 891
876 891
877 891
880 891
862 892
864 892
866 892
868 892
871 892
872 892
873 892
875 892
876 892
877 892
880 892
861 893
863 893
866 893
868 893
870 893
872 893
874 893
875 893
877 893
879 893
861 894
862 894
864 894
866 894
867 894
869 894
870 894
874 894
876 894
878 894
880 894
862 895
864 895
866 895
868 895
871 895
874 895
875 895
877 895
878 895
861 896
863 896
865 896
867 896
870 896
873 896
874 896
878 896
879 896
863 897
866 897
867 897
868 897
869 897
870 897
871 897
872 897
874 897
879 897
861 898
863 898
864 898
868 898
872 898
873 898
878 898
879 898
880 898
861 899
862 899
863 899
865 899
867 899
868 899
869 899
872 899
873 899
875 899
877 899
863 900
865 900
867 900
868 900
870 900
871 900
874 900
881 901
883 901
884 901
885 901
886 901
887 901
891 901
893 901
895 901
897 901
898 901
881 902
884 902
885 902
886 902
887 902
890 902
892 902
893 902
896 902
898 902
899 902
883 903
885 903
886 903
889 903
891 903
893 903
894 903
895 903
896 903
897 903
899 903
883 904
884 904
885 904
887 904
888 904
889 904
890 904
894 904
895 904
898 904
882 905
885 905
886 905
887 905
892 905
895 905
898 905
881 906
882 906
887 906
889 906
890 906
893 906
894 906
897 906
898 906
884 907
885 907
886 907
887 907
889 907
891 907
893 907
894 907
896 907
897 907
899 907
882 908
883 908
884 908
885 908
887 908
894 908
897 908
898 908
899 908
881 909
883 909
884 909
885 909
886 909
887 909
889 909
891 909
893 909
894 909
896 909
899 909
881 910
883 910
886 910
887 910
888 910
889 910
891 910
894 910
896 910
897 910
898 910
881 911
884 911
889 911
890 911
891 911
893 911
896 911
897 911
899 911
900 911
882 912
884 912
885 912
886 912
889 912
891 912
893 912
894 912
895 912
898 912
899 912
882 913
884 913
887 913
888 913
891 913
897 913
898 913
899 913
900 913
881 914
882 914
884 914
885 914
891 914
892 914
893 914
894 914
895 914
897 914
899 914
900 914
881 915
888 915
889 915
892 915
893 915
895 915
898 915
899 915
886 916
892 916
893 916
894 916
896 916
884 917
889 917
890 917
891 917
892 917
895 917
899 917
881 918
882 918
884 918
885 918
891 918
895 918
896 918
897 918
899 918
882 919
883 919
888 919
889 919
892 919
893 919
894 919
896 919
900 919
881 920
882 920
883 920
887 920
888 920
889 920
893 920
894 920
896 920
897 920
899 920
900 920
902 921
909 921
911 921
913 921
914 921
915 921
917 921
903 922
905 922
910 922
911 922
912 922
913 922
914 922
916 922
918 922
919 922
902 923
904 923
905 923
908 923
910 923
911 923
914 923
915 923
918 923
902 924
904 924
907 924
908 924
909 924
910 924
913 924
914 924
915 924
916 924
917 924
918 924
901 925
903 925
904 925
905 925
907 925
909 925
910 925
911 925
912 925
915 925
918 925
919 925
920 925
901 926
902 926
904 926
906 926
907 926
909 926
911 926
916 926
917 926
918 926
920 926
901 927
902 927
903 927
906 927
907 927
910 927
913 927
902 928
903 928
904 928
905 928
912 928
914 928
917 928
918 928
901 929
911 929
913 929
917 929
919 929
902 930
903 930
906 930
907 930
909 930
911 930
914 930
916 930
918 930
919 930
902 931
903 931
905 931
907 931
908 931
909 931
913 931
914 931
915 931
916 931
901 932
902 932
904 932
905 932
909 932
910 932
915 932
916 932
917 932
918 932
919 932
920 932
901 933
903 933
906 933
908 933
910 933
911 933
912 933
915 933
916 933
918 933
919 933
920 933
901 934
902 934
903 934
906 934
908 934
910 934
913 934
914 934
918 934
920 934
902 935
905 935
906 935
909 935
910 935
911 935
912 935
913 935
915 935
917 935
901 936
902 936
903 936
906 936
907 936
910 936
911 936
914 936
917 936
902 937
904 937
906 937
907 937
909 937
911 937
915 937
916 937
918 937
919 937
901 938
905 938
910 938
911 938
912 938
915 938
917 938
918 938
919 938
904 939
905 939
906 939
908 939
909 939
911 939
912 939
913 939
917 939
918 939
919 939
920 939
902 940
903 940
905 940
906 940
911 940
914 940
916 940
917 940
918 940
919 940
921 941
925 941
926 941
927 941
928 941
929 941
931 941
933 941
935 941
938 941
921 942
922 942
923 942
927 942
928 942
929 942
930 942
931 942
932 942
933 942
935 942
936 942
938 942
939 942
924 943
925 943
926 943
927 943
928 943
929 943
932 943
933 943
934 943
937 943
939 943
921 944
922 944
923 944
927 944
928 944
930 944
935 944
936 944
939 944
922 945
923 945
925 945
926 945
927 945
928 945
929 945
931 945
932 945
935 945
937 945
938 945
921 946
925 946
926 946
927 946
928 946
930 946
931 946
932 946
933 946
934 946
935 946
936 946
937 946
940 946
921 947
922 947
923 947
926 947
927 947
929 947
930 947
932 947
935 947
938 947
940 947
921 948
922 948
923 948
928 948
931 948
936 948
939 948
940 948
926 949
929 949
932 949
933 949
936 949
922 950
923 950
924 950
926 950
929 950
931 950
933 950
934 950
935 950
937 950
939 950
922 951
923 951
926 951
927 951
928 951
930 951
931 951
934 951
937 951
939 951
922 952
924 952
927 952
928 952
930 952
932 952
933 952
939 952
940 952
921 953
928 953
929 953
930 953
932 953
933 953
935 953
936 953
937 953
938 953
939 953
922 954
927 954
930 954
931 954
932 954
936 954
921 955
924 955
925 955
928 955
930 955
933 955
934 955
938 955
940 955
921 956
922 956
923 956
926 956
928 956
930 956
931 956
932 956
935 956
936 956
937 956
939 956
922 957
923 957
924 957
926 957
927 957
928 957
931 957
932 957
933 957
937 957
938 957
939 957
921 958
923 958
924 958
926 958
928 958
929 958
933 958
934 958
935 958
936 958
937 958
940 958
921 959
922 959
925 959
927 959
929 959
933 959
934 959
938 959
939 959
921 960
923 960
924 960
925 960
927 960
928 960
930 960
932 960
933 960
936 960
937 960
938 960
940 960
941 961
942 961
944 961
947 961
949 961
950 961
951 961
952 961
957 961
958 961
959 961
960 961
943 962
944 962
949 962
950 962
956 962
944 963
945 963
946 963
947 963
948 963
950 963
951 963
952 963
955 963
943 964
946 964
948 964
949 964
952 964
953 964
954 964
955 964
956 964
959 964
942 965
943 965
946 965
948 965
950 965
954 965
955 965
957 965
959 965
941 966
942 966
945 966
951 966
954 966
957 966
941 967
945 967
946 967
948 967
951 967
952 967
954 967
956 967
958 967
959 967
943 968
944 968
945 968
946 968
947 968
949 968
952 968
954 968
955 968
956 968
942 969
944 969
946 969
947 969
954 969
956 969
959 969
960 969
946 970
948 970
949 970
950 970
953 970
954 970
955 970
956 970
957 970
959 970
941 971
942 971
943 971
944 971
945 971
946 971
949 971
952 971
955 971
958 971
959 971
960 971
941 972
944 972
945 972
948 972
949 972
951 972
952 972
954 972
956 972
960 972
942 973
943 973
946 973
947 973
948 973
952 973
953 973
954 973
955 973
956 973
957 973
960 973
941 974
942 974
944 974
945 974
946 974
947 974
949 974
951 974
952 974
955 974
957 974
958 974
941 975
943 975
944 975
947 975
948 975
949 975
950 975
951 975
954 975
955 975
956 975
959 975
942 976
943 976
944 976
949 976
952 976
953 976
954 976
955 976
957 976
941 977
942 977
951 977
952 977
954 977
955 977
956 977
957 977
959 977
960 977
941 978
943 978
944 978
949 978
953 978
954 978
956 978
960 978
942 979
945 979
950 979
952 979
955 979
956 979
958 979
960 979
941 980
942 980
944 980
945 980
946 980
948 980
950 980
952 980
955 980
957 980
959 980
961 981
962 981
965 981
966 981
967 981
968 981
970 981
971 981
972 981
973 981
975 981
976 981
977 981
978 981
962 982
963 982
964 982
966 982
967 982
970 982
974 982
975 982
979 982
980 982
962 983
964 983
965 983
966 983
969 983
973 983
974 983
977 983
978 983
979 983
980 983
963 984
964 984
965 984
966 984
967 984
970 984
974 984
980 984
961 985
963 985
964 985
966 985
967 985
968 985
974 985
975 985
961 986
962 986
963 986
968 986
969 986
970 986
971 986
972 986
973 986
975 986
977 986
979 986
961 987
962 987
965 987
966 987
971 987
973 987
974 987
975 987
979 987
980 987
961 988
962 988
963 988
964 988
965 988
968 988
972 988
973 988
974 988
975 988
976 988
977 988
979 988
980 988
961 989
963 989
968 989
972 989
974 989
978 989
979 989
980 989
965 990
966 990
968 990
970 990
974 990
976 990
980 990
961 991
964 991
966 991
967 991
968 991
969 991
975 991
977 991
980 991
962 992
963 992
965 992
966 992
967 992
970 992
973 992
974 992
976 992
978 992
979 992
980 992
963 993
965 993
967 993
968 993
969 993
971 993
973 993
975 993
977 993
978 993
966 994
967 994
971 994
972 994
974 994
975 994
979 994
961 995
963 995
964 995
966 995
968 995
974 995
975 995
976 995
980 995
962 996
963 996
965 996
969 996
970 996
971 996
972 996
978 996
980 996
961 997
962 997
968 997
970 997
971 997
972 997
974 997
975 997
963 998
966 998
968 998
970 998
971 998
972 998
974 998
977 998
961 999
962 999
964 999
965 999
966 999
967 999
968 999
969 999
971 999
972 999
973 999
977 999
978 999
979 999
962 1000
964 1000
965 1000
966 1000
967 1000
969 1000
970 1000
971 1000
972 1000
974 1000
975 1000
977 1000
978 1000
979 1000
980 1000
