800 7860 40
20 20 20 20 20 20 20 20 20 20 20 20 20 20 20 20 20 20 20 20 20 20 20 20 20 20 20 20 20 20 20 20 20 20 20 20 20 20 20 20 
1 21
2 21
3 21
4 21
5 21
9 21
12 21
14 21
15 21
16 21
17 21
1 22
3 22
4 22
5 22
6 22
7 22
11 22
16 22
17 22
18 22
20 22
1 23
2 23
4 23
5 23
6 23
7 23
11 23
14 23
15 23
17 23
19 23
2 24
3 24
4 24
5 24
6 24
7 24
8 24
9 24
13 24
14 24
15 24
18 24
20 24
1 25
3 25
4 25
7 25
10 25
11 25
12 25
13 25
15 25
16 25
18 25
2 26
3 26
8 26
9 26
10 26
16 26
17 26
19 26
20 26
2 27
5 27
6 27
8 27
9 27
11 27
15 27
16 27
17 27
18 27
19 27
1 28
3 28
4 28
5 28
6 28
7 28
8 28
10 28
12 28
13 28
14 28
16 28
17 28
18 28
20 28
1 29
2 29
5 29
6 29
7 29
8 29
9 29
10 29
11 29
12 29
13 29
14 29
16 29
2 30
3 30
4 30
5 30
8 30
9 30
12 30
14 30
15 30
16 30
17 30
18 30
19 30
20 30
1 31
2 31
3 31
5 31
7 31
12 31
17 31
18 31
19 31
2 32
6 32
8 32
9 32
10 32
12 32
15 32
16 32
17 32
19 32
20 32
1 33
5 33
9 33
10 33
11 33
12 33
13 33
14 33
20 33
1 34
2 34
6 34
7 34
9 34
10 34
11 34
12 34
13 34
14 34
15 34
16 34
18 34
19 34
20 34
3 35
8 35
9 35
10 35
12 35
14 35
17 35
19 35
2 36
3 36
4 36
5 36
7 36
10 36
15 36
16 36
17 36
19 36
20 36
2 37
3 37
5 37
11 37
12 37
13 37
14 37
15 37
17 37
18 37
19 37
20 37
2 38
4 38
6 38
8 38
9 38
10 38
14 38
16 38
20 38
4 39
5 39
6 39
7 39
8 39
9 39
13 39
14 39
15 39
16 39
18 39
5 40
6 40
8 40
9 40
13 40
14 40
17 40
18 40
19 40
23 41
27 41
28 41
33 41
35 41
36 41
37 41
38 41
21 42
22 42
24 42
26 42
32 42
33 42
35 42
21 43
24 43
26 43
28 43
29 43
31 43
33 43
34 43
38 43
39 43
40 43
21 44
23 44
26 44
30 44
31 44
32 44
33 44
34 44
37 44
38 44
40 44
21 45
24 45
26 45
27 45
30 45
32 45
34 45
35 45
36 45
38 45
39 45
40 45
21 46
23 46
24 46
25 46
26 46
27 46
30 46
31 46
33 46
34 46
35 46
37 46
38 46
39 46
40 46
22 47
24 47
28 47
29 47
32 47
36 47
37 47
38 47
39 47
23 48
24 48
29 48
32 48
33 48
21 49
25 49
27 49
28 49
29 49
32 49
35 49
36 49
37 49
38 49
39 49
40 49
22 50
26 50
33 50
34 50
36 50
39 50
21 51
29 51
31 51
32 51
36 51
37 51
40 51
22 52
30 52
33 52
34 52
35 52
36 52
37 52
39 52
21 53
23 53
24 53
25 53
28 53
32 53
34 53
37 53
38 53
40 53
21 54
22 54
24 54
26 54
29 54
33 54
36 54
37 54
39 54
25 55
26 55
27 55
28 55
31 55
35 55
37 55
39 55
21 56
22 56
25 56
32 56
35 56
37 56
38 56
40 56
21 57
22 57
24 57
26 57
28 57
29 57
30 57
34 57
35 57
36 57
37 57
39 57
21 58
24 58
25 58
26 58
27 58
28 58
29 58
30 58
31 58
35 58
37 58
39 58
21 59
24 59
27 59
28 59
30 59
36 59
37 59
40 59
21 60
22 60
26 60
27 60
28 60
29 60
31 60
32 60
33 60
34 60
35 60
42 61
45 61
46 61
47 61
51 61
53 61
54 61
56 61
58 61
59 61
60 61
41 62
42 62
43 62
44 62
46 62
47 62
48 62
49 62
50 62
52 62
53 62
54 62
56 62
59 62
41 63
42 63
43 63
44 63
46 63
53 63
54 63
55 63
56 63
59 63
60 63
41 64
42 64
43 64
44 64
46 64
47 64
51 64
52 64
53 64
54 64
56 64
57 64
41 65
42 65
43 65
44 65
48 65
50 65
51 65
53 65
54 65
59 65
60 65
41 66
43 66
45 66
48 66
49 66
50 66
51 66
53 66
55 66
58 66
59 66
41 67
42 67
44 67
47 67
49 67
51 67
52 67
55 67
57 67
59 67
41 68
42 68
43 68
46 68
47 68
48 68
50 68
51 68
54 68
56 68
59 68
60 68
44 69
47 69
49 69
50 69
53 69
41 70
43 70
45 70
46 70
48 70
57 70
41 71
42 71
43 71
45 71
46 71
48 71
51 71
52 71
54 71
56 71
42 72
44 72
47 72
48 72
50 72
51 72
52 72
53 72
57 72
59 72
60 72
42 73
44 73
48 73
49 73
50 73
53 73
54 73
41 74
42 74
44 74
46 74
48 74
49 74
51 74
52 74
53 74
55 74
58 74
59 74
60 74
41 75
44 75
47 75
48 75
53 75
54 75
56 75
57 75
41 76
42 76
43 76
44 76
46 76
47 76
51 76
52 76
53 76
54 76
58 76
59 76
60 76
41 77
43 77
44 77
49 77
51 77
53 77
55 77
57 77
60 77
41 78
44 78
46 78
47 78
49 78
51 78
52 78
53 78
57 78
60 78
41 79
42 79
46 79
48 79
49 79
51 79
53 79
54 79
59 79
60 79
43 80
46 80
47 80
49 80
50 80
56 80
59 80
60 80
61 81
65 81
66 81
67 81
68 81
69 81
72 81
74 81
75 81
62 82
64 82
65 82
66 82
67 82
68 82
70 82
74 82
77 82
78 82
62 83
66 83
73 83
75 83
76 83
77 83
78 83
79 83
64 84
66 84
68 84
73 84
74 84
76 84
77 84
79 84
80 84
62 85
64 85
67 85
69 85
71 85
73 85
77 85
78 85
79 85
63 86
64 86
65 86
66 86
72 86
74 86
75 86
76 86
78 86
79 86
61 87
64 87
67 87
68 87
70 87
72 87
75 87
78 87
79 87
62 88
64 88
65 88
69 88
70 88
72 88
75 88
76 88
78 88
80 88
62 89
64 89
66 89
67 89
69 89
71 89
72 89
73 89
75 89
77 89
78 89
79 89
80 89
61 90
62 90
65 90
66 90
67 90
70 90
71 90
72 90
73 90
75 90
76 90
77 90
61 91
63 91
64 91
66 91
67 91
69 91
70 91
71 91
72 91
76 91
77 91
78 91
79 91
80 91
61 92
62 92
63 92
64 92
65 92
66 92
68 92
69 92
71 92
72 92
73 92
75 92
80 92
61 93
66 93
70 93
71 93
74 93
75 93
76 93
77 93
62 94
64 94
65 94
66 94
67 94
70 94
71 94
74 94
75 94
76 94
79 94
80 94
62 95
65 95
66 95
72 95
73 95
75 95
78 95
79 95
61 96
63 96
64 96
65 96
68 96
69 96
70 96
71 96
72 96
74 96
75 96
76 96
79 96
80 96
62 97
63 97
65 97
66 97
68 97
76 97
77 97
78 97
80 97
62 98
63 98
65 98
66 98
69 98
70 98
71 98
74 98
76 98
78 98
79 98
61 99
62 99
66 99
67 99
68 99
75 99
76 99
77 99
78 99
79 99
80 99
61 100
63 100
65 100
67 100
68 100
70 100
71 100
72 100
75 100
78 100
79 100
80 100
82 101
85 101
87 101
88 101
91 101
93 101
97 101
98 101
82 102
84 102
85 102
87 102
89 102
90 102
92 102
95 102
96 102
97 102
98 102
99 102
100 102
82 103
83 103
84 103
85 103
87 103
89 103
90 103
91 103
94 103
95 103
96 103
82 104
83 104
85 104
87 104
89 104
90 104
91 104
92 104
96 104
97 104
81 105
83 105
85 105
89 105
92 105
94 105
95 105
97 105
100 105
83 106
84 106
85 106
89 106
91 106
92 106
93 106
95 106
97 106
99 106
100 106
81 107
83 107
86 107
88 107
89 107
90 107
91 107
93 107
96 107
97 107
99 107
81 108
82 108
86 108
90 108
91 108
92 108
93 108
94 108
97 108
98 108
99 108
100 108
81 109
82 109
83 109
85 109
86 109
87 109
88 109
90 109
91 109
96 109
99 109
100 109
81 110
82 110
84 110
85 110
86 110
87 110
89 110
90 110
92 110
93 110
95 110
96 110
97 110
81 111
83 111
85 111
87 111
88 111
89 111
95 111
99 111
82 112
85 112
86 112
87 112
92 112
95 112
97 112
98 112
100 112
81 113
85 113
86 113
88 113
93 113
94 113
95 113
96 113
97 113
98 113
99 113
100 113
81 114
84 114
88 114
89 114
90 114
94 114
96 114
97 114
81 115
82 115
85 115
86 115
87 115
88 115
89 115
91 115
92 115
95 115
99 115
100 115
81 116
82 116
83 116
84 116
86 116
91 116
92 116
93 116
94 116
96 116
97 116
99 116
84 117
85 117
86 117
87 117
97 117
98 117
99 117
81 118
82 118
87 118
92 118
93 118
94 118
97 118
99 118
100 118
81 119
82 119
83 119
84 119
89 119
90 119
91 119
92 119
95 119
97 119
98 119
82 120
84 120
87 120
88 120
89 120
91 120
97 120
100 120
104 121
105 121
106 121
107 121
108 121
112 121
113 121
115 121
116 121
117 121
119 121
102 122
104 122
105 122
106 122
108 122
110 122
111 122
112 122
113 122
114 122
115 122
116 122
117 122
103 123
105 123
106 123
107 123
110 123
112 123
114 123
116 123
118 123
120 123
101 124
103 124
108 124
109 124
110 124
113 124
115 124
120 124
101 125
102 125
103 125
104 125
105 125
107 125
113 125
114 125
116 125
119 125
101 126
102 126
103 126
105 126
106 126
107 126
109 126
110 126
112 126
114 126
119 126
104 127
107 127
110 127
115 127
116 127
117 127
119 127
120 127
101 128
103 128
104 128
106 128
107 128
108 128
109 128
111 128
112 128
113 128
116 128
118 128
104 129
105 129
107 129
110 129
111 129
112 129
114 129
118 129
101 130
102 130
104 130
110 130
111 130
113 130
114 130
116 130
117 130
118 130
120 130
101 131
102 131
103 131
106 131
110 131
115 131
118 131
101 132
102 132
105 132
111 132
112 132
113 132
114 132
115 132
118 132
119 132
120 132
101 133
102 133
105 133
107 133
108 133
109 133
111 133
112 133
114 133
116 133
118 133
102 134
104 134
106 134
109 134
110 134
116 134
119 134
101 135
102 135
106 135
107 135
109 135
110 135
112 135
114 135
116 135
117 135
119 135
101 136
106 136
111 136
112 136
114 136
118 136
120 136
102 137
103 137
104 137
105 137
111 137
114 137
115 137
101 138
103 138
104 138
105 138
106 138
111 138
112 138
113 138
119 138
120 138
103 139
104 139
106 139
108 139
109 139
115 139
117 139
118 139
120 139
102 140
103 140
105 140
107 140
110 140
112 140
113 140
114 140
117 140
119 140
124 141
126 141
127 141
132 141
135 141
136 141
137 141
138 141
139 141
123 142
127 142
128 142
130 142
132 142
133 142
135 142
136 142
139 142
140 142
121 143
123 143
124 143
128 143
129 143
134 143
135 143
136 143
137 143
138 143
139 143
121 144
123 144
124 144
125 144
126 144
127 144
128 144
131 144
132 144
133 144
135 144
136 144
137 144
138 144
139 144
123 145
124 145
125 145
126 145
127 145
130 145
131 145
139 145
140 145
121 146
123 146
125 146
126 146
127 146
129 146
135 146
136 146
139 146
140 146
121 147
122 147
127 147
132 147
134 147
137 147
122 148
123 148
124 148
126 148
128 148
130 148
132 148
136 148
138 148
139 148
121 149
123 149
126 149
128 149
130 149
131 149
132 149
133 149
135 149
136 149
123 150
124 150
126 150
128 150
129 150
132 150
133 150
134 150
135 150
137 150
138 150
139 150
140 150
121 151
122 151
124 151
125 151
126 151
127 151
129 151
131 151
135 151
137 151
138 151
139 151
121 152
122 152
123 152
124 152
126 152
132 152
133 152
138 152
139 152
121 153
122 153
123 153
124 153
125 153
126 153
127 153
128 153
130 153
134 153
137 153
123 154
127 154
129 154
130 154
131 154
132 154
133 154
134 154
135 154
136 154
139 154
140 154
121 155
123 155
127 155
129 155
132 155
136 155
137 155
138 155
139 155
140 155
122 156
123 156
124 156
128 156
129 156
130 156
133 156
136 156
137 156
140 156
121 157
131 157
132 157
133 157
134 157
136 157
138 157
131 158
135 158
137 158
138 158
140 158
125 159
126 159
133 159
135 159
137 159
138 159
139 159
140 159
123 160
125 160
127 160
128 160
133 160
134 160
136 160
137 160
140 160
141 161
142 161
144 161
146 161
150 161
152 161
153 161
154 161
155 161
157 161
158 161
141 162
146 162
147 162
148 162
149 162
152 162
154 162
156 162
158 162
159 162
160 162
143 163
145 163
146 163
147 163
149 163
152 163
153 163
155 163
157 163
158 163
159 163
160 163
144 164
145 164
146 164
147 164
148 164
149 164
150 164
152 164
153 164
155 164
160 164
141 165
142 165
143 165
144 165
145 165
151 165
153 165
156 165
159 165
160 165
141 166
142 166
143 166
144 166
147 166
149 166
152 166
155 166
157 166
158 166
159 166
160 166
141 167
143 167
147 167
148 167
149 167
150 167
151 167
153 167
156 167
157 167
159 167
141 168
142 168
144 168
145 168
147 168
148 168
152 168
154 168
157 168
159 168
160 168
141 169
142 169
143 169
144 169
146 169
148 169
150 169
151 169
152 169
153 169
158 169
159 169
160 169
141 170
142 170
146 170
148 170
150 170
151 170
154 170
155 170
156 170
158 170
159 170
160 170
143 171
144 171
148 171
154 171
155 171
156 171
158 171
159 171
142 172
147 172
148 172
150 172
151 172
152 172
154 172
155 172
157 172
158 172
143 173
145 173
150 173
154 173
155 173
156 173
157 173
159 173
160 173
142 174
143 174
144 174
145 174
146 174
149 174
151 174
152 174
153 174
155 174
157 174
141 175
142 175
143 175
145 175
146 175
147 175
150 175
152 175
153 175
157 175
159 175
144 176
145 176
147 176
149 176
151 176
155 176
159 176
160 176
142 177
143 177
147 177
150 177
155 177
157 177
160 177
141 178
147 178
149 178
151 178
152 178
156 178
157 178
159 178
142 179
144 179
145 179
148 179
149 179
150 179
151 179
153 179
154 179
156 179
157 179
142 180
143 180
146 180
147 180
151 180
153 180
154 180
155 180
157 180
158 180
159 180
160 180
161 181
162 181
163 181
164 181
165 181
166 181
171 181
173 181
176 181
178 181
179 181
180 181
161 182
163 182
164 182
166 182
167 182
168 182
170 182
172 182
173 182
175 182
176 182
179 182
180 182
165 183
168 183
169 183
171 183
172 183
175 183
176 183
178 183
179 183
161 184
162 184
163 184
165 184
166 184
167 184
169 184
170 184
171 184
172 184
173 184
174 184
176 184
177 184
179 184
161 185
162 185
163 185
164 185
165 185
166 185
167 185
170 185
175 185
177 185
178 185
161 186
162 186
163 186
169 186
171 186
173 186
176 186
177 186
179 186
161 187
163 187
164 187
165 187
166 187
168 187
170 187
171 187
174 187
175 187
176 187
180 187
162 188
163 188
167 188
168 188
172 188
173 188
175 188
177 188
178 188
179 188
161 189
163 189
164 189
165 189
167 189
171 189
173 189
179 189
180 189
162 190
165 190
167 190
169 190
170 190
171 190
175 190
176 190
177 190
161 191
162 191
163 191
164 191
166 191
168 191
169 191
178 191
179 191
180 191
161 192
163 192
164 192
167 192
169 192
174 192
175 192
176 192
177 192
179 192
180 192
162 193
164 193
166 193
167 193
169 193
171 193
172 193
173 193
174 193
177 193
178 193
180 193
162 194
166 194
168 194
171 194
172 194
173 194
176 194
177 194
161 195
162 195
163 195
166 195
167 195
168 195
171 195
174 195
175 195
177 195
178 195
180 195
162 196
164 196
166 196
167 196
168 196
169 196
173 196
174 196
175 196
176 196
179 196
180 196
161 197
165 197
167 197
168 197
170 197
171 197
172 197
174 197
177 197
179 197
161 198
164 198
165 198
166 198
167 198
169 198
172 198
173 198
175 198
162 199
164 199
165 199
166 199
169 199
170 199
172 199
173 199
175 199
177 199
178 199
179 199
165 200
166 200
168 200
169 200
170 200
171 200
173 200
174 200
177 200
179 200
181 201
185 201
186 201
187 201
190 201
191 201
192 201
193 201
195 201
196 201
197 201
199 201
181 202
182 202
186 202
189 202
191 202
196 202
197 202
181 203
183 203
184 203
185 203
186 203
188 203
190 203
191 203
197 203
198 203
199 203
181 204
182 204
183 204
184 204
187 204
188 204
189 204
190 204
191 204
192 204
196 204
198 204
199 204
181 205
184 205
187 205
188 205
190 205
191 205
192 205
193 205
194 205
196 205
198 205
184 206
185 206
191 206
192 206
195 206
197 206
198 206
182 207
183 207
184 207
185 207
186 207
189 207
190 207
191 207
192 207
195 207
199 207
200 207
183 208
184 208
186 208
187 208
189 208
192 208
193 208
195 208
197 208
198 208
200 208
181 209
183 209
184 209
187 209
188 209
189 209
190 209
192 209
194 209
195 209
196 209
181 210
185 210
186 210
187 210
188 210
190 210
195 210
197 210
199 210
200 210
181 211
186 211
188 211
189 211
190 211
193 211
196 211
199 211
182 212
183 212
184 212
186 212
187 212
188 212
189 212
192 212
194 212
195 212
196 212
198 212
200 212
181 213
182 213
186 213
193 213
196 213
199 213
181 214
182 214
186 214
188 214
189 214
190 214
197 214
198 214
199 214
200 214
188 215
189 215
191 215
194 215
196 215
197 215
198 215
199 215
200 215
181 216
183 216
185 216
187 216
189 216
195 216
197 216
198 216
199 216
200 216
182 217
183 217
184 217
185 217
190 217
191 217
195 217
196 217
198 217
199 217
200 217
182 218
183 218
185 218
186 218
187 218
190 218
192 218
193 218
199 218
181 219
182 219
184 219
186 219
188 219
189 219
190 219
191 219
195 219
198 219
199 219
200 219
182 220
194 220
196 220
200 220
203 221
204 221
205 221
207 221
208 221
210 221
213 221
214 221
218 221
201 222
204 222
205 222
206 222
209 222
210 222
213 222
214 222
215 222
216 222
219 222
220 222
202 223
203 223
206 223
208 223
209 223
211 223
213 223
214 223
215 223
216 223
201 224
202 224
207 224
208 224
212 224
213 224
217 224
218 224
201 225
203 225
204 225
205 225
207 225
209 225
210 225
211 225
213 225
218 225
201 226
202 226
204 226
205 226
207 226
209 226
211 226
213 226
214 226
203 227
204 227
205 227
206 227
209 227
211 227
212 227
217 227
218 227
220 227
202 228
203 228
204 228
207 228
208 228
209 228
210 228
211 228
212 228
216 228
217 228
201 229
205 229
212 229
214 229
215 229
216 229
219 229
202 230
203 230
204 230
205 230
206 230
208 230
211 230
213 230
214 230
216 230
217 230
220 230
204 231
208 231
209 231
211 231
212 231
213 231
214 231
216 231
217 231
220 231
201 232
206 232
207 232
214 232
216 232
220 232
203 233
204 233
206 233
207 233
208 233
210 233
215 233
216 233
220 233
202 234
203 234
204 234
205 234
206 234
209 234
210 234
211 234
212 234
214 234
215 234
217 234
220 234
201 235
202 235
204 235
206 235
208 235
210 235
212 235
213 235
215 235
216 235
217 235
219 235
203 236
207 236
208 236
209 236
210 236
212 236
213 236
214 236
216 236
217 236
220 236
202 237
206 237
210 237
212 237
218 237
201 238
202 238
204 238
205 238
206 238
211 238
212 238
215 238
219 238
202 239
203 239
204 239
207 239
210 239
212 239
215 239
217 239
218 239
219 239
202 240
203 240
204 240
206 240
207 240
209 240
212 240
217 240
220 240
221 241
224 241
228 241
230 241
231 241
232 241
233 241
235 241
236 241
240 241
221 242
223 242
227 242
229 242
230 242
232 242
233 242
234 242
237 242
238 242
239 242
240 242
221 243
223 243
224 243
225 243
227 243
231 243
232 243
235 243
237 243
238 243
226 244
229 244
231 244
232 244
234 244
235 244
236 244
238 244
239 244
240 244
221 245
222 245
224 245
225 245
226 245
230 245
231 245
232 245
233 245
236 245
238 245
239 245
221 246
222 246
223 246
224 246
226 246
227 246
229 246
231 246
233 246
234 246
236 246
240 246
221 247
223 247
226 247
228 247
229 247
230 247
231 247
232 247
234 247
235 247
236 247
238 247
239 247
222 248
224 248
225 248
227 248
229 248
231 248
239 248
223 249
226 249
227 249
229 249
230 249
231 249
232 249
227 250
228 250
232 250
234 250
235 250
238 250
222 251
223 251
224 251
226 251
227 251
229 251
230 251
233 251
237 251
238 251
239 251
240 251
221 252
225 252
226 252
229 252
231 252
233 252
238 252
239 252
221 253
225 253
226 253
228 253
230 253
233 253
234 253
236 253
238 253
239 253
221 254
222 254
225 254
227 254
228 254
231 254
232 254
237 254
239 254
222 255
223 255
224 255
227 255
228 255
229 255
232 255
233 255
237 255
238 255
221 256
224 256
226 256
227 256
229 256
231 256
233 256
235 256
240 256
222 257
224 257
225 257
226 257
227 257
228 257
229 257
230 257
231 257
232 257
233 257
236 257
237 257
238 257
239 257
221 258
222 258
224 258
225 258
230 258
234 258
235 258
236 258
238 258
239 258
240 258
221 259
222 259
223 259
224 259
226 259
227 259
228 259
230 259
231 259
232 259
239 259
240 259
222 260
228 260
229 260
230 260
231 260
233 260
235 260
237 260
238 260
239 260
241 261
245 261
247 261
259 261
243 262
249 262
250 262
251 262
253 262
256 262
258 262
241 263
243 263
244 263
245 263
246 263
247 263
248 263
251 263
252 263
257 263
244 264
245 264
247 264
250 264
252 264
254 264
255 264
258 264
242 265
243 265
247 265
249 265
254 265
255 265
241 266
242 266
243 266
245 266
248 266
249 266
250 266
252 266
253 266
255 266
258 266
260 266
241 267
245 267
247 267
248 267
250 267
251 267
252 267
253 267
254 267
255 267
256 267
259 267
260 267
242 268
244 268
245 268
248 268
249 268
250 268
251 268
254 268
256 268
241 269
242 269
243 269
245 269
246 269
247 269
249 269
256 269
259 269
260 269
243 270
244 270
245 270
246 270
248 270
250 270
256 270
258 270
259 270
260 270
241 271
242 271
243 271
245 271
249 271
253 271
254 271
256 271
258 271
259 271
241 272
248 272
250 272
254 272
255 272
256 272
259 272
260 272
241 273
242 273
243 273
244 273
245 273
246 273
247 273
248 273
250 273
251 273
254 273
255 273
256 273
258 273
260 273
241 274
245 274
246 274
247 274
249 274
252 274
255 274
257 274
243 275
244 275
245 275
246 275
248 275
253 275
255 275
257 275
260 275
241 276
243 276
244 276
247 276
249 276
250 276
253 276
259 276
241 277
242 277
244 277
245 277
246 277
251 277
256 277
257 277
259 277
242 278
243 278
244 278
246 278
247 278
248 278
251 278
252 278
253 278
255 278
256 278
259 278
241 279
243 279
244 279
245 279
246 279
248 279
249 279
250 279
254 279
256 279
257 279
259 279
241 280
247 280
250 280
255 280
256 280
258 280
259 280
262 281
263 281
265 281
267 281
268 281
269 281
271 281
272 281
274 281
275 281
276 281
277 281
279 281
265 282
269 282
271 282
272 282
276 282
277 282
278 282
261 283
264 283
265 283
272 283
273 283
274 283
276 283
277 283
280 283
261 284
262 284
263 284
264 284
267 284
268 284
269 284
270 284
273 284
275 284
277 284
279 284
264 285
267 285
269 285
272 285
274 285
275 285
280 285
262 286
263 286
265 286
267 286
270 286
271 286
272 286
275 286
276 286
277 286
279 286
263 287
264 287
268 287
269 287
270 287
273 287
274 287
275 287
276 287
277 287
279 287
280 287
261 288
263 288
265 288
267 288
268 288
270 288
271 288
272 288
273 288
274 288
275 288
276 288
277 288
279 288
280 288
261 289
264 289
265 289
269 289
271 289
273 289
276 289
280 289
261 290
262 290
263 290
264 290
266 290
267 290
270 290
271 290
273 290
275 290
277 290
279 290
261 291
262 291
263 291
264 291
265 291
268 291
270 291
274 291
275 291
276 291
278 291
279 291
263 292
264 292
265 292
266 292
267 292
268 292
269 292
270 292
273 292
274 292
275 292
276 292
277 292
278 292
279 292
261 293
262 293
265 293
267 293
272 293
273 293
276 293
279 293
280 293
262 294
267 294
268 294
270 294
272 294
273 294
278 294
279 294
262 295
263 295
266 295
268 295
276 295
278 295
261 296
262 296
264 296
266 296
267 296
269 296
271 296
273 296
275 296
276 296
262 297
264 297
265 297
266 297
271 297
274 297
276 297
278 297
279 297
280 297
261 298
262 298
263 298
265 298
266 298
267 298
270 298
271 298
273 298
274 298
275 298
277 298
278 298
279 298
280 298
262 299
269 299
270 299
275 299
276 299
279 299
265 300
267 300
269 300
270 300
278 300
282 301
283 301
284 301
285 301
287 301
288 301
289 301
293 301
296 301
298 301
300 301
285 302
288 302
290 302
292 302
293 302
294 302
295 302
296 302
297 302
300 302
282 303
284 303
286 303
287 303
289 303
290 303
293 303
294 303
296 303
298 303
281 304
284 304
285 304
286 304
287 304
290 304
296 304
298 304
299 304
300 304
283 305
287 305
288 305
289 305
291 305
292 305
293 305
294 305
296 305
297 305
298 305
299 305
281 306
282 306
289 306
293 306
295 306
296 306
297 306
298 306
300 306
281 307
282 307
283 307
285 307
286 307
287 307
290 307
293 307
294 307
299 307
300 307
281 308
283 308
285 308
289 308
294 308
296 308
297 308
298 308
300 308
281 309
282 309
283 309
286 309
288 309
291 309
293 309
294 309
295 309
296 309
298 309
300 309
282 310
284 310
288 310
291 310
292 310
294 310
296 310
297 310
298 310
299 310
281 311
282 311
283 311
286 311
287 311
289 311
290 311
292 311
293 311
294 311
295 311
298 311
299 311
300 311
283 312
284 312
286 312
288 312
289 312
290 312
291 312
293 312
294 312
295 312
296 312
297 312
298 312
300 312
281 313
283 313
286 313
288 313
289 313
290 313
291 313
293 313
294 313
296 313
297 313
300 313
281 314
284 314
287 314
288 314
290 314
291 314
292 314
293 314
296 314
297 314
298 314
300 314
281 315
283 315
284 315
286 315
288 315
289 315
292 315
293 315
298 315
300 315
281 316
283 316
285 316
287 316
288 316
289 316
290 316
292 316
297 316
299 316
300 316
281 317
282 317
288 317
291 317
292 317
293 317
295 317
296 317
297 317
298 317
299 317
282 318
284 318
285 318
287 318
288 318
289 318
290 318
291 318
292 318
293 318
296 318
298 318
299 318
281 319
282 319
283 319
284 319
286 319
287 319
290 319
292 319
295 319
297 319
282 320
284 320
289 320
291 320
292 320
294 320
297 320
300 320
303 321
304 321
306 321
308 321
309 321
310 321
311 321
315 321
317 321
320 321
301 322
303 322
306 322
308 322
312 322
314 322
315 322
316 322
318 322
320 322
303 323
304 323
307 323
311 323
312 323
314 323
316 323
301 324
303 324
305 324
306 324
307 324
308 324
309 324
310 324
311 324
314 324
318 324
319 324
320 324
303 325
305 325
306 325
307 325
308 325
309 325
310 325
316 325
317 325
318 325
320 325
302 326
303 326
304 326
306 326
310 326
311 326
316 326
320 326
302 327
303 327
304 327
306 327
308 327
309 327
310 327
313 327
314 327
316 327
318 327
319 327
320 327
303 328
307 328
308 328
309 328
310 328
311 328
312 328
314 328
315 328
316 328
318 328
320 328
301 329
303 329
305 329
306 329
308 329
309 329
312 329
318 329
319 329
320 329
302 330
303 330
304 330
305 330
306 330
309 330
312 330
314 330
315 330
316 330
317 330
320 330
301 331
302 331
304 331
306 331
307 331
310 331
312 331
316 331
319 331
320 331
302 332
304 332
309 332
312 332
313 332
314 332
315 332
316 332
320 332
302 333
304 333
305 333
307 333
309 333
310 333
312 333
313 333
315 333
318 333
320 333
301 334
302 334
303 334
304 334
305 334
306 334
308 334
309 334
310 334
314 334
315 334
316 334
305 335
307 335
309 335
310 335
312 335
313 335
317 335
320 335
301 336
302 336
305 336
307 336
308 336
309 336
317 336
301 337
302 337
303 337
307 337
308 337
311 337
312 337
314 337
316 337
319 337
303 338
304 338
305 338
306 338
307 338
310 338
313 338
314 338
319 338
303 339
305 339
308 339
314 339
316 339
317 339
319 339
320 339
301 340
304 340
307 340
308 340
310 340
311 340
313 340
314 340
315 340
316 340
318 340
320 340
322 341
323 341
325 341
328 341
329 341
331 341
333 341
334 341
335 341
337 341
340 341
323 342
324 342
328 342
329 342
331 342
332 342
333 342
335 342
337 342
322 343
323 343
325 343
326 343
329 343
330 343
331 343
332 343
337 343
321 344
323 344
324 344
325 344
328 344
329 344
330 344
331 344
333 344
334 344
338 344
339 344
321 345
322 345
324 345
325 345
331 345
334 345
335 345
336 345
337 345
338 345
339 345
340 345
321 346
323 346
331 346
334 346
337 346
338 346
323 347
327 347
329 347
330 347
333 347
334 347
335 347
336 347
339 347
321 348
323 348
325 348
326 348
327 348
332 348
336 348
337 348
339 348
340 348
321 349
322 349
323 349
331 349
332 349
335 349
337 349
339 349
340 349
321 350
324 350
326 350
328 350
329 350
330 350
332 350
334 350
335 350
336 350
337 350
340 350
322 351
325 351
326 351
327 351
328 351
329 351
331 351
333 351
335 351
337 351
338 351
339 351
322 352
323 352
324 352
325 352
328 352
329 352
330 352
331 352
333 352
335 352
336 352
338 352
321 353
323 353
324 353
326 353
327 353
328 353
330 353
333 353
337 353
338 353
339 353
323 354
324 354
327 354
329 354
331 354
333 354
334 354
335 354
336 354
337 354
338 354
339 354
321 355
322 355
323 355
324 355
326 355
327 355
331 355
333 355
335 355
336 355
337 355
338 355
339 355
321 356
324 356
325 356
329 356
330 356
331 356
335 356
337 356
338 356
321 357
324 357
325 357
327 357
328 357
329 357
334 357
335 357
336 357
337 357
338 357
339 357
324 358
325 358
328 358
329 358
331 358
332 358
333 358
336 358
339 358
323 359
326 359
327 359
329 359
333 359
334 359
335 359
337 359
339 359
322 360
323 360
324 360
325 360
326 360
328 360
330 360
331 360
332 360
334 360
335 360
336 360
337 360
341 361
342 361
345 361
346 361
350 361
351 361
352 361
357 361
359 361
360 361
344 362
345 362
347 362
348 362
349 362
350 362
353 362
355 362
356 362
357 362
359 362
360 362
341 363
342 363
345 363
346 363
347 363
352 363
353 363
354 363
357 363
342 364
344 364
348 364
349 364
350 364
351 364
352 364
354 364
355 364
356 364
357 364
347 365
349 365
350 365
351 365
354 365
355 365
356 365
357 365
360 365
341 366
343 366
344 366
345 366
346 366
352 366
353 366
355 366
357 366
358 366
359 366
343 367
346 367
347 367
348 367
353 367
358 367
343 368
344 368
346 368
350 368
351 368
352 368
353 368
354 368
356 368
357 368
358 368
360 368
342 369
344 369
345 369
350 369
351 369
353 369
357 369
341 370
345 370
351 370
352 370
353 370
358 370
359 370
360 370
343 371
347 371
348 371
349 371
354 371
356 371
357 371
358 371
360 371
347 372
348 372
349 372
350 372
351 372
352 372
353 372
356 372
358 372
359 372
342 373
347 373
350 373
351 373
352 373
353 373
354 373
355 373
356 373
360 373
346 374
347 374
348 374
349 374
351 374
352 374
353 374
354 374
356 374
357 374
360 374
345 375
347 375
349 375
350 375
352 375
353 375
354 375
356 375
360 375
341 376
346 376
348 376
349 376
351 376
352 376
353 376
354 376
355 376
356 376
358 376
360 376
343 377
344 377
347 377
348 377
349 377
351 377
353 377
354 377
355 377
359 377
360 377
341 378
342 378
344 378
346 378
347 378
348 378
351 378
353 378
354 378
358 378
359 378
341 379
345 379
350 379
352 379
357 379
342 380
346 380
348 380
350 380
351 380
354 380
355 380
358 380
364 381
365 381
366 381
367 381
371 381
372 381
373 381
375 381
376 381
377 381
379 381
362 382
363 382
364 382
366 382
369 382
370 382
371 382
372 382
373 382
374 382
375 382
379 382
380 382
361 383
364 383
365 383
366 383
367 383
368 383
369 383
370 383
372 383
373 383
375 383
377 383
379 383
362 384
365 384
368 384
369 384
371 384
372 384
374 384
375 384
376 384
379 384
380 384
361 385
364 385
366 385
368 385
369 385
370 385
372 385
374 385
377 385
380 385
363 386
364 386
365 386
368 386
369 386
370 386
371 386
374 386
376 386
377 386
380 386
362 387
364 387
365 387
368 387
370 387
374 387
375 387
378 387
379 387
363 388
364 388
365 388
369 388
371 388
372 388
374 388
375 388
363 389
366 389
368 389
369 389
371 389
372 389
375 389
380 389
361 390
362 390
366 390
368 390
369 390
370 390
376 390
379 390
361 391
362 391
366 391
367 391
369 391
372 391
373 391
377 391
379 391
380 391
362 392
364 392
365 392
366 392
367 392
370 392
373 392
374 392
379 392
364 393
368 393
372 393
373 393
375 393
376 393
362 394
368 394
369 394
377 394
378 394
380 394
361 395
362 395
365 395
368 395
369 395
372 395
374 395
375 395
376 395
377 395
378 395
380 395
363 396
365 396
366 396
367 396
369 396
370 396
371 396
372 396
374 396
375 396
376 396
377 396
380 396
361 397
363 397
370 397
371 397
375 397
376 397
377 397
378 397
379 397
380 397
364 398
365 398
366 398
370 398
372 398
374 398
376 398
377 398
380 398
363 399
367 399
370 399
371 399
372 399
373 399
374 399
377 399
380 399
362 400
363 400
364 400
366 400
367 400
368 400
370 400
372 400
373 400
374 400
380 400
381 401
384 401
385 401
386 401
387 401
389 401
390 401
391 401
392 401
393 401
394 401
396 401
398 401
399 401
400 401
382 402
383 402
384 402
387 402
390 402
391 402
396 402
397 402
398 402
399 402
400 402
383 403
386 403
388 403
391 403
392 403
394 403
395 403
397 403
399 403
384 404
386 404
388 404
389 404
390 404
391 404
393 404
396 404
397 404
398 404
399 404
400 404
381 405
383 405
387 405
388 405
391 405
393 405
394 405
395 405
397 405
398 405
399 405
381 406
384 406
386 406
388 406
389 406
390 406
391 406
393 406
394 406
396 406
398 406
399 406
400 406
382 407
383 407
387 407
388 407
391 407
392 407
394 407
395 407
396 407
398 407
400 407
384 408
387 408
392 408
396 408
399 408
400 408
382 409
383 409
386 409
388 409
390 409
391 409
394 409
395 409
397 409
398 409
400 409
382 410
383 410
384 410
385 410
387 410
388 410
390 410
391 410
392 410
395 410
398 410
400 410
382 411
384 411
386 411
388 411
390 411
391 411
392 411
387 412
392 412
393 412
395 412
396 412
381 413
384 413
388 413
389 413
391 413
393 413
395 413
396 413
397 413
400 413
384 414
386 414
388 414
390 414
392 414
393 414
394 414
397 414
398 414
399 414
400 414
389 415
393 415
394 415
395 415
396 415
399 415
382 416
384 416
387 416
391 416
392 416
394 416
396 416
399 416
400 416
381 417
382 417
384 417
386 417
389 417
390 417
392 417
395 417
398 417
399 417
382 418
385 418
388 418
389 418
391 418
394 418
396 418
399 418
381 419
385 419
388 419
390 419
391 419
392 419
393 419
394 419
395 419
396 419
382 420
384 420
385 420
390 420
391 420
393 420
396 420
397 420
399 420
400 420
401 421
405 421
406 421
408 421
411 421
412 421
413 421
415 421
416 421
417 421
418 421
419 421
420 421
401 422
404 422
405 422
406 422
407 422
408 422
409 422
410 422
411 422
413 422
415 422
417 422
401 423
403 423
404 423
406 423
409 423
410 423
415 423
416 423
417 423
418 423
419 423
401 424
402 424
403 424
404 424
406 424
408 424
416 424
417 424
419 424
420 424
401 425
402 425
406 425
407 425
408 425
409 425
410 425
411 425
413 425
416 425
417 425
418 425
419 425
402 426
403 426
406 426
407 426
410 426
412 426
415 426
417 426
420 426
409 427
410 427
412 427
413 427
414 427
418 427
420 427
401 428
402 428
404 428
405 428
410 428
414 428
415 428
417 428
418 428
419 428
420 428
401 429
402 429
405 429
406 429
411 429
414 429
415 429
416 429
417 429
418 429
420 429
402 430
404 430
409 430
411 430
412 430
413 430
414 430
417 430
419 430
420 430
401 431
404 431
405 431
410 431
411 431
412 431
414 431
415 431
416 431
417 431
418 431
402 432
404 432
408 432
409 432
413 432
415 432
417 432
404 433
406 433
409 433
410 433
411 433
413 433
415 433
416 433
417 433
418 433
401 434
404 434
405 434
406 434
410 434
411 434
416 434
418 434
420 434
401 435
404 435
407 435
410 435
414 435
416 435
417 435
418 435
419 435
420 435
406 436
407 436
408 436
413 436
416 436
417 436
419 436
420 436
401 437
403 437
404 437
407 437
408 437
410 437
411 437
412 437
415 437
417 437
418 437
401 438
402 438
408 438
409 438
410 438
411 438
412 438
413 438
414 438
415 438
416 438
406 439
408 439
411 439
412 439
414 439
415 439
416 439
420 439
402 440
404 440
408 440
410 440
411 440
412 440
414 440
415 440
417 440
422 441
424 441
426 441
428 441
430 441
432 441
436 441
437 441
438 441
439 441
440 441
421 442
424 442
426 442
431 442
434 442
437 442
423 443
424 443
432 443
436 443
423 444
425 444
427 444
429 444
431 444
433 444
435 444
436 444
421 445
422 445
423 445
430 445
433 445
434 445
436 445
438 445
440 445
422 446
423 446
430 446
431 446
432 446
434 446
438 446
439 446
440 446
423 447
424 447
429 447
430 447
431 447
433 447
436 447
439 447
440 447
421 448
422 448
424 448
425 448
432 448
433 448
435 448
436 448
437 448
438 448
422 449
426 449
427 449
429 449
431 449
433 449
435 449
439 449
440 449
422 450
423 450
424 450
426 450
428 450
432 450
433 450
434 450
435 450
421 451
422 451
423 451
424 451
425 451
426 451
427 451
428 451
429 451
431 451
432 451
434 451
440 451
421 452
423 452
424 452
427 452
429 452
431 452
432 452
433 452
434 452
435 452
439 452
440 452
422 453
423 453
424 453
425 453
426 453
428 453
429 453
431 453
432 453
434 453
437 453
440 453
428 454
429 454
430 454
431 454
433 454
435 454
436 454
439 454
440 454
422 455
425 455
426 455
427 455
428 455
429 455
433 455
439 455
440 455
423 456
424 456
425 456
429 456
430 456
431 456
434 456
435 456
437 456
422 457
426 457
427 457
428 457
429 457
432 457
434 457
435 457
437 457
438 457
439 457
440 457
421 458
424 458
425 458
426 458
428 458
429 458
430 458
432 458
434 458
435 458
438 458
421 459
423 459
424 459
426 459
427 459
429 459
430 459
435 459
421 460
422 460
423 460
424 460
425 460
426 460
428 460
438 460
440 460
441 461
443 461
447 461
448 461
452 461
453 461
454 461
457 461
459 461
441 462
445 462
446 462
447 462
450 462
452 462
453 462
454 462
455 462
460 462
443 463
444 463
445 463
447 463
449 463
451 463
452 463
453 463
454 463
456 463
458 463
442 464
449 464
451 464
452 464
453 464
454 464
455 464
460 464
442 465
443 465
446 465
447 465
449 465
452 465
453 465
456 465
459 465
460 465
441 466
443 466
445 466
446 466
448 466
453 466
455 466
456 466
457 466
458 466
460 466
441 467
442 467
443 467
449 467
451 467
453 467
454 467
455 467
456 467
441 468
445 468
446 468
447 468
448 468
451 468
452 468
453 468
454 468
457 468
460 468
442 469
443 469
445 469
446 469
448 469
449 469
452 469
454 469
460 469
442 470
444 470
445 470
446 470
447 470
449 470
450 470
455 470
456 470
457 470
458 470
442 471
446 471
447 471
448 471
449 471
452 471
458 471
460 471
442 472
444 472
446 472
447 472
452 472
454 472
457 472
458 472
459 472
460 472
443 473
444 473
446 473
448 473
452 473
455 473
456 473
442 474
445 474
446 474
452 474
454 474
455 474
458 474
459 474
460 474
441 475
443 475
444 475
445 475
447 475
448 475
449 475
451 475
452 475
453 475
454 475
455 475
456 475
457 475
458 475
459 475
442 476
444 476
445 476
446 476
447 476
450 476
453 476
455 476
458 476
460 476
442 477
444 477
446 477
450 477
451 477
455 477
456 477
457 477
458 477
459 477
460 477
441 478
443 478
444 478
446 478
448 478
453 478
454 478
455 478
456 478
459 478
443 479
445 479
446 479
447 479
448 479
452 479
454 479
455 479
441 480
444 480
447 480
450 480
456 480
457 480
458 480
459 480
462 481
463 481
469 481
472 481
473 481
476 481
478 481
479 481
461 482
462 482
463 482
467 482
469 482
471 482
472 482
480 482
461 483
464 483
466 483
468 483
470 483
472 483
473 483
476 483
478 483
479 483
480 483
461 484
464 484
468 484
470 484
472 484
477 484
462 485
464 485
465 485
471 485
472 485
474 485
475 485
476 485
477 485
478 485
479 485
480 485
461 486
462 486
466 486
467 486
468 486
469 486
472 486
474 486
476 486
477 486
479 486
461 487
463 487
464 487
467 487
469 487
470 487
471 487
476 487
477 487
478 487
479 487
480 487
461 488
463 488
465 488
466 488
467 488
469 488
472 488
473 488
479 488
480 488
461 489
463 489
465 489
467 489
469 489
474 489
476 489
477 489
462 490
464 490
475 490
476 490
478 490
461 491
463 491
464 491
465 491
466 491
468 491
470 491
473 491
474 491
475 491
476 491
479 491
468 492
469 492
471 492
474 492
475 492
479 492
461 493
462 493
463 493
464 493
467 493
470 493
471 493
472 493
475 493
476 493
478 493
479 493
480 493
463 494
464 494
466 494
467 494
470 494
471 494
473 494
474 494
478 494
480 494
461 495
462 495
464 495
465 495
466 495
467 495
468 495
469 495
470 495
473 495
474 495
479 495
480 495
461 496
462 496
465 496
468 496
469 496
471 496
473 496
474 496
475 496
478 496
479 496
480 496
462 497
463 497
466 497
468 497
469 497
472 497
474 497
475 497
476 497
477 497
478 497
479 497
461 498
462 498
464 498
465 498
466 498
467 498
468 498
469 498
470 498
472 498
473 498
474 498
475 498
480 498
461 499
464 499
465 499
466 499
468 499
469 499
470 499
471 499
474 499
477 499
461 500
462 500
469 500
472 500
474 500
476 500
477 500
480 500
481 501
482 501
484 501
485 501
486 501
488 501
489 501
490 501
492 501
493 501
497 501
498 501
500 501
486 502
488 502
489 502
494 502
495 502
496 502
497 502
498 502
499 502
500 502
481 503
482 503
488 503
489 503
493 503
494 503
495 503
496 503
498 503
482 504
485 504
490 504
491 504
492 504
494 504
495 504
498 504
499 504
481 505
482 505
485 505
486 505
487 505
488 505
490 505
491 505
492 505
493 505
496 505
497 505
499 505
500 505
481 506
482 506
483 506
486 506
487 506
490 506
492 506
494 506
495 506
499 506
500 506
481 507
485 507
487 507
488 507
490 507
492 507
495 507
497 507
498 507
499 507
500 507
481 508
483 508
486 508
487 508
488 508
490 508
491 508
492 508
493 508
495 508
499 508
484 509
485 509
488 509
490 509
492 509
493 509
497 509
499 509
500 509
482 510
484 510
487 510
488 510
489 510
490 510
493 510
494 510
497 510
499 510
484 511
485 511
488 511
489 511
490 511
491 511
492 511
497 511
498 511
481 512
482 512
483 512
484 512
485 512
486 512
487 512
489 512
490 512
491 512
492 512
496 512
499 512
500 512
481 513
482 513
485 513
490 513
491 513
492 513
494 513
495 513
496 513
500 513
483 514
484 514
485 514
488 514
489 514
490 514
493 514
495 514
496 514
497 514
498 514
499 514
500 514
483 515
484 515
486 515
488 515
496 515
482 516
483 516
485 516
486 516
487 516
488 516
490 516
493 516
494 516
495 516
499 516
500 516
481 517
482 517
483 517
484 517
486 517
488 517
489 517
491 517
492 517
493 517
497 517
499 517
481 518
483 518
486 518
487 518
492 518
494 518
496 518
497 518
499 518
483 519
484 519
485 519
486 519
490 519
492 519
493 519
494 519
495 519
497 519
498 519
499 519
485 520
487 520
489 520
491 520
495 520
498 520
500 520
501 521
502 521
507 521
508 521
511 521
513 521
517 521
518 521
519 521
520 521
503 522
506 522
509 522
511 522
513 522
514 522
518 522
501 523
502 523
503 523
505 523
507 523
509 523
510 523
511 523
515 523
516 523
517 523
518 523
519 523
520 523
501 524
502 524
503 524
504 524
506 524
508 524
512 524
513 524
516 524
519 524
503 525
504 525
505 525
507 525
508 525
511 525
512 525
513 525
514 525
518 525
519 525
520 525
505 526
506 526
508 526
510 526
512 526
513 526
517 526
520 526
502 527
505 527
506 527
509 527
512 527
513 527
520 527
501 528
503 528
504 528
509 528
512 528
513 528
517 528
518 528
501 529
503 529
505 529
507 529
508 529
511 529
513 529
516 529
519 529
502 530
503 530
504 530
505 530
508 530
509 530
510 530
511 530
513 530
517 530
518 530
504 531
508 531
509 531
512 531
513 531
515 531
501 532
503 532
505 532
507 532
511 532
512 532
517 532
518 532
519 532
501 533
502 533
506 533
508 533
509 533
511 533
514 533
515 533
517 533
519 533
501 534
502 534
503 534
505 534
506 534
507 534
509 534
510 534
513 534
514 534
516 534
518 534
519 534
520 534
503 535
504 535
505 535
507 535
512 535
515 535
520 535
504 536
505 536
506 536
507 536
509 536
510 536
511 536
517 536
518 536
520 536
501 537
503 537
504 537
505 537
509 537
513 537
502 538
507 538
508 538
509 538
514 538
515 538
516 538
517 538
518 538
519 538
520 538
508 539
510 539
512 539
514 539
517 539
518 539
520 539
501 540
503 540
505 540
507 540
514 540
517 540
518 540
521 541
522 541
523 541
524 541
525 541
526 541
528 541
529 541
530 541
533 541
537 541
538 541
539 541
522 542
523 542
524 542
525 542
526 542
528 542
529 542
530 542
533 542
537 542
539 542
540 542
521 543
522 543
525 543
526 543
527 543
529 543
532 543
533 543
539 543
540 543
521 544
522 544
524 544
530 544
531 544
535 544
538 544
539 544
521 545
523 545
530 545
532 545
533 545
535 545
538 545
539 545
521 546
524 546
526 546
529 546
534 546
521 547
524 547
526 547
528 547
530 547
531 547
532 547
533 547
534 547
535 547
536 547
540 547
521 548
522 548
526 548
528 548
532 548
533 548
534 548
535 548
537 548
538 548
539 548
522 549
523 549
525 549
526 549
527 549
528 549
529 549
530 549
532 549
534 549
535 549
538 549
539 549
521 550
522 550
523 550
527 550
528 550
529 550
530 550
531 550
532 550
534 550
536 550
538 550
539 550
540 550
524 551
525 551
529 551
534 551
540 551
521 552
523 552
527 552
528 552
529 552
533 552
535 552
537 552
538 552
539 552
540 552
521 553
524 553
527 553
529 553
530 553
531 553
532 553
533 553
534 553
535 553
521 554
528 554
534 554
535 554
536 554
540 554
522 555
523 555
525 555
527 555
532 555
535 555
537 555
538 555
540 555
521 556
522 556
524 556
525 556
527 556
528 556
529 556
530 556
531 556
534 556
535 556
536 556
537 556
538 556
521 557
522 557
523 557
524 557
527 557
529 557
531 557
537 557
522 558
524 558
525 558
527 558
530 558
532 558
533 558
535 558
536 558
538 558
540 558
522 559
523 559
526 559
527 559
528 559
532 559
535 559
540 559
521 560
524 560
528 560
529 560
530 560
532 560
533 560
534 560
535 560
536 560
538 560
540 560
541 561
544 561
546 561
549 561
552 561
556 561
559 561
560 561
541 562
542 562
543 562
544 562
550 562
553 562
556 562
557 562
558 562
559 562
541 563
542 563
543 563
544 563
548 563
549 563
552 563
553 563
556 563
557 563
560 563
541 564
543 564
547 564
548 564
550 564
553 564
554 564
559 564
541 565
542 565
543 565
545 565
546 565
547 565
548 565
549 565
551 565
552 565
553 565
554 565
555 565
557 565
560 565
541 566
547 566
548 566
549 566
550 566
551 566
552 566
553 566
555 566
557 566
558 566
542 567
548 567
549 567
550 567
552 567
558 567
560 567
542 568
545 568
548 568
549 568
550 568
551 568
552 568
555 568
556 568
543 569
545 569
547 569
548 569
549 569
551 569
552 569
553 569
555 569
557 569
558 569
560 569
542 570
543 570
544 570
546 570
547 570
548 570
550 570
551 570
553 570
554 570
556 570
557 570
559 570
542 571
543 571
545 571
546 571
551 571
553 571
554 571
557 571
560 571
541 572
545 572
547 572
548 572
550 572
552 572
553 572
554 572
555 572
556 572
559 572
542 573
546 573
548 573
549 573
550 573
552 573
553 573
554 573
558 573
559 573
560 573
545 574
547 574
548 574
554 574
555 574
558 574
559 574
560 574
541 575
542 575
545 575
547 575
548 575
549 575
550 575
551 575
557 575
558 575
559 575
541 576
544 576
545 576
547 576
548 576
549 576
550 576
553 576
556 576
558 576
559 576
541 577
544 577
545 577
546 577
548 577
549 577
554 577
556 577
560 577
543 578
544 578
545 578
546 578
550 578
552 578
554 578
556 578
557 578
559 578
560 578
542 579
544 579
546 579
547 579
549 579
550 579
551 579
552 579
553 579
554 579
555 579
557 579
541 580
542 580
543 580
544 580
545 580
551 580
555 580
557 580
561 581
562 581
565 581
566 581
567 581
569 581
570 581
573 581
574 581
575 581
577 581
580 581
562 582
563 582
568 582
574 582
576 582
577 582
579 582
563 583
564 583
565 583
566 583
567 583
571 583
572 583
575 583
576 583
578 583
579 583
561 584
563 584
565 584
566 584
570 584
573 584
574 584
575 584
576 584
562 585
563 585
565 585
570 585
572 585
573 585
574 585
578 585
565 586
566 586
568 586
569 586
574 586
575 586
578 586
579 586
580 586
564 587
565 587
569 587
570 587
571 587
572 587
573 587
575 587
578 587
580 587
562 588
564 588
565 588
567 588
568 588
570 588
571 588
572 588
574 588
576 588
577 588
564 589
567 589
568 589
569 589
571 589
572 589
577 589
578 589
579 589
561 590
569 590
571 590
574 590
575 590
576 590
577 590
580 590
561 591
563 591
565 591
566 591
567 591
568 591
572 591
573 591
574 591
577 591
579 591
580 591
561 592
562 592
567 592
568 592
569 592
570 592
579 592
561 593
562 593
563 593
564 593
567 593
568 593
569 593
570 593
573 593
574 593
575 593
577 593
580 593
561 594
564 594
565 594
566 594
568 594
569 594
571 594
572 594
574 594
575 594
577 594
580 594
562 595
563 595
567 595
568 595
569 595
570 595
575 595
576 595
577 595
579 595
580 595
562 596
563 596
565 596
569 596
570 596
571 596
572 596
573 596
574 596
576 596
578 596
579 596
561 597
565 597
566 597
569 597
570 597
571 597
572 597
573 597
575 597
577 597
578 597
579 597
580 597
561 598
567 598
569 598
572 598
573 598
574 598
575 598
576 598
577 598
578 598
562 599
563 599
564 599
567 599
568 599
572 599
575 599
576 599
577 599
578 599
579 599
562 600
563 600
564 600
565 600
567 600
568 600
571 600
573 600
582 601
585 601
588 601
594 601
597 601
599 601
581 602
583 602
584 602
585 602
588 602
589 602
592 602
593 602
594 602
596 602
597 602
599 602
581 603
585 603
587 603
588 603
590 603
592 603
596 603
598 603
599 603
581 604
582 604
583 604
585 604
586 604
588 604
590 604
592 604
595 604
596 604
598 604
599 604
600 604
582 605
583 605
584 605
585 605
591 605
597 605
599 605
600 605
581 606
583 606
584 606
589 606
590 606
591 606
593 606
594 606
595 606
596 606
600 606
581 607
585 607
586 607
592 607
595 607
597 607
598 607
599 607
600 607
583 608
584 608
585 608
586 608
587 608
590 608
594 608
596 608
598 608
599 608
581 609
582 609
583 609
587 609
588 609
590 609
591 609
592 609
594 609
597 609
599 609
600 609
581 610
584 610
585 610
587 610
589 610
591 610
593 610
596 610
597 610
581 611
583 611
584 611
585 611
588 611
589 611
590 611
591 611
592 611
595 611
600 611
581 612
582 612
583 612
588 612
589 612
591 612
594 612
595 612
596 612
598 612
600 612
582 613
583 613
585 613
586 613
588 613
591 613
593 613
594 613
598 613
599 613
582 614
585 614
586 614
587 614
589 614
594 614
597 614
600 614
583 615
584 615
586 615
590 615
591 615
592 615
595 615
596 615
598 615
599 615
600 615
590 616
591 616
592 616
594 616
599 616
582 617
583 617
585 617
587 617
590 617
592 617
594 617
596 617
597 617
599 617
600 617
584 618
587 618
588 618
589 618
593 618
595 618
596 618
599 618
584 619
586 619
587 619
588 619
589 619
596 619
600 619
582 620
584 620
588 620
589 620
591 620
593 620
595 620
596 620
597 620
599 620
602 621
603 621
609 621
611 621
615 621
616 621
617 621
618 621
619 621
601 622
602 622
603 622
605 622
607 622
611 622
612 622
613 622
602 623
605 623
608 623
610 623
612 623
613 623
614 623
618 623
620 623
601 624
602 624
603 624
604 624
605 624
609 624
610 624
612 624
614 624
615 624
616 624
617 624
601 625
602 625
606 625
611 625
613 625
618 625
619 625
604 626
605 626
606 626
608 626
610 626
611 626
612 626
618 626
620 626
604 627
605 627
606 627
608 627
609 627
612 627
613 627
615 627
617 627
619 627
620 627
602 628
605 628
610 628
611 628
612 628
613 628
614 628
615 628
616 628
617 628
619 628
620 628
601 629
604 629
607 629
608 629
611 629
616 629
617 629
619 629
620 629
604 630
609 630
613 630
614 630
616 630
617 630
618 630
619 630
602 631
603 631
610 631
611 631
612 631
615 631
616 631
618 631
605 632
606 632
607 632
608 632
609 632
612 632
614 632
616 632
617 632
618 632
620 632
602 633
603 633
604 633
605 633
608 633
609 633
613 633
615 633
617 633
618 633
601 634
605 634
609 634
610 634
612 634
613 634
614 634
616 634
618 634
619 634
620 634
601 635
603 635
605 635
612 635
614 635
616 635
618 635
619 635
605 636
606 636
607 636
608 636
611 636
613 636
615 636
617 636
619 636
602 637
604 637
607 637
609 637
610 637
611 637
612 637
618 637
601 638
608 638
609 638
611 638
613 638
617 638
618 638
620 638
602 639
604 639
605 639
606 639
607 639
608 639
610 639
613 639
614 639
615 639
616 639
617 639
602 640
603 640
605 640
606 640
608 640
609 640
610 640
611 640
612 640
615 640
616 640
617 640
618 640
619 640
623 641
624 641
625 641
626 641
627 641
628 641
634 641
635 641
637 641
640 641
622 642
623 642
624 642
625 642
626 642
627 642
628 642
633 642
634 642
636 642
637 642
639 642
640 642
621 643
622 643
624 643
626 643
629 643
632 643
634 643
635 643
638 643
640 643
622 644
623 644
624 644
625 644
627 644
628 644
629 644
630 644
631 644
632 644
633 644
636 644
624 645
627 645
628 645
630 645
631 645
632 645
633 645
636 645
637 645
639 645
621 646
622 646
623 646
630 646
631 646
632 646
633 646
635 646
636 646
637 646
639 646
640 646
622 647
623 647
627 647
629 647
630 647
632 647
633 647
634 647
640 647
621 648
623 648
624 648
626 648
627 648
629 648
634 648
638 648
640 648
621 649
623 649
627 649
629 649
631 649
633 649
634 649
637 649
638 649
621 650
623 650
624 650
626 650
627 650
628 650
631 650
635 650
636 650
640 650
622 651
624 651
627 651
629 651
631 651
634 651
635 651
638 651
640 651
621 652
625 652
627 652
629 652
630 652
631 652
634 652
636 652
637 652
640 652
621 653
622 653
623 653
627 653
628 653
632 653
633 653
634 653
635 653
625 654
626 654
627 654
628 654
629 654
630 654
632 654
633 654
636 654
637 654
638 654
640 654
623 655
629 655
631 655
634 655
635 655
636 655
637 655
638 655
621 656
624 656
626 656
629 656
634 656
636 656
638 656
640 656
621 657
623 657
624 657
625 657
627 657
628 657
631 657
632 657
634 657
637 657
639 657
640 657
622 658
623 658
624 658
625 658
626 658
627 658
628 658
629 658
630 658
633 658
635 658
636 658
640 658
622 659
623 659
624 659
628 659
629 659
630 659
631 659
633 659
636 659
637 659
638 659
640 659
621 660
622 660
626 660
628 660
629 660
630 660
633 660
634 660
635 660
636 660
638 660
639 660
640 660
642 661
643 661
647 661
648 661
649 661
651 661
652 661
653 661
655 661
658 661
659 661
645 662
646 662
648 662
650 662
652 662
654 662
655 662
658 662
659 662
641 663
642 663
644 663
646 663
647 663
648 663
654 663
657 663
658 663
659 663
642 664
643 664
647 664
650 664
651 664
652 664
653 664
654 664
656 664
657 664
660 664
642 665
643 665
644 665
647 665
649 665
650 665
651 665
652 665
653 665
654 665
655 665
656 665
660 665
641 666
642 666
647 666
650 666
652 666
654 666
656 666
659 666
660 666
643 667
646 667
648 667
649 667
650 667
651 667
653 667
655 667
656 667
657 667
658 667
659 667
641 668
642 668
644 668
645 668
646 668
648 668
649 668
650 668
651 668
653 668
654 668
656 668
660 668
643 669
646 669
650 669
651 669
652 669
653 669
655 669
657 669
645 670
647 670
648 670
650 670
651 670
653 670
655 670
656 670
641 671
642 671
644 671
646 671
647 671
652 671
654 671
656 671
657 671
658 671
659 671
660 671
645 672
647 672
650 672
651 672
652 672
654 672
655 672
656 672
658 672
659 672
642 673
644 673
645 673
646 673
650 673
652 673
653 673
654 673
659 673
660 673
642 674
646 674
649 674
650 674
651 674
652 674
653 674
655 674
656 674
657 674
658 674
659 674
643 675
645 675
646 675
649 675
650 675
652 675
654 675
655 675
657 675
659 675
641 676
642 676
643 676
646 676
647 676
650 676
651 676
654 676
655 676
659 676
642 677
647 677
648 677
650 677
651 677
652 677
654 677
655 677
656 677
657 677
660 677
641 678
642 678
643 678
645 678
646 678
647 678
649 678
651 678
652 678
654 678
656 678
657 678
658 678
659 678
660 678
642 679
643 679
646 679
647 679
649 679
650 679
651 679
655 679
657 679
644 680
647 680
649 680
651 680
653 680
656 680
657 680
658 680
661 681
662 681
663 681
665 681
669 681
670 681
671 681
673 681
674 681
675 681
677 681
678 681
679 681
680 681
662 682
666 682
667 682
668 682
672 682
673 682
675 682
676 682
679 682
661 683
663 683
665 683
671 683
672 683
673 683
674 683
676 683
679 683
680 683
661 684
663 684
664 684
665 684
666 684
667 684
670 684
671 684
672 684
673 684
677 684
679 684
663 685
665 685
666 685
669 685
676 685
678 685
662 686
664 686
665 686
666 686
668 686
669 686
671 686
674 686
678 686
679 686
661 687
662 687
663 687
666 687
668 687
669 687
674 687
675 687
676 687
678 687
679 687
663 688
665 688
666 688
668 688
669 688
670 688
671 688
673 688
674 688
676 688
678 688
661 689
662 689
663 689
666 689
669 689
671 689
674 689
675 689
677 689
678 689
679 689
664 690
666 690
667 690
669 690
670 690
671 690
674 690
678 690
679 690
662 691
667 691
668 691
670 691
673 691
674 691
677 691
661 692
662 692
664 692
666 692
667 692
671 692
673 692
674 692
675 692
676 692
679 692
680 692
661 693
666 693
668 693
670 693
671 693
672 693
678 693
679 693
680 693
662 694
664 694
665 694
667 694
668 694
670 694
671 694
672 694
673 694
674 694
675 694
676 694
677 694
678 694
680 694
664 695
665 695
666 695
668 695
669 695
670 695
672 695
673 695
675 695
662 696
663 696
664 696
666 696
667 696
669 696
670 696
673 696
675 696
676 696
680 696
664 697
666 697
670 697
671 697
674 697
676 697
677 697
679 697
680 697
662 698
663 698
664 698
668 698
669 698
670 698
674 698
677 698
680 698
662 699
664 699
668 699
669 699
670 699
679 699
680 699
664 700
666 700
668 700
669 700
670 700
671 700
674 700
676 700
677 700
678 700
679 700
680 700
682 701
684 701
686 701
691 701
692 701
693 701
695 701
696 701
685 702
687 702
689 702
691 702
692 702
693 702
695 702
698 702
699 702
700 702
681 703
684 703
685 703
686 703
687 703
688 703
690 703
692 703
696 703
698 703
699 703
681 704
682 704
683 704
690 704
691 704
693 704
694 704
695 704
696 704
697 704
699 704
700 704
681 705
683 705
684 705
689 705
690 705
692 705
693 705
694 705
695 705
696 705
698 705
699 705
700 705
684 706
686 706
687 706
688 706
693 706
694 706
695 706
696 706
699 706
700 706
682 707
683 707
685 707
689 707
690 707
692 707
693 707
695 707
696 707
697 707
700 707
682 708
684 708
686 708
692 708
693 708
694 708
696 708
697 708
698 708
699 708
681 709
683 709
685 709
686 709
689 709
690 709
693 709
696 709
698 709
681 710
682 710
683 710
684 710
685 710
686 710
687 710
689 710
690 710
692 710
694 710
696 710
698 710
699 710
700 710
682 711
687 711
688 711
690 711
693 711
696 711
699 711
700 711
682 712
687 712
689 712
690 712
691 712
695 712
698 712
699 712
700 712
682 713
684 713
686 713
691 713
693 713
694 713
695 713
696 713
697 713
699 713
700 713
681 714
682 714
684 714
685 714
688 714
689 714
690 714
691 714
692 714
693 714
694 714
695 714
696 714
697 714
699 714
700 714
683 715
686 715
689 715
690 715
692 715
693 715
695 715
696 715
698 715
700 715
681 716
682 716
684 716
687 716
688 716
689 716
690 716
691 716
694 716
695 716
697 716
682 717
683 717
685 717
686 717
687 717
689 717
693 717
694 717
696 717
697 717
699 717
682 718
685 718
686 718
688 718
689 718
690 718
691 718
694 718
695 718
696 718
683 719
685 719
687 719
693 719
694 719
696 719
697 719
698 719
682 720
685 720
687 720
688 720
689 720
694 720
697 720
699 720
700 720
701 721
704 721
706 721
707 721
709 721
710 721
713 721
714 721
715 721
719 721
720 721
701 722
704 722
705 722
712 722
713 722
715 722
717 722
718 722
719 722
720 722
701 723
702 723
704 723
706 723
707 723
708 723
709 723
710 723
714 723
715 723
716 723
717 723
718 723
702 724
704 724
708 724
709 724
710 724
712 724
713 724
714 724
715 724
716 724
717 724
719 724
701 725
702 725
706 725
707 725
708 725
709 725
714 725
715 725
716 725
718 725
702 726
707 726
709 726
710 726
712 726
716 726
717 726
718 726
719 726
720 726
701 727
705 727
709 727
710 727
711 727
713 727
714 727
715 727
716 727
717 727
718 727
719 727
720 727
702 728
704 728
705 728
708 728
709 728
710 728
711 728
714 728
715 728
716 728
718 728
720 728
701 729
703 729
704 729
705 729
706 729
711 729
712 729
713 729
716 729
718 729
719 729
720 729
701 730
702 730
703 730
704 730
705 730
707 730
709 730
711 730
714 730
716 730
719 730
720 730
701 731
703 731
705 731
706 731
710 731
712 731
717 731
718 731
719 731
720 731
702 732
705 732
709 732
710 732
711 732
713 732
714 732
717 732
701 733
702 733
704 733
706 733
707 733
708 733
709 733
710 733
711 733
717 733
701 734
704 734
710 734
712 734
713 734
714 734
715 734
718 734
719 734
720 734
704 735
706 735
707 735
708 735
709 735
710 735
711 735
714 735
716 735
719 735
701 736
703 736
704 736
706 736
707 736
708 736
709 736
712 736
715 736
702 737
703 737
704 737
705 737
707 737
710 737
711 737
716 737
719 737
703 738
705 738
706 738
707 738
701 739
704 739
706 739
710 739
711 739
716 739
718 739
719 739
702 740
703 740
704 740
705 740
707 740
708 740
712 740
714 740
717 740
721 741
722 741
723 741
724 741
728 741
730 741
733 741
734 741
735 741
736 741
738 741
739 741
722 742
723 742
724 742
731 742
732 742
735 742
736 742
737 742
738 742
739 742
724 743
726 743
727 743
729 743
731 743
733 743
735 743
722 744
724 744
726 744
728 744
729 744
735 744
736 744
738 744
739 744
721 745
725 745
726 745
728 745
730 745
731 745
734 745
736 745
738 745
723 746
724 746
725 746
726 746
727 746
730 746
734 746
735 746
736 746
738 746
740 746
721 747
722 747
723 747
724 747
728 747
729 747
732 747
733 747
735 747
736 747
737 747
722 748
723 748
724 748
728 748
730 748
732 748
734 748
737 748
738 748
739 748
740 748
723 749
725 749
727 749
729 749
730 749
731 749
732 749
734 749
735 749
738 749
723 750
725 750
727 750
729 750
730 750
732 750
736 750
737 750
740 750
721 751
724 751
729 751
730 751
732 751
733 751
734 751
735 751
736 751
738 751
739 751
721 752
722 752
727 752
729 752
730 752
731 752
732 752
734 752
737 752
738 752
740 752
722 753
723 753
726 753
728 753
729 753
730 753
731 753
733 753
735 753
736 753
737 753
738 753
739 753
721 754
722 754
723 754
725 754
729 754
730 754
731 754
732 754
733 754
734 754
735 754
736 754
737 754
738 754
721 755
723 755
726 755
728 755
729 755
730 755
732 755
735 755
737 755
721 756
723 756
725 756
726 756
727 756
731 756
732 756
734 756
736 756
738 756
739 756
740 756
722 757
728 757
732 757
733 757
734 757
736 757
722 758
724 758
726 758
727 758
728 758
730 758
733 758
738 758
739 758
740 758
721 759
728 759
729 759
732 759
735 759
736 759
737 759
740 759
722 760
723 760
725 760
726 760
727 760
731 760
733 760
735 760
736 760
737 760
739 760
741 761
743 761
744 761
746 761
749 761
752 761
755 761
756 761
757 761
758 761
760 761
741 762
742 762
743 762
747 762
749 762
751 762
752 762
758 762
741 763
742 763
743 763
744 763
745 763
746 763
747 763
749 763
752 763
753 763
754 763
756 763
758 763
759 763
760 763
741 764
743 764
746 764
748 764
753 764
754 764
756 764
757 764
758 764
760 764
741 765
742 765
743 765
745 765
746 765
747 765
751 765
754 765
755 765
758 765
743 766
744 766
749 766
751 766
752 766
754 766
755 766
757 766
741 767
742 767
745 767
746 767
748 767
757 767
741 768
742 768
743 768
745 768
746 768
748 768
751 768
753 768
754 768
755 768
756 768
758 768
759 768
743 769
747 769
748 769
751 769
752 769
753 769
759 769
741 770
744 770
745 770
750 770
751 770
753 770
760 770
746 771
748 771
750 771
751 771
752 771
754 771
755 771
758 771
760 771
741 772
742 772
746 772
748 772
750 772
752 772
754 772
756 772
759 772
760 772
741 773
744 773
745 773
746 773
747 773
748 773
749 773
750 773
751 773
753 773
755 773
756 773
757 773
758 773
759 773
742 774
743 774
745 774
747 774
751 774
752 774
755 774
756 774
744 775
745 775
747 775
749 775
750 775
753 775
755 775
760 775
742 776
746 776
747 776
749 776
752 776
757 776
758 776
759 776
741 777
742 777
743 777
744 777
746 777
751 777
753 777
755 777
757 777
759 777
760 777
741 778
742 778
743 778
745 778
746 778
747 778
748 778
749 778
754 778
757 778
758 778
759 778
741 779
743 779
744 779
745 779
747 779
752 779
754 779
755 779
757 779
758 779
759 779
760 779
743 780
744 780
748 780
749 780
750 780
752 780
753 780
756 780
758 780
759 780
760 780
764 781
765 781
767 781
769 781
770 781
772 781
774 781
776 781
777 781
780 781
761 782
762 782
763 782
764 782
768 782
769 782
773 782
775 782
776 782
777 782
778 782
779 782
766 783
770 783
771 783
773 783
777 783
779 783
761 784
762 784
768 784
770 784
773 784
774 784
776 784
777 784
778 784
779 784
780 784
762 785
763 785
767 785
768 785
770 785
771 785
773 785
776 785
777 785
762 786
766 786
767 786
768 786
771 786
776 786
778 786
780 786
761 787
762 787
765 787
766 787
767 787
770 787
773 787
775 787
776 787
778 787
780 787
761 788
762 788
764 788
766 788
767 788
769 788
772 788
775 788
776 788
777 788
778 788
779 788
764 789
766 789
768 789
770 789
773 789
779 789
768 790
771 790
773 790
774 790
780 790
761 791
762 791
763 791
764 791
766 791
769 791
772 791
773 791
776 791
778 791
761 792
764 792
765 792
766 792
768 792
769 792
770 792
772 792
773 792
775 792
778 792
780 792
761 793
762 793
763 793
765 793
767 793
770 793
771 793
772 793
773 793
774 793
775 793
776 793
777 793
778 793
780 793
762 794
765 794
769 794
773 794
776 794
777 794
778 794
779 794
761 795
762 795
763 795
764 795
765 795
766 795
769 795
772 795
773 795
774 795
775 795
776 795
777 795
779 795
761 796
762 796
763 796
765 796
767 796
768 796
772 796
775 796
776 796
777 796
778 796
762 797
764 797
768 797
770 797
771 797
772 797
773 797
774 797
775 797
776 797
777 797
778 797
779 797
762 798
763 798
764 798
765 798
766 798
769 798
770 798
773 798
776 798
780 798
764 799
769 799
773 799
774 799
775 799
778 799
780 799
761 800
762 800
764 800
765 800
767 800
769 800
770 800
771 800
772 800
774 800
775 800
776 800
777 800
779 800
780 800
