100 1204 5
20 20 20 20 20 
1 21
2 21
3 21
4 21
5 21
9 21
10 21
11 21
12 21
13 21
16 21
17 21
18 21
20 21
2 22
4 22
5 22
6 22
7 22
8 22
9 22
11 22
12 22
14 22
15 22
17 22
18 22
19 22
20 22
1 23
2 23
3 23
5 23
7 23
8 23
9 23
10 23
11 23
13 23
15 23
16 23
18 23
1 24
4 24
5 24
6 24
7 24
8 24
10 24
11 24
12 24
13 24
15 24
16 24
17 24
19 24
20 24
1 25
2 25
3 25
4 25
5 25
6 25
7 25
9 25
10 25
11 25
12 25
13 25
15 25
16 25
17 25
18 25
19 25
2 26
3 26
4 26
5 26
8 26
9 26
10 26
12 26
16 26
17 26
18 26
19 26
20 26
1 27
2 27
5 27
7 27
8 27
9 27
10 27
12 27
13 27
14 27
16 27
17 27
18 27
19 27
20 27
1 28
4 28
5 28
7 28
8 28
10 28
11 28
12 28
13 28
15 28
16 28
17 28
18 28
19 28
20 28
1 29
2 29
4 29
5 29
6 29
8 29
9 29
10 29
11 29
12 29
14 29
15 29
16 29
18 29
20 29
1 30
5 30
7 30
9 30
10 30
11 30
12 30
13 30
14 30
17 30
18 30
19 30
20 30
1 31
2 31
3 31
4 31
5 31
6 31
7 31
8 31
12 31
13 31
15 31
16 31
18 31
20 31
1 32
2 32
3 32
6 32
7 32
8 32
9 32
10 32
13 32
14 32
15 32
16 32
17 32
18 32
19 32
20 32
1 33
2 33
3 33
4 33
5 33
7 33
8 33
9 33
10 33
11 33
12 33
15 33
16 33
17 33
18 33
20 33
3 34
4 34
5 34
6 34
7 34
9 34
11 34
12 34
13 34
14 34
16 34
17 34
18 34
19 34
20 34
1 35
2 35
3 35
5 35
6 35
7 35
8 35
9 35
11 35
12 35
14 35
16 35
17 35
18 35
20 35
1 36
2 36
3 36
4 36
6 36
9 36
10 36
11 36
12 36
13 36
14 36
15 36
16 36
18 36
19 36
20 36
2 37
3 37
5 37
6 37
7 37
8 37
9 37
10 37
11 37
13 37
15 37
16 37
17 37
18 37
19 37
1 38
2 38
3 38
6 38
7 38
8 38
9 38
10 38
11 38
12 38
13 38
14 38
15 38
16 38
17 38
18 38
1 39
2 39
3 39
4 39
6 39
7 39
8 39
9 39
10 39
12 39
13 39
14 39
16 39
17 39
18 39
19 39
1 40
2 40
4 40
5 40
7 40
10 40
12 40
15 40
18 40
19 40
20 40
21 41
23 41
24 41
25 41
27 41
29 41
30 41
31 41
32 41
33 41
34 41
35 41
36 41
37 41
38 41
39 41
40 41
21 42
22 42
23 42
24 42
25 42
26 42
27 42
28 42
30 42
31 42
32 42
33 42
34 42
35 42
37 42
38 42
40 42
21 43
24 43
25 43
26 43
27 43
28 43
29 43
30 43
31 43
32 43
33 43
34 43
35 43
36 43
37 43
39 43
40 43
24 44
25 44
28 44
30 44
31 44
34 44
35 44
36 44
37 44
38 44
40 44
21 45
22 45
24 45
25 45
26 45
29 45
30 45
31 45
33 45
34 45
35 45
37 45
38 45
40 45
21 46
22 46
23 46
25 46
26 46
27 46
28 46
29 46
30 46
31 46
32 46
33 46
34 46
35 46
36 46
37 46
21 47
22 47
23 47
24 47
25 47
27 47
28 47
29 47
30 47
31 47
33 47
35 47
36 47
37 47
38 47
39 47
40 47
21 48
22 48
23 48
24 48
25 48
28 48
29 48
32 48
33 48
34 48
35 48
36 48
38 48
39 48
40 48
22 49
23 49
24 49
27 49
28 49
31 49
33 49
35 49
36 49
38 49
39 49
40 49
21 50
22 50
23 50
24 50
25 50
27 50
28 50
29 50
30 50
31 50
34 50
35 50
37 50
40 50
21 51
22 51
24 51
25 51
26 51
27 51
28 51
29 51
32 51
33 51
34 51
35 51
36 51
37 51
38 51
39 51
40 51
21 52
22 52
23 52
25 52
26 52
29 52
30 52
32 52
33 52
34 52
35 52
36 52
37 52
40 52
21 53
24 53
26 53
27 53
28 53
30 53
32 53
33 53
34 53
35 53
36 53
37 53
38 53
21 54
22 54
23 54
24 54
25 54
26 54
28 54
29 54
30 54
31 54
33 54
34 54
36 54
37 54
39 54
40 54
21 55
22 55
23 55
24 55
25 55
26 55
27 55
28 55
29 55
30 55
31 55
32 55
33 55
34 55
35 55
36 55
37 55
38 55
39 55
21 56
23 56
24 56
26 56
28 56
29 56
30 56
31 56
32 56
33 56
34 56
36 56
37 56
40 56
21 57
22 57
23 57
24 57
25 57
27 57
28 57
29 57
30 57
31 57
32 57
33 57
34 57
37 57
40 57
21 58
22 58
23 58
24 58
26 58
27 58
30 58
31 58
32 58
33 58
34 58
35 58
36 58
37 58
38 58
39 58
40 58
22 59
23 59
25 59
26 59
27 59
29 59
30 59
31 59
32 59
35 59
36 59
37 59
38 59
39 59
21 60
22 60
27 60
28 60
29 60
30 60
32 60
34 60
35 60
36 60
37 60
38 60
39 60
40 60
42 61
43 61
45 61
46 61
47 61
48 61
49 61
50 61
51 61
52 61
53 61
54 61
56 61
57 61
58 61
59 61
60 61
41 62
43 62
44 62
45 62
46 62
47 62
48 62
49 62
50 62
51 62
52 62
54 62
55 62
56 62
57 62
58 62
59 62
41 63
42 63
43 63
44 63
46 63
47 63
48 63
49 63
50 63
51 63
52 63
54 63
56 63
57 63
58 63
59 63
41 64
42 64
43 64
44 64
47 64
48 64
49 64
50 64
51 64
52 64
55 64
56 64
57 64
58 64
59 64
60 64
41 65
42 65
44 65
45 65
46 65
47 65
49 65
50 65
51 65
52 65
53 65
55 65
57 65
58 65
59 65
60 65
41 66
43 66
45 66
46 66
47 66
48 66
49 66
51 66
52 66
54 66
57 66
58 66
59 66
60 66
41 67
42 67
44 67
46 67
48 67
49 67
50 67
51 67
52 67
53 67
55 67
56 67
58 67
41 68
42 68
43 68
44 68
45 68
46 68
47 68
48 68
49 68
50 68
51 68
52 68
54 68
55 68
56 68
57 68
58 68
59 68
60 68
41 69
43 69
44 69
46 69
48 69
49 69
50 69
55 69
56 69
57 69
58 69
59 69
60 69
41 70
42 70
43 70
45 70
47 70
49 70
50 70
52 70
54 70
56 70
57 70
58 70
60 70
41 71
42 71
43 71
44 71
48 71
49 71
50 71
51 71
52 71
53 71
54 71
56 71
57 71
58 71
60 71
41 72
42 72
43 72
44 72
45 72
46 72
48 72
49 72
50 72
52 72
55 72
57 72
58 72
59 72
60 72
42 73
45 73
46 73
48 73
49 73
50 73
51 73
52 73
54 73
55 73
56 73
57 73
58 73
59 73
60 73
42 74
44 74
45 74
46 74
47 74
48 74
49 74
52 74
53 74
54 74
55 74
56 74
57 74
58 74
60 74
41 75
42 75
43 75
44 75
45 75
47 75
48 75
49 75
53 75
54 75
55 75
56 75
57 75
58 75
60 75
41 76
43 76
46 76
49 76
51 76
52 76
53 76
54 76
57 76
58 76
59 76
41 77
43 77
44 77
46 77
47 77
48 77
49 77
50 77
51 77
52 77
53 77
55 77
56 77
57 77
60 77
41 78
43 78
44 78
45 78
46 78
47 78
48 78
50 78
51 78
52 78
53 78
54 78
55 78
56 78
59 78
60 78
41 79
42 79
43 79
44 79
45 79
47 79
48 79
49 79
50 79
51 79
52 79
53 79
54 79
56 79
57 79
58 79
59 79
41 80
42 80
43 80
45 80
46 80
47 80
48 80
49 80
50 80
51 80
53 80
54 80
55 80
58 80
63 81
64 81
65 81
66 81
69 81
71 81
73 81
74 81
75 81
76 81
77 81
78 81
79 81
80 81
61 82
62 82
64 82
65 82
66 82
67 82
68 82
69 82
70 82
71 82
73 82
74 82
75 82
76 82
78 82
79 82
80 82
61 83
62 83
63 83
64 83
65 83
66 83
68 83
69 83
71 83
74 83
75 83
76 83
77 83
78 83
79 83
80 83
62 84
63 84
66 84
67 84
69 84
70 84
71 84
72 84
73 84
75 84
76 84
77 84
78 84
79 84
61 85
62 85
63 85
64 85
65 85
66 85
67 85
68 85
69 85
71 85
72 85
73 85
74 85
76 85
77 85
80 85
61 86
62 86
64 86
65 86
66 86
67 86
69 86
72 86
73 86
74 86
75 86
76 86
79 86
80 86
61 87
63 87
64 87
65 87
66 87
67 87
68 87
70 87
71 87
72 87
74 87
75 87
78 87
79 87
80 87
61 88
63 88
64 88
65 88
67 88
68 88
70 88
71 88
72 88
73 88
75 88
76 88
77 88
79 88
80 88
61 89
62 89
63 89
64 89
66 89
68 89
69 89
70 89
73 89
76 89
77 89
79 89
80 89
62 90
63 90
64 90
65 90
66 90
67 90
69 90
70 90
71 90
72 90
73 90
74 90
75 90
76 90
78 90
79 90
80 90
61 91
62 91
63 91
64 91
65 91
66 91
67 91
68 91
69 91
70 91
72 91
73 91
74 91
76 91
77 91
78 91
79 91
61 92
62 92
63 92
64 92
65 92
66 92
67 92
68 92
71 92
72 92
74 92
75 92
76 92
78 92
79 92
80 92
61 93
62 93
63 93
64 93
65 93
66 93
67 93
68 93
69 93
70 93
71 93
72 93
73 93
74 93
75 93
76 93
77 93
78 93
79 93
61 94
62 94
64 94
65 94
66 94
67 94
73 94
74 94
75 94
76 94
77 94
78 94
79 94
80 94
63 95
64 95
65 95
66 95
68 95
69 95
70 95
72 95
74 95
75 95
76 95
77 95
78 95
80 95
61 96
62 96
63 96
65 96
67 96
68 96
69 96
70 96
71 96
73 96
74 96
75 96
76 96
79 96
63 97
64 97
65 97
67 97
68 97
69 97
70 97
71 97
73 97
74 97
75 97
76 97
77 97
78 97
79 97
80 97
62 98
63 98
64 98
65 98
66 98
67 98
68 98
69 98
70 98
71 98
73 98
74 98
75 98
76 98
77 98
78 98
62 99
64 99
65 99
67 99
68 99
70 99
71 99
74 99
75 99
76 99
77 99
78 99
62 100
63 100
64 100
65 100
66 100
68 100
69 100
70 100
71 100
72 100
73 100
75 100
76 100
77 100
79 100
