500 7229 25
20 20 20 20 20 20 20 20 20 20 20 20 20 20 20 20 20 20 20 20 20 20 20 20 20 
1 21
6 21
7 21
8 21
9 21
10 21
11 21
15 21
16 21
17 21
18 21
19 21
20 21
1 22
3 22
4 22
5 22
7 22
8 22
10 22
11 22
12 22
13 22
14 22
15 22
16 22
18 22
19 22
20 22
1 23
2 23
3 23
4 23
6 23
8 23
9 23
10 23
14 23
16 23
17 23
18 23
19 23
1 24
3 24
4 24
5 24
6 24
8 24
10 24
11 24
13 24
14 24
15 24
17 24
18 24
19 24
20 24
3 25
7 25
10 25
11 25
13 25
15 25
16 25
17 25
18 25
19 25
20 25
1 26
2 26
3 26
4 26
6 26
10 26
11 26
13 26
14 26
15 26
16 26
17 26
18 26
19 26
2 27
3 27
4 27
5 27
6 27
9 27
11 27
12 27
18 27
19 27
1 28
2 28
3 28
4 28
5 28
6 28
7 28
8 28
9 28
10 28
14 28
17 28
18 28
19 28
20 28
1 29
2 29
4 29
5 29
6 29
7 29
8 29
9 29
10 29
15 29
16 29
17 29
18 29
19 29
1 30
2 30
3 30
4 30
5 30
6 30
7 30
8 30
9 30
10 30
11 30
12 30
13 30
16 30
17 30
18 30
19 30
20 30
2 31
3 31
5 31
6 31
8 31
9 31
10 31
11 31
13 31
15 31
16 31
17 31
18 31
19 31
1 32
2 32
3 32
4 32
5 32
6 32
9 32
11 32
12 32
13 32
14 32
15 32
16 32
17 32
18 32
20 32
1 33
2 33
3 33
4 33
5 33
7 33
8 33
9 33
10 33
11 33
13 33
14 33
15 33
18 33
19 33
20 33
2 34
3 34
4 34
6 34
7 34
8 34
10 34
11 34
12 34
13 34
14 34
15 34
17 34
19 34
20 34
1 35
2 35
3 35
4 35
5 35
6 35
7 35
8 35
9 35
10 35
11 35
12 35
14 35
15 35
17 35
18 35
20 35
1 36
2 36
3 36
4 36
5 36
6 36
7 36
9 36
10 36
11 36
16 36
17 36
18 36
19 36
1 37
3 37
4 37
5 37
9 37
12 37
13 37
14 37
16 37
17 37
19 37
20 37
1 38
3 38
5 38
8 38
11 38
12 38
13 38
14 38
15 38
16 38
17 38
18 38
19 38
3 39
4 39
5 39
6 39
7 39
8 39
9 39
10 39
11 39
12 39
13 39
14 39
15 39
16 39
17 39
18 39
19 39
20 39
1 40
2 40
3 40
4 40
5 40
7 40
10 40
11 40
12 40
13 40
14 40
16 40
17 40
18 40
19 40
22 41
23 41
24 41
25 41
26 41
27 41
28 41
29 41
30 41
31 41
32 41
37 41
38 41
39 41
40 41
22 42
23 42
24 42
25 42
26 42
27 42
28 42
29 42
32 42
33 42
34 42
35 42
36 42
37 42
38 42
39 42
40 42
22 43
25 43
26 43
27 43
29 43
33 43
34 43
35 43
36 43
38 43
21 44
22 44
23 44
24 44
25 44
26 44
28 44
29 44
30 44
31 44
32 44
33 44
34 44
35 44
36 44
37 44
38 44
39 44
40 44
21 45
22 45
23 45
24 45
25 45
26 45
27 45
28 45
29 45
31 45
32 45
36 45
38 45
39 45
40 45
21 46
22 46
23 46
24 46
26 46
27 46
28 46
29 46
30 46
31 46
32 46
33 46
34 46
36 46
21 47
22 47
23 47
26 47
28 47
29 47
30 47
31 47
32 47
33 47
34 47
37 47
38 47
39 47
21 48
22 48
25 48
26 48
27 48
28 48
30 48
32 48
33 48
34 48
35 48
36 48
37 48
38 48
40 48
22 49
23 49
24 49
25 49
26 49
27 49
28 49
29 49
30 49
31 49
32 49
33 49
34 49
36 49
38 49
39 49
40 49
23 50
24 50
25 50
27 50
28 50
29 50
30 50
33 50
34 50
35 50
36 50
38 50
39 50
40 50
21 51
22 51
23 51
24 51
25 51
26 51
28 51
31 51
32 51
33 51
34 51
35 51
37 51
38 51
39 51
40 51
22 52
24 52
25 52
26 52
28 52
30 52
32 52
34 52
35 52
39 52
21 53
22 53
23 53
24 53
25 53
26 53
28 53
29 53
30 53
31 53
32 53
33 53
35 53
36 53
37 53
38 53
39 53
21 54
23 54
24 54
25 54
26 54
27 54
28 54
29 54
30 54
32 54
33 54
34 54
35 54
36 54
37 54
38 54
39 54
22 55
23 55
24 55
26 55
27 55
28 55
29 55
30 55
31 55
32 55
33 55
35 55
36 55
37 55
38 55
39 55
21 56
22 56
26 56
27 56
28 56
29 56
31 56
32 56
34 56
36 56
38 56
40 56
21 57
22 57
23 57
24 57
25 57
26 57
27 57
29 57
32 57
33 57
35 57
36 57
37 57
38 57
39 57
40 57
21 58
23 58
24 58
25 58
27 58
28 58
29 58
30 58
31 58
33 58
34 58
35 58
36 58
37 58
38 58
40 58
22 59
23 59
25 59
26 59
28 59
30 59
32 59
34 59
35 59
36 59
37 59
39 59
21 60
22 60
23 60
24 60
25 60
26 60
28 60
29 60
30 60
31 60
33 60
34 60
35 60
36 60
37 60
39 60
40 60
41 61
42 61
45 61
46 61
48 61
50 61
51 61
52 61
53 61
54 61
55 61
56 61
58 61
60 61
41 62
42 62
44 62
45 62
46 62
47 62
48 62
50 62
51 62
52 62
53 62
54 62
55 62
56 62
57 62
58 62
59 62
60 62
41 63
42 63
44 63
46 63
47 63
50 63
51 63
52 63
54 63
57 63
58 63
60 63
41 64
42 64
45 64
46 64
47 64
49 64
50 64
51 64
53 64
54 64
55 64
57 64
58 64
60 64
41 65
42 65
43 65
44 65
46 65
47 65
49 65
51 65
52 65
54 65
57 65
58 65
59 65
60 65
41 66
42 66
44 66
45 66
46 66
49 66
50 66
51 66
52 66
54 66
55 66
56 66
57 66
58 66
59 66
60 66
41 67
42 67
43 67
46 67
48 67
49 67
50 67
51 67
54 67
55 67
56 67
57 67
58 67
41 68
44 68
47 68
48 68
51 68
53 68
55 68
56 68
57 68
58 68
59 68
60 68
41 69
43 69
44 69
45 69
46 69
47 69
49 69
50 69
51 69
52 69
55 69
56 69
57 69
58 69
59 69
43 70
46 70
48 70
49 70
50 70
51 70
54 70
56 70
57 70
59 70
41 71
43 71
45 71
47 71
48 71
49 71
50 71
51 71
52 71
53 71
54 71
55 71
56 71
57 71
59 71
60 71
41 72
43 72
44 72
45 72
46 72
47 72
48 72
49 72
51 72
53 72
54 72
55 72
57 72
58 72
59 72
60 72
41 73
42 73
44 73
45 73
46 73
47 73
48 73
52 73
53 73
54 73
55 73
56 73
58 73
60 73
42 74
43 74
44 74
45 74
46 74
47 74
49 74
52 74
54 74
55 74
56 74
60 74
41 75
42 75
43 75
44 75
47 75
49 75
51 75
52 75
53 75
56 75
57 75
58 75
60 75
43 76
44 76
45 76
49 76
50 76
54 76
55 76
57 76
58 76
59 76
60 76
43 77
44 77
45 77
46 77
47 77
48 77
49 77
50 77
51 77
52 77
53 77
54 77
55 77
56 77
58 77
59 77
60 77
41 78
42 78
43 78
44 78
47 78
48 78
49 78
50 78
52 78
54 78
56 78
57 78
58 78
41 79
42 79
43 79
44 79
45 79
46 79
48 79
49 79
51 79
52 79
54 79
55 79
56 79
60 79
41 80
42 80
45 80
48 80
49 80
50 80
52 80
53 80
54 80
55 80
56 80
58 80
59 80
61 81
62 81
63 81
64 81
65 81
66 81
68 81
70 81
71 81
73 81
75 81
76 81
78 81
80 81
61 82
62 82
63 82
64 82
65 82
66 82
67 82
68 82
69 82
73 82
74 82
77 82
78 82
79 82
80 82
61 83
62 83
63 83
64 83
65 83
66 83
67 83
68 83
70 83
71 83
72 83
73 83
74 83
75 83
76 83
77 83
79 83
80 83
61 84
62 84
63 84
64 84
65 84
66 84
67 84
68 84
69 84
70 84
72 84
73 84
74 84
75 84
77 84
78 84
79 84
61 85
62 85
63 85
67 85
68 85
69 85
70 85
71 85
72 85
73 85
75 85
76 85
77 85
78 85
79 85
80 85
61 86
62 86
64 86
65 86
66 86
67 86
72 86
74 86
75 86
76 86
77 86
78 86
80 86
61 87
62 87
64 87
65 87
69 87
70 87
72 87
73 87
74 87
75 87
76 87
79 87
80 87
62 88
64 88
65 88
67 88
69 88
70 88
71 88
72 88
73 88
76 88
77 88
78 88
79 88
80 88
61 89
62 89
63 89
65 89
67 89
68 89
69 89
70 89
71 89
72 89
74 89
75 89
76 89
78 89
79 89
80 89
61 90
62 90
63 90
65 90
66 90
67 90
68 90
70 90
71 90
72 90
73 90
74 90
75 90
76 90
77 90
78 90
79 90
61 91
62 91
63 91
65 91
67 91
71 91
75 91
76 91
77 91
79 91
80 91
61 92
62 92
63 92
64 92
66 92
67 92
68 92
69 92
70 92
71 92
73 92
75 92
76 92
77 92
78 92
62 93
63 93
64 93
65 93
66 93
67 93
70 93
71 93
72 93
73 93
75 93
76 93
77 93
78 93
79 93
61 94
62 94
63 94
64 94
65 94
66 94
67 94
68 94
69 94
70 94
71 94
72 94
73 94
75 94
77 94
78 94
61 95
62 95
63 95
66 95
68 95
69 95
71 95
75 95
76 95
77 95
78 95
79 95
80 95
61 96
62 96
63 96
65 96
66 96
67 96
68 96
69 96
70 96
71 96
72 96
73 96
74 96
75 96
76 96
77 96
78 96
79 96
80 96
61 97
62 97
63 97
66 97
67 97
68 97
70 97
72 97
73 97
74 97
75 97
76 97
77 97
78 97
80 97
61 98
63 98
64 98
65 98
66 98
68 98
69 98
70 98
71 98
72 98
73 98
74 98
75 98
76 98
77 98
79 98
80 98
61 99
62 99
63 99
65 99
66 99
69 99
70 99
71 99
73 99
75 99
76 99
77 99
78 99
79 99
80 99
61 100
62 100
64 100
65 100
67 100
69 100
70 100
72 100
73 100
74 100
75 100
76 100
77 100
78 100
79 100
80 100
81 101
83 101
84 101
85 101
86 101
87 101
88 101
89 101
90 101
91 101
92 101
93 101
94 101
95 101
97 101
98 101
99 101
100 101
81 102
82 102
83 102
86 102
88 102
90 102
91 102
94 102
95 102
96 102
97 102
98 102
99 102
100 102
81 103
83 103
86 103
87 103
90 103
92 103
93 103
95 103
96 103
97 103
99 103
81 104
82 104
84 104
85 104
87 104
88 104
89 104
90 104
91 104
92 104
93 104
94 104
95 104
96 104
98 104
99 104
100 104
81 105
82 105
83 105
84 105
85 105
86 105
87 105
89 105
90 105
91 105
92 105
93 105
95 105
96 105
98 105
99 105
100 105
81 106
83 106
84 106
86 106
87 106
88 106
89 106
90 106
91 106
92 106
93 106
96 106
97 106
98 106
99 106
100 106
81 107
83 107
85 107
86 107
87 107
88 107
89 107
90 107
91 107
92 107
93 107
95 107
96 107
99 107
81 108
82 108
84 108
85 108
86 108
88 108
89 108
92 108
93 108
95 108
96 108
98 108
99 108
100 108
82 109
85 109
86 109
87 109
88 109
89 109
91 109
92 109
94 109
95 109
96 109
97 109
98 109
100 109
82 110
84 110
85 110
86 110
87 110
88 110
89 110
90 110
91 110
93 110
94 110
95 110
96 110
97 110
98 110
99 110
100 110
81 111
82 111
83 111
84 111
85 111
86 111
87 111
88 111
91 111
92 111
94 111
95 111
96 111
98 111
99 111
100 111
81 112
82 112
83 112
85 112
86 112
87 112
88 112
89 112
90 112
91 112
93 112
94 112
95 112
97 112
99 112
100 112
81 113
82 113
83 113
84 113
85 113
87 113
88 113
89 113
90 113
91 113
92 113
93 113
94 113
96 113
97 113
98 113
99 113
100 113
81 114
82 114
84 114
85 114
87 114
88 114
91 114
92 114
93 114
95 114
96 114
97 114
98 114
99 114
100 114
81 115
83 115
84 115
85 115
86 115
87 115
89 115
91 115
92 115
93 115
94 115
96 115
100 115
81 116
82 116
84 116
86 116
87 116
88 116
89 116
90 116
92 116
93 116
94 116
95 116
96 116
98 116
99 116
100 116
81 117
82 117
83 117
84 117
85 117
87 117
89 117
90 117
91 117
92 117
93 117
94 117
95 117
97 117
98 117
99 117
100 117
81 118
82 118
83 118
85 118
86 118
87 118
89 118
90 118
91 118
92 118
94 118
95 118
96 118
99 118
81 119
82 119
83 119
84 119
86 119
87 119
88 119
90 119
91 119
93 119
95 119
96 119
98 119
100 119
81 120
82 120
84 120
86 120
88 120
89 120
90 120
91 120
92 120
93 120
94 120
95 120
96 120
98 120
101 121
103 121
104 121
105 121
106 121
107 121
108 121
109 121
110 121
111 121
113 121
114 121
115 121
116 121
119 121
120 121
101 122
103 122
104 122
105 122
106 122
107 122
108 122
109 122
110 122
111 122
112 122
113 122
114 122
115 122
116 122
117 122
118 122
119 122
120 122
102 123
104 123
105 123
106 123
108 123
110 123
111 123
112 123
113 123
114 123
115 123
116 123
118 123
119 123
102 124
103 124
104 124
107 124
109 124
110 124
112 124
113 124
114 124
116 124
117 124
118 124
119 124
120 124
101 125
102 125
103 125
104 125
106 125
107 125
108 125
109 125
110 125
112 125
113 125
114 125
117 125
118 125
119 125
120 125
101 126
102 126
103 126
104 126
105 126
107 126
108 126
109 126
110 126
111 126
114 126
115 126
117 126
118 126
119 126
120 126
102 127
103 127
105 127
106 127
107 127
108 127
110 127
112 127
114 127
115 127
116 127
118 127
120 127
101 128
102 128
103 128
104 128
105 128
106 128
107 128
108 128
109 128
110 128
111 128
113 128
114 128
115 128
116 128
118 128
119 128
104 129
105 129
106 129
107 129
108 129
109 129
110 129
112 129
113 129
114 129
117 129
118 129
119 129
101 130
102 130
104 130
107 130
108 130
109 130
110 130
111 130
117 130
118 130
119 130
120 130
101 131
102 131
104 131
106 131
107 131
109 131
110 131
111 131
113 131
114 131
117 131
118 131
119 131
120 131
103 132
104 132
105 132
106 132
107 132
108 132
110 132
113 132
114 132
115 132
116 132
119 132
102 133
103 133
104 133
105 133
106 133
107 133
108 133
109 133
110 133
112 133
113 133
114 133
115 133
116 133
118 133
119 133
101 134
102 134
103 134
105 134
107 134
108 134
109 134
111 134
113 134
114 134
116 134
117 134
118 134
120 134
101 135
102 135
103 135
104 135
105 135
106 135
107 135
108 135
109 135
110 135
111 135
112 135
114 135
115 135
119 135
120 135
101 136
103 136
104 136
107 136
108 136
109 136
110 136
112 136
113 136
115 136
116 136
117 136
118 136
119 136
120 136
101 137
103 137
104 137
105 137
107 137
108 137
109 137
110 137
111 137
115 137
117 137
118 137
119 137
120 137
101 138
104 138
105 138
106 138
107 138
108 138
109 138
110 138
111 138
112 138
113 138
114 138
115 138
116 138
117 138
118 138
120 138
102 139
104 139
105 139
106 139
107 139
108 139
109 139
110 139
111 139
112 139
113 139
114 139
115 139
116 139
117 139
118 139
119 139
101 140
102 140
103 140
104 140
106 140
108 140
109 140
111 140
113 140
115 140
119 140
120 140
121 141
122 141
124 141
125 141
128 141
129 141
130 141
131 141
132 141
133 141
134 141
135 141
136 141
138 141
121 142
123 142
124 142
125 142
128 142
129 142
131 142
132 142
134 142
135 142
136 142
137 142
138 142
123 143
124 143
125 143
126 143
127 143
128 143
129 143
130 143
132 143
133 143
134 143
137 143
138 143
140 143
121 144
122 144
123 144
124 144
127 144
128 144
130 144
131 144
134 144
137 144
139 144
140 144
123 145
124 145
126 145
128 145
129 145
130 145
131 145
132 145
133 145
134 145
135 145
136 145
137 145
138 145
139 145
121 146
123 146
124 146
125 146
126 146
127 146
128 146
130 146
131 146
132 146
133 146
134 146
135 146
136 146
138 146
139 146
140 146
121 147
122 147
123 147
125 147
126 147
127 147
129 147
130 147
131 147
132 147
133 147
135 147
136 147
137 147
138 147
139 147
140 147
121 148
122 148
123 148
124 148
125 148
126 148
128 148
129 148
130 148
131 148
132 148
136 148
137 148
138 148
139 148
140 148
122 149
123 149
124 149
128 149
129 149
130 149
131 149
132 149
134 149
135 149
136 149
137 149
138 149
139 149
140 149
121 150
123 150
125 150
127 150
128 150
129 150
130 150
131 150
132 150
133 150
134 150
135 150
136 150
138 150
139 150
140 150
121 151
122 151
123 151
124 151
125 151
127 151
129 151
130 151
132 151
134 151
136 151
137 151
138 151
140 151
121 152
122 152
123 152
125 152
126 152
128 152
129 152
130 152
131 152
133 152
134 152
136 152
138 152
139 152
140 152
121 153
122 153
123 153
124 153
125 153
126 153
127 153
129 153
130 153
133 153
134 153
138 153
139 153
140 153
122 154
123 154
124 154
125 154
126 154
127 154
129 154
130 154
131 154
132 154
133 154
134 154
136 154
137 154
138 154
139 154
140 154
121 155
122 155
123 155
124 155
127 155
129 155
130 155
134 155
135 155
136 155
137 155
138 155
139 155
140 155
121 156
123 156
125 156
126 156
127 156
128 156
130 156
134 156
136 156
137 156
140 156
121 157
124 157
125 157
126 157
127 157
128 157
129 157
130 157
131 157
132 157
133 157
135 157
136 157
137 157
139 157
140 157
121 158
123 158
124 158
125 158
128 158
130 158
132 158
133 158
134 158
135 158
136 158
137 158
139 158
121 159
122 159
124 159
125 159
126 159
127 159
128 159
130 159
131 159
132 159
134 159
135 159
136 159
137 159
138 159
139 159
140 159
121 160
124 160
125 160
126 160
127 160
128 160
130 160
131 160
132 160
133 160
134 160
135 160
136 160
137 160
138 160
139 160
141 161
142 161
143 161
144 161
146 161
147 161
148 161
149 161
150 161
151 161
152 161
153 161
154 161
156 161
157 161
158 161
159 161
142 162
143 162
144 162
147 162
148 162
149 162
150 162
151 162
152 162
153 162
154 162
155 162
158 162
159 162
160 162
142 163
143 163
144 163
145 163
148 163
149 163
150 163
151 163
152 163
155 163
156 163
157 163
158 163
159 163
160 163
142 164
143 164
145 164
146 164
148 164
149 164
152 164
153 164
154 164
155 164
156 164
157 164
158 164
159 164
160 164
142 165
143 165
144 165
145 165
146 165
147 165
148 165
149 165
150 165
151 165
152 165
156 165
157 165
158 165
159 165
160 165
141 166
142 166
143 166
145 166
146 166
147 166
148 166
150 166
151 166
152 166
153 166
154 166
157 166
158 166
160 166
142 167
143 167
145 167
146 167
147 167
148 167
149 167
150 167
151 167
152 167
154 167
156 167
158 167
159 167
141 168
142 168
143 168
144 168
145 168
146 168
148 168
149 168
151 168
152 168
153 168
154 168
155 168
156 168
157 168
158 168
160 168
141 169
142 169
144 169
145 169
146 169
147 169
148 169
149 169
150 169
151 169
152 169
154 169
155 169
156 169
158 169
159 169
160 169
141 170
142 170
143 170
144 170
147 170
148 170
149 170
150 170
152 170
153 170
154 170
155 170
156 170
158 170
160 170
141 171
142 171
143 171
146 171
147 171
148 171
149 171
150 171
151 171
154 171
155 171
156 171
158 171
160 171
141 172
142 172
143 172
146 172
147 172
149 172
151 172
152 172
153 172
154 172
155 172
156 172
160 172
141 173
142 173
143 173
145 173
146 173
148 173
149 173
152 173
153 173
157 173
158 173
159 173
160 173
141 174
142 174
143 174
144 174
145 174
147 174
148 174
149 174
150 174
151 174
152 174
155 174
156 174
158 174
141 175
142 175
143 175
144 175
146 175
150 175
151 175
152 175
153 175
154 175
155 175
158 175
160 175
143 176
144 176
145 176
146 176
147 176
150 176
151 176
152 176
153 176
154 176
155 176
156 176
157 176
158 176
160 176
150 177
151 177
153 177
154 177
155 177
156 177
158 177
159 177
160 177
141 178
144 178
145 178
146 178
147 178
148 178
149 178
150 178
151 178
153 178
155 178
156 178
157 178
158 178
159 178
160 178
141 179
142 179
144 179
145 179
147 179
148 179
149 179
150 179
151 179
152 179
153 179
154 179
156 179
157 179
158 179
159 179
160 179
142 180
143 180
144 180
145 180
146 180
147 180
151 180
155 180
156 180
157 180
158 180
159 180
160 180
161 181
162 181
164 181
165 181
166 181
167 181
169 181
170 181
171 181
172 181
174 181
176 181
177 181
178 181
180 181
161 182
162 182
163 182
164 182
166 182
167 182
168 182
170 182
171 182
172 182
173 182
174 182
175 182
178 182
179 182
162 183
164 183
166 183
167 183
168 183
169 183
170 183
172 183
173 183
174 183
175 183
179 183
161 184
162 184
164 184
165 184
167 184
168 184
170 184
171 184
173 184
175 184
177 184
178 184
179 184
180 184
165 185
166 185
167 185
168 185
169 185
170 185
171 185
172 185
174 185
175 185
176 185
177 185
178 185
179 185
180 185
161 186
162 186
163 186
164 186
165 186
166 186
167 186
168 186
169 186
171 186
172 186
173 186
178 186
179 186
162 187
163 187
165 187
166 187
170 187
171 187
174 187
175 187
176 187
178 187
179 187
161 188
162 188
163 188
164 188
165 188
166 188
168 188
169 188
170 188
171 188
172 188
173 188
174 188
175 188
176 188
177 188
179 188
161 189
162 189
163 189
165 189
167 189
168 189
169 189
170 189
171 189
172 189
173 189
174 189
176 189
177 189
178 189
179 189
180 189
161 190
163 190
165 190
167 190
169 190
170 190
173 190
174 190
175 190
177 190
178 190
179 190
161 191
162 191
163 191
165 191
166 191
167 191
168 191
169 191
170 191
171 191
172 191
174 191
175 191
177 191
178 191
179 191
180 191
161 192
162 192
163 192
164 192
166 192
168 192
169 192
170 192
171 192
172 192
173 192
176 192
177 192
178 192
179 192
180 192
161 193
162 193
163 193
164 193
165 193
166 193
167 193
168 193
169 193
170 193
171 193
172 193
173 193
174 193
177 193
179 193
180 193
161 194
163 194
164 194
165 194
166 194
167 194
168 194
169 194
171 194
172 194
173 194
175 194
176 194
179 194
180 194
161 195
162 195
163 195
164 195
165 195
166 195
168 195
169 195
170 195
171 195
172 195
173 195
174 195
175 195
176 195
177 195
178 195
179 195
180 195
162 196
164 196
165 196
169 196
171 196
172 196
173 196
174 196
175 196
178 196
162 197
163 197
164 197
166 197
168 197
170 197
172 197
174 197
175 197
176 197
177 197
178 197
180 197
161 198
162 198
163 198
167 198
168 198
169 198
171 198
172 198
174 198
175 198
176 198
177 198
178 198
180 198
161 199
162 199
164 199
166 199
167 199
168 199
169 199
171 199
172 199
173 199
174 199
175 199
176 199
177 199
162 200
165 200
166 200
168 200
170 200
171 200
173 200
174 200
175 200
176 200
179 200
180 200
181 201
182 201
184 201
185 201
188 201
189 201
193 201
194 201
195 201
196 201
197 201
198 201
199 201
181 202
183 202
184 202
185 202
186 202
187 202
188 202
189 202
190 202
191 202
192 202
193 202
194 202
195 202
197 202
198 202
199 202
200 202
182 203
183 203
184 203
185 203
186 203
187 203
189 203
190 203
191 203
193 203
194 203
195 203
197 203
198 203
199 203
181 204
182 204
183 204
184 204
185 204
186 204
187 204
188 204
189 204
190 204
191 204
193 204
195 204
196 204
181 205
182 205
183 205
184 205
188 205
189 205
190 205
191 205
192 205
194 205
196 205
197 205
198 205
199 205
181 206
182 206
183 206
185 206
186 206
187 206
188 206
189 206
190 206
191 206
192 206
193 206
194 206
195 206
196 206
197 206
198 206
200 206
181 207
183 207
184 207
185 207
186 207
187 207
188 207
189 207
190 207
191 207
192 207
193 207
195 207
196 207
197 207
198 207
199 207
200 207
181 208
182 208
183 208
184 208
185 208
186 208
187 208
188 208
189 208
191 208
192 208
195 208
196 208
197 208
198 208
200 208
182 209
184 209
185 209
187 209
188 209
190 209
192 209
194 209
195 209
197 209
198 209
199 209
200 209
182 210
183 210
184 210
186 210
187 210
188 210
190 210
191 210
192 210
194 210
195 210
196 210
198 210
199 210
200 210
181 211
182 211
183 211
184 211
185 211
187 211
188 211
189 211
191 211
192 211
193 211
195 211
196 211
197 211
199 211
200 211
181 212
182 212
183 212
185 212
188 212
189 212
190 212
191 212
193 212
195 212
196 212
197 212
198 212
199 212
183 213
184 213
185 213
186 213
187 213
188 213
189 213
192 213
193 213
194 213
195 213
197 213
198 213
199 213
200 213
181 214
183 214
187 214
188 214
189 214
190 214
191 214
192 214
194 214
196 214
197 214
198 214
199 214
181 215
185 215
186 215
187 215
189 215
190 215
191 215
193 215
194 215
195 215
196 215
197 215
198 215
199 215
200 215
181 216
182 216
183 216
184 216
185 216
187 216
188 216
191 216
192 216
193 216
195 216
196 216
197 216
198 216
199 216
200 216
181 217
182 217
183 217
184 217
185 217
188 217
191 217
193 217
194 217
195 217
196 217
197 217
198 217
199 217
200 217
181 218
182 218
183 218
184 218
186 218
187 218
188 218
190 218
191 218
195 218
196 218
197 218
200 218
181 219
183 219
185 219
187 219
188 219
189 219
190 219
191 219
193 219
194 219
195 219
196 219
197 219
198 219
199 219
181 220
184 220
185 220
186 220
187 220
188 220
190 220
191 220
192 220
194 220
195 220
198 220
199 220
202 221
203 221
204 221
206 221
207 221
209 221
211 221
212 221
213 221
214 221
215 221
216 221
217 221
218 221
219 221
201 222
202 222
203 222
206 222
207 222
208 222
210 222
211 222
212 222
213 222
214 222
215 222
216 222
217 222
220 222
201 223
202 223
203 223
204 223
205 223
206 223
209 223
210 223
213 223
215 223
216 223
218 223
219 223
201 224
202 224
203 224
204 224
206 224
207 224
210 224
211 224
212 224
215 224
216 224
217 224
219 224
220 224
201 225
202 225
203 225
204 225
205 225
206 225
208 225
210 225
211 225
213 225
214 225
216 225
219 225
220 225
201 226
202 226
203 226
204 226
205 226
206 226
208 226
210 226
213 226
214 226
215 226
216 226
217 226
218 226
219 226
220 226
202 227
205 227
207 227
208 227
209 227
210 227
211 227
213 227
214 227
215 227
216 227
217 227
219 227
220 227
201 228
202 228
203 228
204 228
205 228
206 228
207 228
208 228
209 228
210 228
211 228
212 228
215 228
217 228
218 228
219 228
202 229
203 229
205 229
206 229
207 229
208 229
209 229
210 229
211 229
212 229
213 229
215 229
216 229
217 229
220 229
201 230
202 230
204 230
205 230
206 230
208 230
209 230
210 230
213 230
215 230
217 230
218 230
219 230
220 230
201 231
202 231
203 231
205 231
206 231
207 231
208 231
209 231
211 231
212 231
213 231
214 231
215 231
216 231
218 231
220 231
201 232
202 232
203 232
205 232
206 232
207 232
208 232
209 232
210 232
211 232
213 232
214 232
215 232
218 232
220 232
202 233
203 233
204 233
206 233
208 233
209 233
210 233
211 233
212 233
213 233
214 233
215 233
216 233
217 233
218 233
219 233
220 233
201 234
203 234
204 234
205 234
207 234
208 234
209 234
210 234
211 234
212 234
213 234
214 234
215 234
216 234
217 234
218 234
201 235
202 235
206 235
207 235
208 235
209 235
210 235
211 235
212 235
213 235
214 235
215 235
217 235
218 235
219 235
202 236
203 236
204 236
205 236
206 236
207 236
208 236
210 236
211 236
212 236
214 236
216 236
217 236
218 236
219 236
201 237
204 237
205 237
206 237
208 237
209 237
210 237
211 237
212 237
214 237
216 237
217 237
218 237
219 237
220 237
202 238
203 238
204 238
205 238
207 238
208 238
210 238
211 238
212 238
213 238
214 238
215 238
217 238
219 238
220 238
201 239
204 239
205 239
206 239
208 239
209 239
210 239
211 239
212 239
213 239
214 239
216 239
217 239
220 239
202 240
203 240
204 240
205 240
207 240
208 240
210 240
211 240
213 240
215 240
216 240
217 240
218 240
219 240
220 240
223 241
225 241
226 241
227 241
229 241
230 241
231 241
232 241
233 241
234 241
235 241
236 241
237 241
238 241
240 241
222 242
223 242
224 242
225 242
227 242
228 242
229 242
230 242
231 242
233 242
234 242
235 242
236 242
237 242
238 242
239 242
221 243
222 243
223 243
225 243
228 243
229 243
230 243
231 243
232 243
233 243
234 243
237 243
238 243
239 243
221 244
222 244
224 244
226 244
227 244
228 244
230 244
233 244
235 244
238 244
221 245
222 245
223 245
225 245
226 245
227 245
228 245
230 245
231 245
233 245
235 245
237 245
238 245
239 245
240 245
221 246
223 246
224 246
226 246
227 246
228 246
229 246
230 246
231 246
232 246
233 246
234 246
235 246
236 246
237 246
238 246
239 246
240 246
223 247
226 247
227 247
230 247
232 247
233 247
234 247
235 247
236 247
237 247
238 247
239 247
240 247
221 248
222 248
223 248
225 248
226 248
227 248
230 248
231 248
232 248
233 248
235 248
236 248
237 248
238 248
240 248
221 249
222 249
223 249
224 249
225 249
226 249
227 249
229 249
230 249
231 249
232 249
234 249
237 249
238 249
222 250
223 250
224 250
225 250
227 250
229 250
230 250
231 250
233 250
234 250
235 250
236 250
237 250
238 250
239 250
240 250
221 251
222 251
223 251
224 251
226 251
228 251
231 251
232 251
233 251
235 251
236 251
237 251
239 251
240 251
221 252
222 252
223 252
224 252
225 252
226 252
227 252
228 252
229 252
230 252
231 252
232 252
233 252
234 252
235 252
236 252
237 252
238 252
239 252
222 253
224 253
225 253
228 253
230 253
231 253
232 253
233 253
234 253
236 253
237 253
238 253
239 253
240 253
221 254
222 254
223 254
224 254
226 254
228 254
229 254
230 254
232 254
233 254
234 254
235 254
236 254
237 254
239 254
240 254
221 255
222 255
223 255
224 255
225 255
228 255
229 255
230 255
231 255
232 255
233 255
235 255
236 255
237 255
238 255
239 255
240 255
221 256
222 256
223 256
224 256
227 256
229 256
230 256
231 256
232 256
233 256
234 256
235 256
236 256
237 256
238 256
239 256
240 256
221 257
222 257
223 257
225 257
226 257
227 257
228 257
229 257
231 257
232 257
233 257
234 257
238 257
239 257
240 257
221 258
222 258
224 258
225 258
227 258
229 258
230 258
231 258
232 258
233 258
234 258
235 258
236 258
238 258
239 258
240 258
223 259
224 259
225 259
226 259
229 259
230 259
231 259
232 259
233 259
234 259
235 259
236 259
237 259
240 259
221 260
222 260
223 260
224 260
226 260
228 260
229 260
230 260
231 260
232 260
233 260
236 260
237 260
238 260
239 260
240 260
242 261
243 261
244 261
246 261
247 261
249 261
250 261
252 261
253 261
254 261
255 261
256 261
258 261
259 261
242 262
243 262
244 262
245 262
246 262
247 262
249 262
250 262
251 262
252 262
253 262
254 262
255 262
256 262
258 262
259 262
260 262
241 263
242 263
245 263
249 263
251 263
252 263
253 263
254 263
255 263
256 263
257 263
258 263
260 263
243 264
244 264
245 264
246 264
247 264
248 264
250 264
251 264
252 264
253 264
255 264
256 264
257 264
258 264
259 264
260 264
241 265
242 265
244 265
245 265
246 265
248 265
249 265
250 265
251 265
252 265
254 265
255 265
257 265
259 265
260 265
241 266
243 266
245 266
246 266
248 266
249 266
252 266
253 266
254 266
255 266
256 266
258 266
259 266
260 266
243 267
244 267
245 267
246 267
247 267
248 267
249 267
250 267
251 267
252 267
253 267
254 267
255 267
256 267
257 267
259 267
260 267
243 268
244 268
245 268
247 268
249 268
250 268
251 268
252 268
253 268
254 268
255 268
256 268
257 268
258 268
259 268
241 269
243 269
246 269
248 269
251 269
253 269
255 269
256 269
257 269
258 269
259 269
242 270
244 270
245 270
248 270
250 270
251 270
252 270
253 270
254 270
255 270
257 270
260 270
241 271
242 271
243 271
244 271
245 271
246 271
247 271
248 271
249 271
250 271
251 271
252 271
254 271
255 271
256 271
257 271
258 271
259 271
241 272
242 272
243 272
245 272
246 272
247 272
248 272
249 272
250 272
251 272
252 272
253 272
255 272
257 272
259 272
260 272
241 273
242 273
243 273
244 273
245 273
246 273
247 273
248 273
249 273
250 273
253 273
254 273
258 273
259 273
260 273
241 274
242 274
243 274
244 274
245 274
246 274
247 274
249 274
250 274
252 274
253 274
254 274
256 274
257 274
258 274
259 274
260 274
241 275
243 275
244 275
245 275
247 275
248 275
249 275
250 275
253 275
254 275
255 275
256 275
257 275
258 275
259 275
260 275
241 276
242 276
243 276
244 276
246 276
247 276
248 276
249 276
250 276
251 276
252 276
253 276
254 276
255 276
256 276
257 276
258 276
260 276
241 277
242 277
243 277
244 277
246 277
247 277
248 277
249 277
250 277
251 277
254 277
255 277
257 277
259 277
260 277
241 278
243 278
244 278
246 278
247 278
248 278
249 278
251 278
252 278
253 278
255 278
256 278
258 278
259 278
260 278
241 279
242 279
243 279
244 279
245 279
246 279
247 279
248 279
249 279
250 279
251 279
252 279
253 279
254 279
255 279
256 279
258 279
259 279
241 280
243 280
244 280
245 280
246 280
248 280
249 280
250 280
251 280
253 280
255 280
256 280
257 280
258 280
259 280
260 280
261 281
262 281
263 281
267 281
268 281
269 281
270 281
271 281
275 281
276 281
277 281
279 281
280 281
261 282
262 282
264 282
265 282
266 282
267 282
268 282
269 282
270 282
271 282
272 282
273 282
275 282
276 282
279 282
280 282
262 283
263 283
265 283
267 283
269 283
270 283
272 283
273 283
274 283
275 283
276 283
277 283
278 283
261 284
263 284
264 284
265 284
266 284
267 284
268 284
270 284
271 284
273 284
275 284
276 284
277 284
278 284
279 284
280 284
261 285
262 285
263 285
264 285
265 285
266 285
267 285
268 285
269 285
270 285
272 285
273 285
275 285
276 285
277 285
279 285
280 285
261 286
262 286
263 286
264 286
265 286
266 286
267 286
268 286
269 286
270 286
273 286
275 286
276 286
278 286
279 286
280 286
262 287
263 287
264 287
265 287
266 287
267 287
268 287
270 287
271 287
272 287
274 287
275 287
278 287
279 287
280 287
261 288
262 288
265 288
266 288
267 288
269 288
273 288
275 288
277 288
278 288
279 288
261 289
263 289
264 289
267 289
269 289
271 289
273 289
274 289
276 289
277 289
278 289
280 289
261 290
262 290
264 290
265 290
267 290
268 290
269 290
270 290
271 290
273 290
275 290
276 290
277 290
278 290
279 290
263 291
264 291
266 291
267 291
268 291
269 291
270 291
272 291
273 291
274 291
275 291
276 291
278 291
280 291
262 292
263 292
265 292
266 292
267 292
268 292
269 292
270 292
271 292
272 292
274 292
275 292
276 292
277 292
278 292
279 292
280 292
261 293
262 293
263 293
264 293
265 293
266 293
267 293
268 293
269 293
271 293
273 293
274 293
276 293
278 293
279 293
280 293
261 294
263 294
264 294
265 294
266 294
267 294
269 294
271 294
272 294
273 294
274 294
275 294
276 294
277 294
278 294
279 294
262 295
263 295
264 295
265 295
266 295
268 295
271 295
272 295
273 295
274 295
275 295
276 295
277 295
278 295
279 295
280 295
262 296
263 296
265 296
266 296
267 296
269 296
270 296
272 296
273 296
274 296
275 296
276 296
277 296
278 296
279 296
280 296
261 297
262 297
263 297
265 297
266 297
268 297
269 297
270 297
272 297
274 297
275 297
276 297
277 297
278 297
279 297
280 297
261 298
263 298
265 298
266 298
268 298
269 298
270 298
273 298
275 298
276 298
277 298
278 298
279 298
261 299
262 299
263 299
264 299
265 299
266 299
267 299
268 299
271 299
272 299
273 299
274 299
275 299
276 299
277 299
279 299
261 300
262 300
263 300
264 300
265 300
266 300
267 300
268 300
269 300
270 300
271 300
274 300
275 300
276 300
277 300
278 300
279 300
281 301
282 301
283 301
284 301
286 301
287 301
288 301
289 301
290 301
291 301
292 301
294 301
295 301
296 301
297 301
298 301
281 302
282 302
283 302
284 302
286 302
287 302
288 302
289 302
290 302
291 302
293 302
295 302
296 302
298 302
299 302
281 303
282 303
283 303
284 303
285 303
286 303
287 303
288 303
289 303
290 303
292 303
293 303
295 303
296 303
297 303
298 303
299 303
300 303
281 304
282 304
284 304
285 304
286 304
287 304
288 304
291 304
294 304
295 304
296 304
297 304
299 304
300 304
281 305
283 305
284 305
285 305
286 305
287 305
288 305
289 305
290 305
291 305
292 305
293 305
296 305
297 305
298 305
299 305
281 306
283 306
284 306
285 306
286 306
288 306
290 306
292 306
293 306
294 306
296 306
297 306
298 306
300 306
281 307
282 307
285 307
286 307
287 307
288 307
289 307
291 307
292 307
294 307
295 307
296 307
297 307
299 307
300 307
281 308
282 308
283 308
284 308
286 308
287 308
288 308
290 308
291 308
293 308
294 308
296 308
297 308
298 308
299 308
300 308
281 309
282 309
283 309
284 309
285 309
286 309
287 309
289 309
290 309
291 309
292 309
293 309
294 309
295 309
296 309
298 309
299 309
281 310
282 310
283 310
284 310
285 310
287 310
288 310
289 310
290 310
291 310
292 310
294 310
295 310
297 310
298 310
299 310
282 311
284 311
285 311
287 311
288 311
289 311
290 311
291 311
292 311
294 311
296 311
297 311
298 311
299 311
300 311
281 312
283 312
284 312
285 312
286 312
287 312
288 312
289 312
290 312
292 312
295 312
296 312
297 312
298 312
300 312
281 313
282 313
283 313
287 313
288 313
289 313
290 313
292 313
293 313
294 313
295 313
296 313
298 313
300 313
281 314
282 314
285 314
286 314
287 314
288 314
289 314
290 314
291 314
292 314
295 314
296 314
297 314
298 314
299 314
281 315
282 315
284 315
285 315
286 315
287 315
288 315
289 315
290 315
291 315
295 315
296 315
297 315
298 315
300 315
281 316
282 316
283 316
284 316
285 316
286 316
288 316
290 316
291 316
292 316
293 316
294 316
295 316
296 316
297 316
298 316
300 316
281 317
282 317
284 317
285 317
286 317
287 317
288 317
290 317
292 317
293 317
294 317
295 317
297 317
298 317
300 317
281 318
282 318
283 318
284 318
285 318
286 318
287 318
288 318
290 318
291 318
293 318
294 318
296 318
297 318
298 318
281 319
283 319
284 319
285 319
286 319
287 319
289 319
292 319
294 319
295 319
296 319
297 319
298 319
299 319
300 319
281 320
282 320
283 320
286 320
287 320
288 320
289 320
292 320
293 320
295 320
298 320
300 320
301 321
302 321
304 321
305 321
306 321
307 321
310 321
311 321
312 321
314 321
315 321
317 321
318 321
319 321
320 321
301 322
303 322
304 322
305 322
306 322
308 322
310 322
311 322
313 322
315 322
316 322
317 322
318 322
319 322
320 322
301 323
302 323
303 323
304 323
305 323
307 323
308 323
309 323
310 323
311 323
312 323
313 323
314 323
315 323
316 323
317 323
318 323
319 323
320 323
301 324
303 324
304 324
305 324
306 324
307 324
308 324
310 324
312 324
313 324
314 324
315 324
316 324
318 324
319 324
320 324
301 325
302 325
303 325
304 325
305 325
306 325
307 325
308 325
309 325
310 325
311 325
313 325
314 325
316 325
317 325
318 325
319 325
320 325
302 326
303 326
304 326
305 326
306 326
307 326
308 326
309 326
310 326
311 326
312 326
313 326
314 326
315 326
316 326
317 326
318 326
319 326
320 326
301 327
302 327
303 327
304 327
305 327
308 327
311 327
312 327
313 327
314 327
315 327
317 327
318 327
319 327
320 327
302 328
303 328
304 328
305 328
306 328
307 328
311 328
312 328
313 328
314 328
315 328
316 328
317 328
319 328
320 328
301 329
302 329
304 329
306 329
307 329
308 329
309 329
310 329
311 329
312 329
314 329
316 329
317 329
319 329
320 329
301 330
302 330
303 330
304 330
307 330
311 330
312 330
313 330
314 330
315 330
318 330
320 330
301 331
302 331
303 331
304 331
305 331
307 331
308 331
309 331
310 331
311 331
313 331
314 331
315 331
316 331
319 331
320 331
301 332
302 332
303 332
304 332
305 332
306 332
307 332
308 332
309 332
311 332
313 332
314 332
315 332
316 332
317 332
318 332
319 332
301 333
302 333
303 333
305 333
306 333
307 333
308 333
310 333
311 333
312 333
313 333
314 333
316 333
317 333
318 333
319 333
320 333
301 334
302 334
303 334
304 334
305 334
306 334
307 334
308 334
309 334
310 334
312 334
313 334
314 334
315 334
316 334
318 334
319 334
320 334
302 335
303 335
305 335
307 335
309 335
310 335
311 335
312 335
313 335
314 335
315 335
316 335
317 335
318 335
301 336
302 336
303 336
304 336
305 336
306 336
307 336
308 336
309 336
310 336
312 336
313 336
317 336
318 336
319 336
302 337
304 337
305 337
306 337
307 337
308 337
309 337
310 337
311 337
312 337
314 337
315 337
316 337
317 337
318 337
319 337
320 337
301 338
304 338
305 338
306 338
307 338
308 338
309 338
311 338
313 338
314 338
315 338
316 338
317 338
318 338
319 338
301 339
302 339
303 339
304 339
305 339
306 339
307 339
309 339
310 339
311 339
313 339
314 339
315 339
316 339
317 339
318 339
320 339
301 340
303 340
304 340
305 340
306 340
307 340
308 340
309 340
310 340
311 340
312 340
313 340
314 340
315 340
316 340
317 340
318 340
319 340
321 341
322 341
323 341
324 341
326 341
327 341
329 341
330 341
331 341
332 341
333 341
334 341
335 341
336 341
338 341
339 341
340 341
322 342
323 342
324 342
326 342
327 342
328 342
329 342
331 342
332 342
333 342
334 342
336 342
337 342
338 342
339 342
340 342
321 343
322 343
323 343
324 343
325 343
326 343
327 343
328 343
329 343
330 343
331 343
332 343
333 343
337 343
338 343
322 344
324 344
325 344
327 344
328 344
329 344
330 344
331 344
333 344
334 344
335 344
336 344
337 344
338 344
339 344
340 344
321 345
322 345
324 345
325 345
327 345
329 345
331 345
332 345
333 345
334 345
335 345
336 345
337 345
338 345
340 345
322 346
323 346
324 346
325 346
326 346
327 346
328 346
330 346
331 346
332 346
333 346
334 346
335 346
336 346
338 346
339 346
340 346
321 347
322 347
323 347
324 347
327 347
328 347
330 347
332 347
333 347
334 347
335 347
336 347
337 347
338 347
339 347
340 347
322 348
323 348
324 348
325 348
326 348
328 348
329 348
331 348
332 348
333 348
335 348
336 348
337 348
338 348
339 348
340 348
321 349
323 349
324 349
326 349
327 349
328 349
329 349
330 349
333 349
334 349
335 349
336 349
337 349
340 349
322 350
323 350
324 350
325 350
326 350
327 350
328 350
329 350
331 350
334 350
335 350
337 350
338 350
339 350
340 350
321 351
323 351
325 351
326 351
327 351
330 351
332 351
333 351
334 351
335 351
336 351
338 351
339 351
340 351
321 352
322 352
323 352
327 352
328 352
330 352
334 352
335 352
336 352
338 352
339 352
322 353
323 353
324 353
325 353
327 353
328 353
329 353
330 353
331 353
332 353
333 353
334 353
335 353
337 353
338 353
339 353
321 354
324 354
325 354
326 354
327 354
328 354
329 354
330 354
331 354
332 354
333 354
334 354
335 354
337 354
338 354
340 354
322 355
323 355
324 355
325 355
326 355
329 355
330 355
331 355
332 355
333 355
334 355
335 355
336 355
337 355
338 355
339 355
340 355
321 356
322 356
323 356
324 356
325 356
326 356
327 356
328 356
329 356
330 356
331 356
332 356
335 356
336 356
337 356
321 357
323 357
324 357
325 357
327 357
328 357
329 357
331 357
332 357
333 357
334 357
335 357
336 357
337 357
338 357
339 357
340 357
322 358
324 358
325 358
327 358
328 358
330 358
331 358
333 358
334 358
335 358
336 358
337 358
338 358
339 358
340 358
322 359
323 359
324 359
326 359
328 359
330 359
332 359
333 359
334 359
336 359
337 359
339 359
321 360
322 360
323 360
324 360
325 360
326 360
327 360
328 360
330 360
333 360
334 360
335 360
336 360
337 360
338 360
339 360
340 360
341 361
344 361
345 361
346 361
347 361
349 361
350 361
351 361
352 361
353 361
354 361
355 361
356 361
357 361
358 361
359 361
360 361
341 362
344 362
345 362
347 362
348 362
350 362
351 362
352 362
353 362
354 362
355 362
356 362
358 362
359 362
360 362
341 363
343 363
344 363
345 363
346 363
348 363
349 363
352 363
353 363
354 363
357 363
358 363
359 363
341 364
342 364
343 364
344 364
345 364
346 364
348 364
349 364
350 364
352 364
353 364
354 364
355 364
356 364
357 364
358 364
359 364
360 364
341 365
342 365
343 365
344 365
348 365
349 365
350 365
352 365
353 365
354 365
355 365
356 365
358 365
359 365
360 365
341 366
342 366
343 366
344 366
345 366
347 366
348 366
349 366
350 366
353 366
354 366
355 366
356 366
358 366
360 366
341 367
342 367
343 367
346 367
347 367
348 367
354 367
355 367
356 367
357 367
358 367
359 367
360 367
341 368
343 368
345 368
347 368
349 368
352 368
356 368
357 368
358 368
359 368
341 369
342 369
343 369
344 369
345 369
346 369
347 369
349 369
350 369
351 369
352 369
353 369
355 369
356 369
357 369
358 369
359 369
360 369
341 370
342 370
343 370
344 370
345 370
350 370
351 370
352 370
353 370
355 370
356 370
357 370
358 370
359 370
360 370
341 371
342 371
343 371
344 371
345 371
346 371
347 371
348 371
349 371
352 371
353 371
355 371
356 371
358 371
360 371
343 372
344 372
346 372
348 372
349 372
350 372
351 372
352 372
353 372
354 372
355 372
357 372
358 372
359 372
360 372
341 373
342 373
343 373
344 373
345 373
346 373
347 373
348 373
350 373
352 373
353 373
354 373
355 373
359 373
360 373
341 374
342 374
344 374
345 374
346 374
347 374
348 374
349 374
350 374
351 374
352 374
353 374
356 374
357 374
358 374
359 374
360 374
341 375
343 375
344 375
345 375
347 375
348 375
349 375
350 375
351 375
353 375
354 375
355 375
356 375
357 375
358 375
359 375
360 375
342 376
343 376
344 376
345 376
346 376
347 376
348 376
349 376
350 376
351 376
355 376
357 376
358 376
359 376
360 376
342 377
345 377
347 377
348 377
349 377
350 377
351 377
353 377
354 377
355 377
356 377
357 377
358 377
359 377
360 377
341 378
343 378
344 378
345 378
347 378
348 378
349 378
350 378
351 378
353 378
354 378
355 378
356 378
358 378
359 378
341 379
342 379
343 379
345 379
346 379
347 379
348 379
351 379
352 379
355 379
357 379
359 379
360 379
341 380
342 380
343 380
345 380
347 380
349 380
350 380
352 380
353 380
354 380
356 380
358 380
359 380
360 380
361 381
362 381
363 381
364 381
365 381
366 381
367 381
368 381
369 381
370 381
371 381
372 381
373 381
374 381
375 381
377 381
379 381
380 381
361 382
363 382
366 382
367 382
368 382
369 382
370 382
371 382
372 382
373 382
375 382
378 382
379 382
361 383
362 383
364 383
365 383
366 383
368 383
369 383
370 383
371 383
372 383
374 383
375 383
376 383
378 383
379 383
380 383
361 384
362 384
363 384
364 384
365 384
367 384
368 384
370 384
371 384
372 384
375 384
376 384
379 384
380 384
361 385
363 385
364 385
365 385
366 385
367 385
369 385
370 385
371 385
372 385
373 385
375 385
376 385
378 385
379 385
380 385
361 386
362 386
363 386
364 386
366 386
367 386
368 386
369 386
370 386
371 386
372 386
373 386
374 386
375 386
376 386
377 386
378 386
379 386
380 386
361 387
362 387
365 387
366 387
367 387
368 387
370 387
371 387
372 387
374 387
375 387
376 387
377 387
379 387
362 388
363 388
364 388
365 388
366 388
369 388
370 388
371 388
372 388
373 388
374 388
375 388
376 388
377 388
378 388
379 388
380 388
361 389
362 389
363 389
364 389
366 389
367 389
368 389
369 389
370 389
371 389
372 389
373 389
375 389
376 389
377 389
378 389
379 389
380 389
361 390
362 390
364 390
365 390
366 390
367 390
368 390
369 390
370 390
371 390
372 390
373 390
374 390
375 390
378 390
379 390
380 390
361 391
362 391
363 391
365 391
366 391
367 391
370 391
371 391
373 391
376 391
377 391
378 391
379 391
380 391
361 392
363 392
365 392
366 392
367 392
368 392
370 392
371 392
372 392
373 392
374 392
376 392
377 392
379 392
380 392
361 393
362 393
364 393
365 393
366 393
368 393
369 393
370 393
371 393
373 393
374 393
377 393
378 393
380 393
361 394
362 394
363 394
364 394
365 394
368 394
369 394
370 394
371 394
373 394
375 394
376 394
377 394
378 394
379 394
380 394
361 395
365 395
366 395
367 395
368 395
369 395
370 395
372 395
373 395
375 395
377 395
361 396
363 396
364 396
366 396
367 396
369 396
370 396
371 396
372 396
373 396
374 396
375 396
376 396
377 396
380 396
361 397
362 397
363 397
366 397
367 397
368 397
369 397
370 397
373 397
374 397
375 397
376 397
377 397
378 397
379 397
380 397
361 398
362 398
363 398
364 398
366 398
367 398
368 398
369 398
370 398
371 398
372 398
373 398
375 398
376 398
377 398
378 398
379 398
380 398
361 399
362 399
364 399
365 399
366 399
367 399
368 399
370 399
371 399
372 399
373 399
374 399
377 399
378 399
379 399
380 399
361 400
362 400
364 400
365 400
366 400
367 400
368 400
369 400
370 400
371 400
372 400
373 400
374 400
375 400
376 400
377 400
378 400
379 400
380 400
381 401
382 401
383 401
385 401
386 401
387 401
388 401
390 401
391 401
392 401
394 401
396 401
397 401
399 401
381 402
383 402
385 402
386 402
387 402
388 402
389 402
390 402
392 402
394 402
395 402
396 402
398 402
399 402
400 402
381 403
383 403
385 403
386 403
388 403
389 403
390 403
391 403
393 403
394 403
395 403
396 403
397 403
398 403
399 403
400 403
382 404
383 404
385 404
386 404
387 404
389 404
391 404
392 404
393 404
394 404
395 404
398 404
400 404
381 405
382 405
384 405
387 405
388 405
389 405
390 405
391 405
392 405
393 405
395 405
396 405
397 405
398 405
399 405
400 405
381 406
383 406
385 406
386 406
388 406
389 406
392 406
393 406
395 406
396 406
397 406
398 406
381 407
382 407
383 407
384 407
385 407
386 407
388 407
389 407
390 407
391 407
392 407
394 407
395 407
396 407
397 407
398 407
399 407
381 408
382 408
383 408
386 408
387 408
388 408
391 408
392 408
394 408
395 408
396 408
398 408
399 408
383 409
384 409
387 409
388 409
389 409
390 409
391 409
392 409
393 409
394 409
395 409
396 409
397 409
399 409
400 409
382 410
383 410
384 410
385 410
388 410
390 410
391 410
392 410
393 410
394 410
395 410
396 410
397 410
398 410
399 410
400 410
381 411
382 411
384 411
385 411
386 411
387 411
388 411
389 411
390 411
392 411
393 411
394 411
397 411
398 411
399 411
381 412
382 412
383 412
384 412
385 412
386 412
387 412
388 412
389 412
391 412
392 412
393 412
395 412
396 412
397 412
398 412
400 412
383 413
384 413
385 413
386 413
387 413
388 413
389 413
391 413
392 413
395 413
396 413
397 413
398 413
399 413
381 414
382 414
383 414
384 414
386 414
387 414
388 414
389 414
391 414
392 414
394 414
395 414
398 414
399 414
400 414
381 415
383 415
387 415
388 415
389 415
391 415
392 415
393 415
395 415
398 415
399 415
383 416
384 416
385 416
386 416
387 416
389 416
390 416
391 416
392 416
393 416
395 416
396 416
397 416
398 416
399 416
400 416
381 417
382 417
383 417
385 417
386 417
388 417
389 417
390 417
391 417
392 417
393 417
396 417
399 417
400 417
382 418
383 418
384 418
385 418
387 418
388 418
390 418
391 418
392 418
394 418
395 418
396 418
397 418
398 418
399 418
383 419
386 419
388 419
390 419
391 419
393 419
395 419
396 419
398 419
400 419
381 420
382 420
383 420
386 420
387 420
388 420
389 420
391 420
393 420
395 420
396 420
397 420
399 420
401 421
402 421
403 421
404 421
405 421
406 421
407 421
408 421
409 421
410 421
411 421
413 421
414 421
415 421
416 421
417 421
418 421
419 421
401 422
402 422
404 422
405 422
406 422
407 422
408 422
409 422
410 422
411 422
412 422
413 422
414 422
415 422
416 422
417 422
418 422
419 422
420 422
401 423
402 423
403 423
406 423
407 423
409 423
410 423
411 423
412 423
413 423
414 423
416 423
417 423
418 423
419 423
402 424
403 424
405 424
406 424
407 424
409 424
414 424
415 424
416 424
417 424
419 424
420 424
401 425
405 425
406 425
407 425
410 425
412 425
413 425
414 425
415 425
417 425
418 425
419 425
401 426
402 426
403 426
404 426
405 426
406 426
407 426
408 426
409 426
410 426
412 426
413 426
414 426
415 426
416 426
419 426
420 426
401 427
402 427
404 427
405 427
406 427
407 427
409 427
410 427
411 427
412 427
413 427
414 427
415 427
416 427
417 427
418 427
419 427
420 427
401 428
402 428
403 428
405 428
406 428
407 428
408 428
409 428
410 428
411 428
412 428
413 428
414 428
415 428
417 428
418 428
420 428
401 429
403 429
404 429
406 429
407 429
408 429
409 429
410 429
411 429
413 429
414 429
415 429
416 429
417 429
418 429
419 429
420 429
401 430
402 430
403 430
404 430
405 430
406 430
407 430
408 430
409 430
410 430
412 430
413 430
414 430
415 430
416 430
417 430
418 430
420 430
401 431
402 431
403 431
405 431
407 431
408 431
412 431
413 431
414 431
416 431
417 431
419 431
401 432
402 432
403 432
404 432
406 432
407 432
410 432
411 432
412 432
413 432
414 432
415 432
416 432
418 432
419 432
401 433
403 433
404 433
405 433
406 433
407 433
408 433
409 433
410 433
411 433
412 433
413 433
414 433
415 433
417 433
418 433
420 433
401 434
402 434
403 434
405 434
407 434
409 434
410 434
411 434
412 434
413 434
414 434
415 434
416 434
418 434
419 434
402 435
403 435
404 435
405 435
406 435
407 435
409 435
411 435
412 435
413 435
414 435
417 435
418 435
419 435
420 435
401 436
402 436
404 436
405 436
406 436
407 436
408 436
409 436
413 436
414 436
415 436
416 436
418 436
419 436
420 436
401 437
402 437
403 437
404 437
405 437
406 437
407 437
409 437
412 437
414 437
415 437
416 437
417 437
418 437
420 437
401 438
402 438
403 438
404 438
405 438
406 438
407 438
409 438
410 438
411 438
412 438
416 438
417 438
418 438
419 438
420 438
402 439
404 439
405 439
406 439
408 439
410 439
412 439
413 439
414 439
415 439
416 439
417 439
418 439
419 439
420 439
401 440
402 440
403 440
404 440
405 440
406 440
408 440
409 440
410 440
411 440
412 440
413 440
414 440
416 440
417 440
418 440
419 440
420 440
423 441
424 441
426 441
427 441
428 441
429 441
430 441
433 441
434 441
435 441
436 441
437 441
439 441
440 441
421 442
422 442
423 442
424 442
426 442
427 442
428 442
429 442
431 442
432 442
433 442
435 442
436 442
437 442
438 442
439 442
440 442
421 443
422 443
423 443
424 443
425 443
427 443
429 443
430 443
431 443
433 443
434 443
435 443
437 443
439 443
421 444
422 444
424 444
425 444
427 444
428 444
431 444
432 444
433 444
434 444
435 444
436 444
437 444
438 444
439 444
421 445
422 445
423 445
424 445
425 445
426 445
427 445
428 445
429 445
431 445
432 445
433 445
434 445
435 445
436 445
437 445
438 445
439 445
440 445
421 446
422 446
425 446
428 446
429 446
430 446
431 446
434 446
437 446
438 446
439 446
440 446
421 447
422 447
423 447
425 447
427 447
429 447
431 447
434 447
436 447
438 447
439 447
440 447
422 448
423 448
424 448
425 448
427 448
428 448
429 448
431 448
432 448
433 448
434 448
435 448
437 448
438 448
439 448
440 448
422 449
423 449
424 449
425 449
426 449
427 449
428 449
429 449
430 449
432 449
433 449
435 449
436 449
437 449
438 449
440 449
421 450
423 450
424 450
425 450
426 450
428 450
430 450
431 450
433 450
434 450
435 450
436 450
437 450
439 450
440 450
421 451
422 451
424 451
425 451
426 451
427 451
428 451
429 451
430 451
432 451
434 451
435 451
436 451
438 451
422 452
423 452
424 452
425 452
426 452
427 452
428 452
429 452
430 452
431 452
432 452
433 452
435 452
436 452
437 452
438 452
439 452
440 452
421 453
422 453
423 453
424 453
427 453
428 453
429 453
431 453
432 453
433 453
434 453
436 453
437 453
439 453
440 453
421 454
422 454
423 454
424 454
425 454
426 454
427 454
428 454
429 454
430 454
431 454
432 454
433 454
435 454
436 454
437 454
438 454
439 454
440 454
421 455
422 455
423 455
424 455
425 455
426 455
427 455
428 455
429 455
431 455
432 455
435 455
436 455
437 455
438 455
439 455
440 455
421 456
422 456
423 456
425 456
426 456
427 456
428 456
430 456
431 456
433 456
434 456
435 456
436 456
437 456
438 456
439 456
440 456
421 457
422 457
424 457
425 457
426 457
427 457
431 457
432 457
434 457
435 457
436 457
437 457
438 457
440 457
421 458
422 458
423 458
424 458
425 458
426 458
428 458
430 458
433 458
434 458
435 458
436 458
437 458
438 458
439 458
421 459
422 459
423 459
424 459
426 459
427 459
429 459
430 459
431 459
432 459
434 459
435 459
436 459
437 459
438 459
439 459
424 460
428 460
429 460
430 460
431 460
432 460
433 460
434 460
435 460
436 460
437 460
438 460
439 460
440 460
441 461
443 461
444 461
445 461
446 461
447 461
449 461
450 461
451 461
452 461
453 461
454 461
455 461
456 461
457 461
459 461
460 461
441 462
442 462
443 462
447 462
449 462
451 462
453 462
456 462
457 462
458 462
460 462
441 463
442 463
443 463
444 463
446 463
447 463
448 463
449 463
450 463
451 463
452 463
454 463
456 463
458 463
459 463
460 463
441 464
443 464
445 464
447 464
448 464
449 464
451 464
453 464
454 464
456 464
457 464
458 464
459 464
460 464
441 465
442 465
443 465
444 465
445 465
446 465
447 465
448 465
449 465
450 465
451 465
453 465
454 465
455 465
457 465
459 465
441 466
442 466
443 466
445 466
446 466
447 466
448 466
449 466
450 466
451 466
452 466
453 466
454 466
456 466
457 466
458 466
460 466
441 467
442 467
443 467
444 467
445 467
446 467
447 467
449 467
450 467
451 467
453 467
454 467
455 467
457 467
458 467
459 467
460 467
441 468
442 468
443 468
444 468
445 468
446 468
447 468
448 468
449 468
450 468
453 468
454 468
457 468
458 468
459 468
460 468
441 469
442 469
444 469
445 469
446 469
447 469
448 469
450 469
451 469
452 469
453 469
459 469
460 469
441 470
443 470
444 470
445 470
447 470
449 470
450 470
451 470
452 470
454 470
455 470
456 470
457 470
458 470
459 470
442 471
443 471
444 471
445 471
446 471
447 471
448 471
449 471
452 471
453 471
454 471
455 471
456 471
457 471
458 471
459 471
460 471
441 472
442 472
443 472
444 472
445 472
446 472
448 472
449 472
452 472
453 472
454 472
455 472
457 472
459 472
460 472
441 473
444 473
446 473
447 473
448 473
449 473
450 473
452 473
453 473
454 473
455 473
456 473
457 473
458 473
459 473
460 473
441 474
442 474
443 474
444 474
447 474
451 474
452 474
453 474
454 474
455 474
458 474
459 474
460 474
441 475
443 475
444 475
445 475
446 475
448 475
449 475
450 475
454 475
455 475
456 475
457 475
458 475
460 475
441 476
442 476
443 476
445 476
446 476
447 476
448 476
449 476
450 476
451 476
452 476
453 476
455 476
456 476
457 476
458 476
459 476
460 476
441 477
442 477
443 477
444 477
446 477
447 477
448 477
449 477
450 477
451 477
452 477
454 477
455 477
458 477
460 477
441 478
442 478
443 478
444 478
446 478
448 478
450 478
451 478
454 478
456 478
457 478
458 478
459 478
460 478
441 479
442 479
445 479
446 479
448 479
449 479
450 479
451 479
452 479
453 479
454 479
455 479
458 479
441 480
442 480
443 480
444 480
445 480
446 480
447 480
448 480
449 480
450 480
451 480
452 480
453 480
454 480
455 480
457 480
458 480
459 480
460 480
462 481
465 481
469 481
471 481
472 481
475 481
476 481
477 481
479 481
462 482
463 482
464 482
465 482
466 482
467 482
468 482
469 482
471 482
472 482
474 482
475 482
478 482
479 482
480 482
461 483
462 483
463 483
465 483
466 483
470 483
471 483
472 483
473 483
474 483
476 483
477 483
480 483
461 484
462 484
463 484
465 484
466 484
468 484
469 484
470 484
471 484
472 484
473 484
474 484
475 484
476 484
478 484
479 484
480 484
462 485
463 485
465 485
466 485
467 485
468 485
469 485
470 485
471 485
472 485
473 485
474 485
475 485
476 485
477 485
478 485
479 485
480 485
461 486
462 486
465 486
466 486
467 486
468 486
469 486
470 486
471 486
472 486
473 486
474 486
475 486
476 486
478 486
479 486
461 487
462 487
465 487
466 487
467 487
468 487
470 487
472 487
473 487
475 487
476 487
478 487
479 487
480 487
461 488
464 488
465 488
466 488
467 488
468 488
469 488
470 488
471 488
472 488
473 488
474 488
476 488
477 488
478 488
479 488
480 488
462 489
465 489
467 489
468 489
469 489
470 489
471 489
472 489
474 489
475 489
476 489
478 489
480 489
461 490
462 490
463 490
464 490
466 490
467 490
468 490
471 490
472 490
473 490
474 490
475 490
476 490
477 490
479 490
480 490
462 491
463 491
464 491
466 491
467 491
469 491
470 491
472 491
473 491
474 491
476 491
477 491
478 491
479 491
480 491
463 492
464 492
465 492
466 492
467 492
468 492
470 492
471 492
472 492
473 492
474 492
475 492
476 492
477 492
478 492
479 492
480 492
461 493
462 493
464 493
465 493
466 493
467 493
468 493
469 493
471 493
472 493
473 493
476 493
477 493
478 493
479 493
480 493
461 494
462 494
464 494
465 494
466 494
467 494
468 494
469 494
470 494
471 494
472 494
475 494
477 494
478 494
479 494
480 494
461 495
463 495
467 495
470 495
471 495
473 495
474 495
475 495
476 495
479 495
480 495
461 496
462 496
464 496
465 496
466 496
467 496
469 496
471 496
472 496
475 496
477 496
480 496
461 497
462 497
463 497
464 497
465 497
467 497
468 497
469 497
472 497
473 497
474 497
476 497
477 497
479 497
461 498
464 498
465 498
466 498
467 498
468 498
469 498
471 498
472 498
473 498
475 498
476 498
477 498
479 498
480 498
461 499
462 499
463 499
464 499
466 499
467 499
468 499
469 499
470 499
472 499
473 499
475 499
476 499
477 499
478 499
479 499
480 499
461 500
462 500
463 500
464 500
465 500
467 500
468 500
469 500
470 500
471 500
472 500
473 500
474 500
475 500
477 500
478 500
479 500
480 500
