800 7753 40
20 20 20 20 20 20 20 20 20 20 20 20 20 20 20 20 20 20 20 20 20 20 20 20 20 20 20 20 20 20 20 20 20 20 20 20 20 20 20 20 
1 21
9 21
11 21
16 21
17 21
1 22
3 22
5 22
7 22
8 22
10 22
11 22
12 22
16 22
20 22
1 23
2 23
4 23
6 23
10 23
14 23
16 23
17 23
18 23
19 23
1 24
3 24
4 24
6 24
8 24
10 24
13 24
15 24
18 24
3 25
7 25
16 25
17 25
19 25
20 25
1 26
4 26
6 26
11 26
13 26
15 26
17 26
19 26
2 27
3 27
4 27
5 27
9 27
11 27
12 27
2 28
3 28
4 28
5 28
9 28
10 28
14 28
17 28
19 28
20 28
2 29
6 29
8 29
9 29
10 29
17 29
18 29
1 30
3 30
4 30
7 30
9 30
10 30
11 30
12 30
13 30
16 30
17 30
20 30
2 31
6 31
9 31
10 31
11 31
13 31
16 31
17 31
18 31
19 31
1 32
2 32
5 32
6 32
9 32
11 32
12 32
14 32
15 32
17 32
18 32
2 33
5 33
7 33
8 33
9 33
10 33
11 33
13 33
14 33
18 33
19 33
20 33
2 34
3 34
4 34
8 34
10 34
11 34
12 34
14 34
15 34
17 34
19 34
20 34
2 35
3 35
4 35
5 35
6 35
7 35
8 35
12 35
15 35
17 35
2 36
3 36
4 36
5 36
6 36
7 36
9 36
10 36
11 36
18 36
19 36
1 37
3 37
4 37
9 37
12 37
13 37
16 37
17 37
20 37
3 38
5 38
8 38
14 38
15 38
16 38
18 38
19 38
4 39
6 39
7 39
8 39
10 39
12 39
13 39
15 39
16 39
18 39
2 40
4 40
5 40
7 40
10 40
11 40
13 40
17 40
18 40
23 41
24 41
25 41
26 41
27 41
28 41
32 41
38 41
39 41
23 42
24 42
25 42
26 42
27 42
29 42
32 42
33 42
34 42
35 42
36 42
38 42
39 42
40 42
27 43
29 43
34 43
35 43
21 44
22 44
23 44
25 44
26 44
28 44
29 44
30 44
32 44
34 44
35 44
36 44
37 44
38 44
39 44
23 45
26 45
28 45
31 45
32 45
36 45
38 45
39 45
40 45
21 46
22 46
24 46
26 46
31 46
32 46
34 46
36 46
21 47
26 47
28 47
29 47
30 47
31 47
32 47
34 47
38 47
22 48
27 48
28 48
30 48
32 48
36 48
40 48
26 49
27 49
28 49
30 49
31 49
32 49
34 49
39 49
40 49
23 50
24 50
25 50
27 50
28 50
30 50
35 50
36 50
38 50
39 50
40 50
21 51
22 51
23 51
24 51
25 51
26 51
28 51
31 51
33 51
34 51
35 51
39 51
22 52
24 52
28 52
32 52
34 52
35 52
39 52
22 53
23 53
24 53
25 53
26 53
29 53
30 53
31 53
32 53
35 53
36 53
37 53
38 53
39 53
21 54
24 54
25 54
26 54
34 54
35 54
36 54
37 54
39 54
22 55
23 55
24 55
27 55
28 55
29 55
33 55
37 55
38 55
21 56
26 56
27 56
28 56
31 56
32 56
34 56
38 56
23 57
24 57
26 57
27 57
29 57
33 57
38 57
39 57
40 57
23 58
24 58
25 58
29 58
30 58
33 58
34 58
35 58
36 58
38 58
22 59
23 59
26 59
28 59
30 59
32 59
34 59
39 59
22 60
23 60
24 60
28 60
29 60
31 60
33 60
37 60
40 60
41 61
46 61
48 61
51 61
52 61
54 61
55 61
56 61
58 61
60 61
41 62
42 62
46 62
47 62
48 62
50 62
52 62
53 62
54 62
55 62
56 62
57 62
59 62
41 63
44 63
46 63
50 63
52 63
54 63
57 63
58 63
60 63
41 64
42 64
45 64
47 64
49 64
50 64
54 64
55 64
58 64
41 65
42 65
43 65
44 65
49 65
51 65
57 65
58 65
59 65
60 65
41 66
42 66
45 66
46 66
50 66
55 66
57 66
59 66
42 67
43 67
48 67
50 67
51 67
54 67
56 67
57 67
44 68
47 68
48 68
51 68
53 68
56 68
57 68
58 68
60 68
43 69
44 69
46 69
47 69
50 69
51 69
52 69
55 69
56 69
58 69
43 70
48 70
49 70
50 70
51 70
54 70
56 70
57 70
59 70
41 71
43 71
47 71
50 71
51 71
52 71
53 71
54 71
55 71
56 71
60 71
43 72
44 72
46 72
47 72
48 72
49 72
53 72
55 72
57 72
58 72
60 72
41 73
42 73
44 73
46 73
47 73
48 73
52 73
54 73
55 73
60 73
43 74
44 74
45 74
46 74
47 74
49 74
52 74
54 74
56 74
60 74
42 75
43 75
44 75
47 75
49 75
51 75
52 75
53 75
56 75
57 75
60 75
43 76
44 76
45 76
55 76
57 76
59 76
60 76
44 77
46 77
47 77
48 77
49 77
50 77
51 77
52 77
54 77
58 77
59 77
60 77
41 78
47 78
48 78
49 78
50 78
52 78
57 78
58 78
43 79
46 79
48 79
51 79
55 79
56 79
60 79
41 80
42 80
48 80
52 80
53 80
54 80
55 80
58 80
59 80
62 81
63 81
65 81
66 81
68 81
70 81
75 81
76 81
80 81
61 82
62 82
63 82
64 82
65 82
66 82
68 82
69 82
74 82
77 82
78 82
79 82
61 83
62 83
64 83
65 83
67 83
68 83
70 83
72 83
73 83
74 83
75 83
77 83
79 83
80 83
61 84
63 84
64 84
65 84
66 84
68 84
69 84
70 84
72 84
74 84
75 84
77 84
78 84
79 84
62 85
63 85
67 85
68 85
69 85
70 85
71 85
72 85
73 85
76 85
79 85
80 85
61 86
65 86
67 86
72 86
74 86
76 86
77 86
80 86
62 87
64 87
65 87
69 87
70 87
72 87
76 87
79 87
65 88
67 88
69 88
72 88
73 88
77 88
78 88
80 88
62 89
67 89
68 89
71 89
79 89
80 89
63 90
68 90
70 90
75 90
77 90
78 90
79 90
61 91
62 91
63 91
65 91
71 91
75 91
76 91
79 91
63 92
64 92
66 92
67 92
68 92
69 92
70 92
71 92
73 92
77 92
78 92
63 93
64 93
65 93
66 93
70 93
72 93
73 93
76 93
78 93
61 94
65 94
66 94
67 94
69 94
73 94
75 94
77 94
78 94
61 95
62 95
69 95
75 95
77 95
79 95
61 96
63 96
65 96
66 96
69 96
70 96
71 96
72 96
79 96
61 97
62 97
66 97
67 97
68 97
70 97
72 97
75 97
76 97
80 97
61 98
64 98
65 98
68 98
69 98
70 98
71 98
73 98
74 98
76 98
80 98
61 99
62 99
66 99
69 99
71 99
75 99
76 99
77 99
78 99
79 99
80 99
65 100
72 100
73 100
74 100
75 100
76 100
77 100
78 100
79 100
80 100
81 101
84 101
86 101
88 101
89 101
93 101
94 101
95 101
97 101
98 101
99 101
100 101
81 102
82 102
83 102
86 102
88 102
95 102
96 102
98 102
100 102
83 103
90 103
92 103
95 103
96 103
97 103
82 104
84 104
88 104
90 104
92 104
93 104
94 104
95 104
98 104
99 104
100 104
82 105
85 105
87 105
90 105
91 105
92 105
93 105
96 105
98 105
99 105
81 106
83 106
84 106
86 106
87 106
88 106
90 106
92 106
96 106
97 106
98 106
99 106
100 106
81 107
88 107
89 107
90 107
91 107
92 107
93 107
95 107
96 107
81 108
84 108
85 108
88 108
89 108
92 108
95 108
99 108
100 108
82 109
85 109
86 109
87 109
89 109
91 109
92 109
94 109
95 109
98 109
100 109
87 110
88 110
89 110
90 110
93 110
95 110
96 110
97 110
98 110
99 110
100 110
81 111
83 111
84 111
86 111
88 111
92 111
94 111
98 111
100 111
81 112
82 112
83 112
87 112
88 112
89 112
95 112
97 112
100 112
82 113
85 113
87 113
88 113
89 113
90 113
91 113
92 113
93 113
94 113
96 113
97 113
98 113
100 113
88 114
92 114
93 114
95 114
97 114
98 114
100 114
81 115
83 115
84 115
86 115
87 115
89 115
91 115
92 115
96 115
100 115
81 116
82 116
88 116
94 116
95 116
96 116
81 117
84 117
87 117
89 117
90 117
95 117
97 117
98 117
99 117
81 118
82 118
85 118
86 118
87 118
89 118
90 118
91 118
92 118
94 118
95 118
96 118
81 119
82 119
86 119
87 119
91 119
93 119
95 119
96 119
98 119
81 120
84 120
86 120
89 120
91 120
93 120
96 120
98 120
104 121
105 121
106 121
107 121
111 121
115 121
103 122
104 122
105 122
107 122
108 122
109 122
110 122
112 122
114 122
116 122
117 122
118 122
102 123
104 123
105 123
106 123
108 123
110 123
111 123
113 123
114 123
115 123
118 123
119 123
102 124
103 124
107 124
109 124
112 124
114 124
117 124
118 124
120 124
103 125
107 125
108 125
110 125
112 125
113 125
114 125
117 125
118 125
120 125
102 126
103 126
104 126
105 126
107 126
108 126
109 126
110 126
111 126
115 126
117 126
118 126
119 126
103 127
105 127
107 127
114 127
115 127
116 127
120 127
101 128
103 128
104 128
108 128
109 128
110 128
111 128
113 128
114 128
115 128
116 128
118 128
119 128
108 129
110 129
113 129
114 129
117 129
118 129
101 130
102 130
104 130
107 130
108 130
109 130
111 130
117 130
118 130
119 130
120 130
101 131
106 131
107 131
109 131
111 131
113 131
114 131
117 131
119 131
103 132
104 132
105 132
106 132
107 132
108 132
115 132
116 132
119 132
104 133
105 133
106 133
107 133
108 133
110 133
112 133
113 133
114 133
115 133
116 133
118 133
101 134
102 134
103 134
105 134
107 134
108 134
111 134
101 135
102 135
104 135
105 135
107 135
108 135
109 135
110 135
114 135
115 135
119 135
101 136
107 136
108 136
110 136
112 136
116 136
117 136
118 136
120 136
103 137
104 137
108 137
109 137
111 137
115 137
117 137
118 137
120 137
101 138
105 138
106 138
107 138
108 138
109 138
111 138
112 138
114 138
116 138
117 138
120 138
104 139
105 139
107 139
108 139
109 139
110 139
111 139
114 139
116 139
117 139
118 139
119 139
101 140
104 140
108 140
115 140
119 140
121 141
129 141
130 141
131 141
132 141
133 141
134 141
135 141
136 141
121 142
123 142
125 142
131 142
132 142
134 142
137 142
123 143
124 143
125 143
126 143
132 143
133 143
138 143
140 143
121 144
122 144
123 144
124 144
127 144
134 144
137 144
139 144
123 145
126 145
128 145
130 145
131 145
132 145
138 145
139 145
124 146
125 146
126 146
133 146
134 146
135 146
138 146
139 146
121 147
123 147
125 147
126 147
129 147
130 147
131 147
132 147
133 147
135 147
137 147
138 147
140 147
121 148
122 148
124 148
125 148
128 148
129 148
131 148
132 148
136 148
138 148
140 148
128 149
130 149
132 149
134 149
135 149
136 149
137 149
139 149
140 149
121 150
123 150
127 150
128 150
129 150
130 150
131 150
132 150
133 150
134 150
135 150
136 150
138 150
139 150
121 151
122 151
124 151
125 151
127 151
129 151
134 151
136 151
137 151
121 152
125 152
126 152
129 152
130 152
131 152
133 152
134 152
138 152
140 152
121 153
122 153
125 153
126 153
127 153
129 153
130 153
133 153
138 153
139 153
122 154
124 154
125 154
126 154
127 154
129 154
131 154
133 154
137 154
138 154
140 154
121 155
123 155
124 155
127 155
130 155
134 155
136 155
137 155
139 155
121 156
123 156
125 156
126 156
127 156
128 156
130 156
134 156
136 156
140 156
124 157
125 157
127 157
128 157
130 157
132 157
133 157
135 157
136 157
137 157
139 157
140 157
123 158
125 158
130 158
133 158
134 158
136 158
139 158
122 159
124 159
125 159
126 159
130 159
131 159
134 159
135 159
136 159
137 159
138 159
140 159
121 160
124 160
126 160
128 160
131 160
133 160
135 160
136 160
137 160
141 161
143 161
148 161
149 161
150 161
151 161
154 161
156 161
157 161
158 161
159 161
142 162
143 162
147 162
148 162
151 162
152 162
155 162
142 163
143 163
144 163
145 163
149 163
150 163
151 163
152 163
155 163
156 163
159 163
142 164
143 164
145 164
148 164
152 164
154 164
155 164
156 164
157 164
160 164
143 165
144 165
146 165
147 165
148 165
149 165
151 165
152 165
158 165
159 165
160 165
141 166
142 166
148 166
150 166
152 166
153 166
157 166
158 166
145 167
146 167
148 167
151 167
152 167
154 167
158 167
159 167
142 168
143 168
148 168
149 168
151 168
152 168
153 168
154 168
157 168
158 168
160 168
141 169
142 169
145 169
146 169
147 169
149 169
150 169
152 169
154 169
155 169
159 169
143 170
144 170
147 170
149 170
150 170
152 170
153 170
154 170
156 170
160 170
143 171
147 171
148 171
151 171
154 171
155 171
156 171
160 171
141 172
142 172
146 172
151 172
152 172
154 172
155 172
156 172
160 172
141 173
142 173
143 173
145 173
146 173
149 173
152 173
157 173
158 173
159 173
160 173
142 174
143 174
144 174
145 174
147 174
151 174
152 174
155 174
156 174
158 174
142 175
143 175
144 175
146 175
150 175
151 175
152 175
153 175
154 175
155 175
158 175
160 175
145 176
146 176
150 176
153 176
154 176
156 176
158 176
160 176
150 177
151 177
153 177
154 177
156 177
159 177
160 177
144 178
145 178
146 178
148 178
149 178
150 178
153 178
155 178
156 178
157 178
158 178
159 178
141 179
142 179
144 179
145 179
147 179
148 179
149 179
150 179
152 179
153 179
154 179
156 179
158 179
160 179
142 180
143 180
145 180
146 180
147 180
155 180
159 180
161 181
164 181
165 181
166 181
167 181
171 181
172 181
174 181
177 181
178 181
161 182
163 182
164 182
167 182
170 182
171 182
172 182
178 182
179 182
162 183
164 183
166 183
168 183
169 183
170 183
173 183
161 184
162 184
164 184
167 184
168 184
170 184
173 184
177 184
178 184
179 184
165 185
167 185
168 185
170 185
172 185
174 185
175 185
177 185
178 185
179 185
180 185
165 186
168 186
169 186
171 186
172 186
173 186
178 186
179 186
166 187
171 187
174 187
175 187
176 187
178 187
162 188
164 188
165 188
166 188
171 188
173 188
175 188
176 188
177 188
179 188
162 189
163 189
165 189
168 189
170 189
171 189
172 189
174 189
176 189
177 189
179 189
180 189
170 190
173 190
174 190
175 190
178 190
179 190
162 191
167 191
168 191
170 191
171 191
172 191
175 191
178 191
180 191
164 192
166 192
171 192
173 192
176 192
178 192
179 192
180 192
161 193
163 193
165 193
167 193
168 193
169 193
170 193
171 193
172 193
174 193
177 193
179 193
165 194
166 194
169 194
171 194
172 194
175 194
161 195
162 195
163 195
165 195
166 195
171 195
172 195
174 195
176 195
177 195
178 195
179 195
180 195
164 196
169 196
171 196
174 196
178 196
162 197
163 197
164 197
166 197
168 197
170 197
175 197
178 197
180 197
163 198
167 198
168 198
169 198
171 198
172 198
175 198
176 198
178 198
180 198
161 199
164 199
166 199
167 199
168 199
171 199
176 199
177 199
165 200
168 200
170 200
171 200
173 200
175 200
176 200
179 200
180 200
182 201
184 201
185 201
188 201
189 201
193 201
194 201
196 201
198 201
199 201
183 202
184 202
185 202
186 202
188 202
190 202
191 202
192 202
198 202
199 202
200 202
184 203
185 203
186 203
189 203
191 203
193 203
197 203
198 203
199 203
181 204
183 204
184 204
188 204
189 204
190 204
195 204
196 204
181 205
182 205
188 205
189 205
190 205
191 205
198 205
199 205
181 206
182 206
183 206
187 206
188 206
189 206
190 206
191 206
192 206
193 206
194 206
195 206
196 206
200 206
183 207
184 207
188 207
189 207
190 207
191 207
193 207
195 207
196 207
199 207
200 207
181 208
182 208
183 208
184 208
185 208
186 208
187 208
188 208
189 208
192 208
195 208
200 208
182 209
184 209
185 209
187 209
188 209
190 209
192 209
194 209
195 209
197 209
198 209
200 209
182 210
183 210
184 210
186 210
187 210
188 210
190 210
192 210
194 210
198 210
199 210
200 210
181 211
183 211
185 211
187 211
188 211
191 211
192 211
197 211
199 211
200 211
181 212
182 212
183 212
189 212
190 212
191 212
195 212
198 212
199 212
184 213
185 213
187 213
188 213
193 213
194 213
195 213
197 213
199 213
200 213
183 214
187 214
188 214
189 214
190 214
194 214
196 214
197 214
199 214
181 215
185 215
186 215
187 215
189 215
190 215
191 215
193 215
194 215
195 215
196 215
197 215
198 215
199 215
200 215
181 216
182 216
187 216
188 216
191 216
192 216
193 216
195 216
197 216
198 216
200 216
184 217
185 217
188 217
193 217
194 217
195 217
198 217
199 217
200 217
182 218
184 218
187 218
190 218
191 218
196 218
197 218
200 218
181 219
183 219
185 219
187 219
189 219
190 219
191 219
194 219
196 219
197 219
198 219
199 219
185 220
187 220
188 220
190 220
191 220
198 220
203 221
204 221
207 221
209 221
211 221
212 221
214 221
215 221
216 221
217 221
219 221
202 222
206 222
207 222
208 222
210 222
211 222
212 222
213 222
214 222
215 222
216 222
220 222
202 223
203 223
206 223
215 223
216 223
219 223
201 224
203 224
204 224
207 224
211 224
212 224
216 224
217 224
220 224
202 225
205 225
206 225
214 225
219 225
201 226
202 226
204 226
206 226
215 226
216 226
217 226
220 226
205 227
207 227
209 227
210 227
211 227
213 227
214 227
215 227
216 227
217 227
220 227
201 228
202 228
203 228
204 228
206 228
207 228
208 228
212 228
215 228
217 228
218 228
202 229
203 229
205 229
206 229
207 229
210 229
211 229
212 229
213 229
216 229
217 229
205 230
206 230
208 230
209 230
210 230
213 230
215 230
218 230
220 230
201 231
203 231
205 231
206 231
207 231
209 231
212 231
213 231
218 231
201 232
209 232
211 232
214 232
215 232
218 232
203 233
204 233
209 233
210 233
211 233
212 233
213 233
215 233
216 233
217 233
219 233
203 234
204 234
205 234
207 234
208 234
209 234
212 234
213 234
216 234
217 234
218 234
206 235
207 235
208 235
211 235
213 235
217 235
218 235
219 235
202 236
204 236
205 236
207 236
208 236
211 236
212 236
214 236
216 236
219 236
201 237
204 237
205 237
206 237
209 237
211 237
212 237
214 237
216 237
217 237
219 237
202 238
208 238
210 238
212 238
213 238
214 238
217 238
219 238
220 238
204 239
205 239
208 239
210 239
212 239
213 239
214 239
217 239
220 239
202 240
203 240
204 240
205 240
207 240
208 240
210 240
211 240
213 240
216 240
217 240
218 240
219 240
220 240
226 241
227 241
229 241
231 241
232 241
234 241
235 241
237 241
240 241
222 242
223 242
224 242
225 242
228 242
229 242
230 242
233 242
236 242
238 242
239 242
221 243
223 243
225 243
228 243
230 243
233 243
237 243
238 243
221 244
226 244
227 244
228 244
230 244
233 244
235 244
238 244
221 245
225 245
228 245
230 245
231 245
238 245
239 245
240 245
221 246
226 246
228 246
229 246
231 246
232 246
233 246
235 246
236 246
238 246
230 247
233 247
234 247
235 247
236 247
238 247
240 247
221 248
222 248
223 248
227 248
230 248
236 248
237 248
238 248
223 249
224 249
225 249
226 249
227 249
231 249
232 249
237 249
238 249
222 250
223 250
224 250
225 250
227 250
229 250
233 250
234 250
235 250
236 250
237 250
238 250
239 250
240 250
223 251
224 251
226 251
228 251
231 251
232 251
233 251
235 251
236 251
237 251
239 251
240 251
222 252
224 252
225 252
226 252
227 252
228 252
229 252
230 252
231 252
232 252
233 252
235 252
238 252
224 253
225 253
228 253
230 253
232 253
233 253
234 253
236 253
237 253
239 253
240 253
221 254
222 254
223 254
224 254
226 254
228 254
229 254
230 254
232 254
233 254
234 254
235 254
239 254
221 255
223 255
224 255
225 255
228 255
229 255
230 255
231 255
233 255
235 255
236 255
240 255
221 256
222 256
223 256
224 256
227 256
230 256
231 256
232 256
233 256
234 256
238 256
240 256
221 257
223 257
227 257
231 257
232 257
234 257
240 257
221 258
222 258
224 258
227 258
229 258
231 258
233 258
234 258
238 258
239 258
223 259
224 259
226 259
229 259
230 259
231 259
232 259
233 259
234 259
235 259
237 259
223 260
226 260
228 260
232 260
233 260
236 260
237 260
238 260
239 260
240 260
242 261
244 261
246 261
247 261
250 261
253 261
258 261
259 261
242 262
243 262
244 262
246 262
247 262
249 262
252 262
253 262
254 262
255 262
258 262
259 262
241 263
245 263
249 263
251 263
252 263
254 263
255 263
256 263
257 263
258 263
260 263
244 264
245 264
246 264
247 264
248 264
252 264
255 264
256 264
259 264
260 264
241 265
242 265
244 265
246 265
249 265
250 265
251 265
259 265
241 266
243 266
246 266
248 266
249 266
254 266
256 266
259 266
260 266
244 267
245 267
246 267
247 267
249 267
250 267
251 267
253 267
255 267
256 267
257 267
259 267
243 268
244 268
249 268
250 268
251 268
252 268
254 268
255 268
258 268
259 268
241 269
243 269
246 269
253 269
255 269
256 269
259 269
245 270
248 270
251 270
252 270
254 270
257 270
241 271
242 271
244 271
245 271
246 271
247 271
249 271
250 271
251 271
252 271
254 271
255 271
256 271
257 271
258 271
259 271
242 272
243 272
245 272
246 272
247 272
250 272
251 272
252 272
253 272
257 272
243 273
246 273
248 273
249 273
258 273
259 273
243 274
244 274
245 274
247 274
252 274
253 274
254 274
256 274
258 274
260 274
241 275
243 275
244 275
245 275
247 275
249 275
250 275
253 275
254 275
255 275
256 275
258 275
259 275
260 275
242 276
243 276
246 276
247 276
248 276
249 276
250 276
251 276
252 276
254 276
255 276
258 276
260 276
241 277
242 277
243 277
244 277
246 277
247 277
249 277
250 277
255 277
257 277
243 278
244 278
246 278
247 278
248 278
249 278
253 278
255 278
256 278
258 278
259 278
260 278
241 279
242 279
243 279
244 279
245 279
247 279
248 279
249 279
252 279
253 279
254 279
256 279
258 279
241 280
243 280
246 280
248 280
249 280
250 280
251 280
256 280
258 280
260 280
263 281
267 281
270 281
275 281
276 281
277 281
280 281
262 282
265 282
266 282
269 282
270 282
271 282
272 282
275 282
276 282
280 282
265 283
267 283
269 283
270 283
272 283
273 283
274 283
275 283
276 283
277 283
261 284
263 284
264 284
266 284
267 284
268 284
270 284
271 284
273 284
275 284
277 284
278 284
279 284
280 284
261 285
262 285
264 285
266 285
267 285
268 285
269 285
270 285
272 285
273 285
275 285
276 285
277 285
279 285
280 285
262 286
263 286
264 286
266 286
267 286
268 286
269 286
270 286
273 286
275 286
276 286
278 286
280 286
262 287
263 287
264 287
266 287
267 287
268 287
270 287
274 287
278 287
279 287
280 287
265 288
266 288
267 288
273 288
275 288
277 288
278 288
261 289
263 289
267 289
269 289
273 289
274 289
277 289
278 289
280 289
264 290
267 290
268 290
269 290
270 290
273 290
275 290
276 290
277 290
278 290
279 290
264 291
266 291
267 291
268 291
269 291
270 291
272 291
273 291
275 291
280 291
262 292
263 292
265 292
268 292
269 292
270 292
271 292
272 292
274 292
276 292
277 292
278 292
279 292
280 292
262 293
263 293
265 293
266 293
267 293
269 293
271 293
273 293
274 293
276 293
278 293
280 293
261 294
263 294
264 294
266 294
269 294
272 294
273 294
274 294
275 294
278 294
279 294
262 295
263 295
264 295
265 295
266 295
268 295
272 295
273 295
275 295
276 295
278 295
279 295
262 296
263 296
265 296
267 296
269 296
274 296
275 296
276 296
277 296
279 296
261 297
262 297
263 297
266 297
268 297
269 297
270 297
275 297
278 297
279 297
280 297
265 298
266 298
268 298
269 298
273 298
275 298
276 298
279 298
262 299
264 299
265 299
267 299
268 299
272 299
273 299
274 299
275 299
276 299
279 299
261 300
262 300
266 300
269 300
270 300
276 300
277 300
279 300
282 301
283 301
286 301
287 301
289 301
290 301
291 301
294 301
296 301
297 301
298 301
281 302
282 302
283 302
284 302
288 302
289 302
293 302
296 302
298 302
283 303
285 303
287 303
288 303
289 303
292 303
295 303
296 303
297 303
300 303
281 304
282 304
284 304
285 304
286 304
287 304
288 304
294 304
295 304
299 304
300 304
281 305
284 305
286 305
287 305
288 305
290 305
292 305
293 305
296 305
297 305
298 305
281 306
286 306
293 306
296 306
281 307
282 307
286 307
287 307
291 307
294 307
295 307
297 307
300 307
282 308
284 308
286 308
287 308
288 308
293 308
294 308
296 308
298 308
300 308
281 309
282 309
284 309
286 309
287 309
289 309
290 309
291 309
292 309
293 309
294 309
295 309
296 309
298 309
299 309
281 310
282 310
284 310
285 310
287 310
288 310
289 310
290 310
292 310
294 310
297 310
298 310
284 311
285 311
288 311
289 311
290 311
292 311
294 311
297 311
299 311
283 312
286 312
287 312
288 312
290 312
292 312
296 312
297 312
298 312
300 312
282 313
283 313
287 313
288 313
290 313
292 313
295 313
296 313
298 313
281 314
282 314
286 314
287 314
288 314
289 314
290 314
291 314
295 314
297 314
298 314
299 314
281 315
284 315
285 315
289 315
291 315
298 315
300 315
282 316
285 316
288 316
290 316
292 316
293 316
294 316
296 316
297 316
298 316
300 316
282 317
286 317
287 317
290 317
292 317
295 317
297 317
298 317
300 317
282 318
283 318
285 318
286 318
287 318
288 318
290 318
291 318
293 318
294 318
296 318
298 318
281 319
283 319
287 319
289 319
294 319
295 319
297 319
299 319
300 319
281 320
282 320
286 320
287 320
288 320
292 320
295 320
298 320
305 321
307 321
310 321
311 321
312 321
314 321
315 321
317 321
318 321
319 321
320 321
303 322
304 322
308 322
310 322
311 322
313 322
316 322
317 322
318 322
319 322
320 322
301 323
303 323
304 323
309 323
310 323
311 323
312 323
313 323
315 323
316 323
317 323
319 323
320 323
301 324
305 324
306 324
307 324
308 324
310 324
312 324
313 324
316 324
318 324
319 324
320 324
301 325
304 325
305 325
308 325
309 325
310 325
311 325
313 325
317 325
320 325
302 326
303 326
304 326
305 326
306 326
307 326
308 326
309 326
312 326
313 326
316 326
317 326
320 326
301 327
303 327
304 327
308 327
311 327
312 327
313 327
314 327
315 327
317 327
318 327
320 327
302 328
304 328
305 328
306 328
311 328
312 328
313 328
314 328
315 328
316 328
317 328
319 328
320 328
301 329
307 329
308 329
309 329
311 329
312 329
316 329
317 329
319 329
320 329
301 330
302 330
304 330
311 330
312 330
313 330
314 330
315 330
318 330
320 330
303 331
304 331
305 331
307 331
308 331
309 331
310 331
311 331
314 331
319 331
320 331
303 332
304 332
305 332
306 332
309 332
311 332
313 332
315 332
316 332
319 332
302 333
303 333
305 333
306 333
310 333
311 333
312 333
314 333
316 333
317 333
318 333
319 333
320 333
303 334
307 334
308 334
309 334
310 334
314 334
316 334
318 334
319 334
320 334
302 335
303 335
305 335
307 335
309 335
311 335
313 335
314 335
315 335
316 335
318 335
304 336
306 336
307 336
308 336
309 336
310 336
313 336
317 336
318 336
302 337
304 337
305 337
306 337
307 337
308 337
311 337
312 337
315 337
317 337
318 337
319 337
320 337
301 338
304 338
305 338
308 338
309 338
311 338
313 338
314 338
315 338
316 338
317 338
318 338
301 339
303 339
305 339
307 339
309 339
311 339
313 339
318 339
301 340
303 340
304 340
307 340
308 340
309 340
310 340
316 340
317 340
318 340
319 340
321 341
322 341
323 341
326 341
329 341
330 341
331 341
332 341
333 341
335 341
339 341
340 341
322 342
323 342
324 342
326 342
327 342
328 342
329 342
332 342
334 342
336 342
338 342
340 342
321 343
323 343
325 343
327 343
328 343
330 343
331 343
332 343
338 343
324 344
325 344
328 344
329 344
330 344
334 344
336 344
337 344
340 344
321 345
324 345
325 345
329 345
333 345
335 345
337 345
338 345
340 345
323 346
324 346
325 346
326 346
328 346
332 346
333 346
335 346
338 346
340 346
321 347
322 347
323 347
328 347
330 347
332 347
334 347
335 347
336 347
337 347
338 347
340 347
322 348
323 348
324 348
326 348
329 348
331 348
332 348
333 348
335 348
337 348
338 348
340 348
321 349
323 349
324 349
326 349
334 349
336 349
337 349
322 350
323 350
324 350
325 350
326 350
327 350
328 350
329 350
331 350
334 350
335 350
338 350
339 350
321 351
326 351
327 351
334 351
335 351
336 351
338 351
322 352
328 352
336 352
338 352
339 352
322 353
323 353
325 353
327 353
328 353
330 353
331 353
332 353
333 353
335 353
337 353
338 353
339 353
325 354
326 354
329 354
330 354
331 354
332 354
334 354
335 354
337 354
340 354
325 355
329 355
331 355
332 355
333 355
335 355
336 355
337 355
338 355
339 355
322 356
323 356
324 356
325 356
327 356
328 356
329 356
330 356
332 356
335 356
336 356
337 356
321 357
324 357
325 357
327 357
328 357
329 357
331 357
333 357
334 357
338 357
339 357
322 358
324 358
325 358
327 358
328 358
330 358
331 358
334 358
335 358
337 358
338 358
340 358
322 359
323 359
324 359
326 359
328 359
330 359
334 359
337 359
339 359
321 360
322 360
323 360
325 360
327 360
328 360
330 360
333 360
338 360
340 360
346 361
347 361
349 361
351 361
352 361
354 361
355 361
356 361
358 361
359 361
360 361
341 362
347 362
350 362
351 362
352 362
354 362
358 362
360 362
341 363
346 363
348 363
349 363
352 363
353 363
354 363
357 363
359 363
341 364
343 364
345 364
350 364
352 364
353 364
354 364
357 364
358 364
360 364
341 365
342 365
344 365
348 365
349 365
350 365
353 365
354 365
356 365
358 365
360 365
341 366
344 366
345 366
347 366
350 366
353 366
354 366
355 366
356 366
341 367
342 367
343 367
347 367
348 367
354 367
355 367
356 367
357 367
358 367
360 367
341 368
345 368
347 368
349 368
356 368
357 368
359 368
342 369
344 369
345 369
346 369
347 369
351 369
360 369
341 370
342 370
343 370
344 370
350 370
351 370
353 370
356 370
357 370
358 370
359 370
360 370
341 371
342 371
344 371
345 371
346 371
347 371
349 371
353 371
358 371
343 372
344 372
346 372
349 372
351 372
352 372
354 372
355 372
357 372
359 372
360 372
341 373
343 373
344 373
345 373
346 373
348 373
350 373
352 373
354 373
355 373
360 373
341 374
345 374
346 374
347 374
349 374
351 374
352 374
353 374
357 374
358 374
360 374
341 375
343 375
344 375
345 375
347 375
349 375
350 375
351 375
354 375
355 375
356 375
357 375
359 375
342 376
344 376
346 376
347 376
348 376
349 376
351 376
355 376
357 376
358 376
359 376
342 377
345 377
349 377
350 377
351 377
353 377
355 377
357 377
360 377
341 378
344 378
345 378
347 378
348 378
349 378
350 378
351 378
353 378
356 378
358 378
341 379
342 379
346 379
347 379
348 379
351 379
352 379
355 379
359 379
360 379
341 380
343 380
345 380
347 380
352 380
353 380
354 380
356 380
358 380
361 381
362 381
363 381
364 381
366 381
367 381
368 381
373 381
374 381
361 382
363 382
366 382
367 382
368 382
370 382
372 382
373 382
361 383
362 383
365 383
366 383
368 383
369 383
370 383
371 383
372 383
374 383
375 383
376 383
379 383
362 384
364 384
367 384
368 384
370 384
371 384
372 384
375 384
376 384
379 384
380 384
361 385
363 385
365 385
367 385
371 385
372 385
373 385
376 385
380 385
361 386
362 386
363 386
366 386
367 386
368 386
370 386
372 386
373 386
374 386
375 386
377 386
378 386
379 386
380 386
361 387
362 387
365 387
368 387
370 387
371 387
372 387
375 387
376 387
377 387
379 387
369 388
370 388
371 388
372 388
375 388
376 388
377 388
380 388
361 389
362 389
363 389
364 389
366 389
367 389
368 389
369 389
372 389
373 389
375 389
376 389
377 389
378 389
379 389
380 389
364 390
365 390
367 390
368 390
369 390
370 390
372 390
373 390
375 390
378 390
380 390
361 391
365 391
367 391
370 391
371 391
373 391
376 391
377 391
378 391
366 392
367 392
368 392
373 392
376 392
377 392
379 392
380 392
362 393
364 393
365 393
366 393
368 393
369 393
371 393
378 393
380 393
361 394
364 394
369 394
370 394
371 394
373 394
375 394
376 394
377 394
378 394
379 394
365 395
366 395
367 395
368 395
369 395
370 395
372 395
375 395
377 395
361 396
367 396
369 396
370 396
371 396
373 396
374 396
375 396
376 396
380 396
363 397
366 397
369 397
370 397
375 397
376 397
378 397
379 397
380 397
362 398
363 398
364 398
366 398
367 398
368 398
369 398
372 398
375 398
378 398
379 398
380 398
361 399
362 399
364 399
366 399
367 399
368 399
370 399
371 399
373 399
374 399
378 399
379 399
380 399
362 400
365 400
367 400
369 400
370 400
371 400
372 400
373 400
374 400
375 400
376 400
378 400
379 400
380 400
381 401
382 401
383 401
385 401
387 401
388 401
390 401
391 401
392 401
394 401
396 401
399 401
381 402
383 402
385 402
389 402
390 402
394 402
395 402
396 402
398 402
400 402
381 403
383 403
385 403
389 403
393 403
394 403
395 403
396 403
397 403
398 403
399 403
382 404
383 404
386 404
387 404
391 404
392 404
393 404
394 404
395 404
398 404
381 405
382 405
384 405
388 405
390 405
391 405
392 405
393 405
395 405
397 405
400 405
381 406
389 406
392 406
395 406
396 406
397 406
398 406
381 407
382 407
384 407
385 407
386 407
388 407
389 407
390 407
391 407
392 407
394 407
398 407
382 408
383 408
386 408
387 408
392 408
395 408
383 409
384 409
389 409
390 409
391 409
394 409
395 409
396 409
397 409
382 410
383 410
384 410
390 410
392 410
393 410
394 410
395 410
396 410
397 410
398 410
400 410
382 411
388 411
389 411
390 411
392 411
393 411
394 411
398 411
399 411
381 412
382 412
384 412
385 412
389 412
391 412
392 412
393 412
395 412
396 412
397 412
383 413
385 413
388 413
389 413
395 413
396 413
398 413
381 414
382 414
383 414
384 414
386 414
387 414
391 414
392 414
394 414
395 414
398 414
399 414
400 414
383 415
387 415
388 415
389 415
391 415
392 415
395 415
398 415
383 416
384 416
389 416
390 416
391 416
392 416
393 416
395 416
397 416
400 416
381 417
382 417
383 417
386 417
388 417
389 417
399 417
400 417
385 418
387 418
388 418
392 418
394 418
395 418
396 418
398 418
399 418
386 419
390 419
393 419
396 419
400 419
381 420
382 420
383 420
386 420
387 420
388 420
393 420
396 420
397 420
404 421
405 421
406 421
407 421
409 421
410 421
411 421
413 421
414 421
415 421
416 421
417 421
418 421
419 421
401 422
402 422
405 422
406 422
407 422
408 422
410 422
411 422
412 422
413 422
414 422
415 422
416 422
417 422
418 422
419 422
420 422
403 423
406 423
410 423
411 423
413 423
417 423
418 423
402 424
403 424
405 424
406 424
409 424
415 424
417 424
419 424
420 424
401 425
410 425
412 425
413 425
414 425
415 425
417 425
418 425
401 426
402 426
403 426
404 426
405 426
406 426
409 426
410 426
413 426
415 426
416 426
419 426
420 426
401 427
402 427
404 427
406 427
410 427
411 427
412 427
413 427
414 427
418 427
419 427
420 427
401 428
402 428
403 428
405 428
407 428
408 428
409 428
410 428
411 428
413 428
414 428
415 428
417 428
418 428
404 429
408 429
409 429
410 429
411 429
413 429
415 429
416 429
419 429
401 430
402 430
403 430
405 430
406 430
407 430
415 430
416 430
417 430
401 431
402 431
403 431
407 431
408 431
412 431
414 431
416 431
419 431
401 432
403 432
404 432
407 432
410 432
411 432
412 432
413 432
414 432
415 432
416 432
418 432
403 433
404 433
405 433
406 433
407 433
408 433
409 433
410 433
411 433
412 433
415 433
417 433
418 433
420 433
401 434
402 434
405 434
410 434
411 434
412 434
413 434
415 434
416 434
419 434
403 435
404 435
405 435
407 435
411 435
413 435
414 435
418 435
420 435
404 436
405 436
406 436
408 436
409 436
413 436
415 436
418 436
419 436
401 437
402 437
406 437
407 437
409 437
414 437
417 437
403 438
407 438
410 438
411 438
417 438
419 438
402 439
404 439
406 439
408 439
410 439
412 439
414 439
415 439
416 439
417 439
418 439
420 439
401 440
402 440
405 440
406 440
408 440
410 440
413 440
414 440
416 440
427 441
428 441
429 441
433 441
434 441
435 441
436 441
439 441
421 442
422 442
423 442
424 442
426 442
427 442
429 442
431 442
432 442
437 442
438 442
421 443
422 443
424 443
425 443
429 443
430 443
434 443
435 443
437 443
439 443
424 444
425 444
428 444
431 444
432 444
433 444
436 444
424 445
425 445
426 445
427 445
429 445
434 445
436 445
438 445
439 445
440 445
421 446
422 446
425 446
428 446
429 446
431 446
434 446
437 446
439 446
440 446
422 447
425 447
427 447
429 447
431 447
434 447
436 447
439 447
440 447
422 448
424 448
425 448
428 448
431 448
432 448
437 448
439 448
440 448
424 449
425 449
426 449
427 449
432 449
433 449
436 449
438 449
440 449
421 450
423 450
424 450
425 450
426 450
428 450
430 450
433 450
435 450
436 450
437 450
440 450
422 451
424 451
425 451
427 451
429 451
430 451
434 451
435 451
436 451
424 452
426 452
427 452
428 452
429 452
430 452
431 452
432 452
433 452
436 452
437 452
438 452
439 452
440 452
421 453
424 453
428 453
429 453
432 453
434 453
436 453
437 453
421 454
424 454
427 454
428 454
429 454
431 454
432 454
433 454
435 454
436 454
440 454
421 455
424 455
426 455
429 455
432 455
436 455
437 455
439 455
421 456
422 456
423 456
426 456
427 456
428 456
430 456
431 456
433 456
434 456
435 456
436 456
437 456
438 456
440 456
424 457
426 457
427 457
431 457
434 457
435 457
437 457
440 457
421 458
423 458
426 458
428 458
430 458
434 458
436 458
439 458
421 459
422 459
423 459
424 459
427 459
429 459
431 459
432 459
434 459
436 459
437 459
438 459
439 459
428 460
430 460
432 460
435 460
436 460
437 460
438 460
439 460
443 461
444 461
445 461
447 461
449 461
450 461
453 461
455 461
456 461
441 462
443 462
447 462
449 462
451 462
458 462
460 462
441 463
442 463
443 463
444 463
446 463
448 463
449 463
450 463
454 463
456 463
458 463
459 463
443 464
447 464
451 464
457 464
458 464
459 464
441 465
442 465
443 465
444 465
445 465
446 465
447 465
448 465
449 465
450 465
451 465
453 465
454 465
455 465
457 465
459 465
441 466
442 466
443 466
445 466
447 466
452 466
454 466
457 466
460 466
445 467
446 467
449 467
450 467
451 467
454 467
455 467
458 467
459 467
460 467
443 468
444 468
445 468
446 468
447 468
450 468
453 468
457 468
460 468
441 469
442 469
445 469
446 469
448 469
450 469
451 469
452 469
453 469
459 469
460 469
441 470
443 470
445 470
449 470
451 470
452 470
454 470
455 470
457 470
458 470
459 470
442 471
443 471
445 471
447 471
448 471
449 471
453 471
455 471
456 471
460 471
442 472
443 472
446 472
448 472
449 472
452 472
455 472
457 472
459 472
441 473
444 473
446 473
448 473
450 473
452 473
455 473
456 473
458 473
441 474
442 474
443 474
444 474
447 474
452 474
453 474
455 474
459 474
441 475
443 475
444 475
445 475
448 475
450 475
454 475
455 475
456 475
457 475
458 475
460 475
441 476
446 476
447 476
448 476
451 476
452 476
453 476
455 476
457 476
458 476
459 476
460 476
441 477
447 477
448 477
449 477
450 477
451 477
458 477
460 477
441 478
442 478
443 478
444 478
448 478
451 478
454 478
456 478
457 478
459 478
460 478
442 479
448 479
449 479
451 479
454 479
455 479
458 479
441 480
442 480
444 480
445 480
446 480
448 480
450 480
452 480
453 480
455 480
457 480
458 480
459 480
472 481
475 481
479 481
462 482
464 482
465 482
466 482
467 482
468 482
471 482
474 482
478 482
479 482
480 482
462 483
465 483
470 483
471 483
472 483
473 483
474 483
477 483
480 483
462 484
463 484
466 484
468 484
469 484
470 484
471 484
472 484
473 484
474 484
475 484
476 484
478 484
462 485
463 485
465 485
466 485
467 485
468 485
471 485
473 485
476 485
477 485
480 485
462 486
466 486
467 486
468 486
469 486
470 486
472 486
478 486
479 486
462 487
466 487
467 487
468 487
470 487
473 487
475 487
476 487
479 487
480 487
461 488
464 488
465 488
468 488
470 488
471 488
472 488
473 488
474 488
479 488
462 489
465 489
470 489
471 489
472 489
474 489
476 489
478 489
461 490
462 490
463 490
467 490
468 490
472 490
474 490
475 490
479 490
480 490
462 491
463 491
464 491
467 491
474 491
476 491
477 491
478 491
479 491
480 491
464 492
465 492
466 492
468 492
470 492
471 492
472 492
474 492
475 492
476 492
478 492
480 492
461 493
462 493
464 493
466 493
467 493
468 493
469 493
471 493
472 493
473 493
476 493
478 493
479 493
461 494
464 494
465 494
466 494
467 494
468 494
469 494
470 494
471 494
472 494
477 494
478 494
461 495
463 495
471 495
473 495
474 495
475 495
476 495
479 495
480 495
464 496
465 496
466 496
467 496
469 496
471 496
480 496
461 497
463 497
464 497
467 497
473 497
476 497
477 497
464 498
465 498
466 498
467 498
468 498
469 498
471 498
472 498
475 498
476 498
477 498
480 498
461 499
462 499
463 499
466 499
470 499
472 499
475 499
477 499
479 499
462 500
463 500
464 500
467 500
468 500
469 500
470 500
473 500
474 500
477 500
479 500
480 500
483 501
485 501
487 501
490 501
491 501
492 501
494 501
495 501
496 501
497 501
499 501
483 502
484 502
487 502
488 502
489 502
491 502
493 502
494 502
496 502
497 502
499 502
481 503
484 503
486 503
487 503
488 503
492 503
493 503
494 503
495 503
497 503
500 503
481 504
483 504
486 504
488 504
492 504
493 504
481 505
482 505
483 505
484 505
487 505
488 505
490 505
491 505
496 505
498 505
499 505
481 506
486 506
487 506
488 506
490 506
493 506
482 507
485 507
487 507
488 507
490 507
492 507
495 507
496 507
498 507
499 507
500 507
481 508
483 508
484 508
490 508
494 508
496 508
497 508
498 508
499 508
500 508
481 509
483 509
486 509
487 509
488 509
489 509
491 509
492 509
493 509
494 509
495 509
496 509
497 509
499 509
483 510
486 510
487 510
488 510
489 510
491 510
492 510
493 510
497 510
482 511
486 511
487 511
488 511
499 511
481 512
483 512
486 512
487 512
490 512
491 512
493 512
495 512
497 512
499 512
500 512
481 513
489 513
491 513
492 513
493 513
496 513
497 513
499 513
481 514
483 514
485 514
487 514
490 514
494 514
495 514
496 514
498 514
500 514
483 515
484 515
485 515
487 515
490 515
493 515
494 515
496 515
498 515
499 515
491 516
496 516
498 516
482 517
484 517
485 517
488 517
489 517
490 517
491 517
492 517
494 517
495 517
496 517
498 517
499 517
500 517
481 518
482 518
489 518
490 518
496 518
497 518
481 519
483 519
484 519
492 519
493 519
494 519
495 519
499 519
500 519
483 520
484 520
485 520
486 520
487 520
488 520
490 520
491 520
494 520
495 520
497 520
498 520
499 520
503 521
506 521
509 521
514 521
515 521
519 521
501 522
506 522
507 522
508 522
509 522
511 522
513 522
516 522
517 522
518 522
519 522
501 523
503 523
507 523
508 523
509 523
514 523
519 523
503 524
505 524
506 524
507 524
508 524
509 524
510 524
512 524
513 524
514 524
515 524
516 524
517 524
505 525
508 525
509 525
510 525
511 525
513 525
514 525
520 525
501 526
507 526
510 526
511 526
513 526
517 526
501 527
502 527
505 527
507 527
509 527
510 527
511 527
512 527
514 527
515 527
518 527
519 527
520 527
501 528
503 528
504 528
505 528
509 528
512 528
518 528
520 528
502 529
503 529
506 529
507 529
509 529
510 529
511 529
513 529
516 529
518 529
520 529
501 530
502 530
507 530
508 530
512 530
515 530
517 530
518 530
519 530
502 531
507 531
515 531
516 531
517 531
519 531
520 531
504 532
509 532
512 532
513 532
517 532
502 533
504 533
509 533
512 533
513 533
514 533
517 533
518 533
503 534
504 534
505 534
506 534
507 534
508 534
510 534
511 534
516 534
519 534
520 534
507 535
514 535
515 535
516 535
517 535
518 535
519 535
520 535
501 536
503 536
507 536
511 536
515 536
517 536
518 536
519 536
502 537
503 537
504 537
506 537
507 537
510 537
511 537
512 537
513 537
520 537
502 538
503 538
505 538
508 538
509 538
510 538
513 538
515 538
516 538
517 538
520 538
502 539
503 539
504 539
506 539
507 539
513 539
516 539
518 539
501 540
502 540
505 540
506 540
510 540
512 540
514 540
515 540
516 540
517 540
518 540
519 540
520 540
521 541
523 541
524 541
525 541
526 541
528 541
531 541
532 541
533 541
535 541
536 541
539 541
521 542
522 542
523 542
525 542
526 542
527 542
528 542
529 542
530 542
534 542
535 542
536 542
537 542
523 543
525 543
526 543
528 543
529 543
530 543
532 543
535 543
537 543
540 543
522 544
525 544
526 544
527 544
529 544
531 544
532 544
538 544
539 544
540 544
521 545
522 545
523 545
525 545
528 545
529 545
530 545
533 545
536 545
537 545
540 545
521 546
522 546
523 546
525 546
527 546
529 546
532 546
533 546
535 546
522 547
523 547
525 547
527 547
535 547
537 547
538 547
539 547
540 547
521 548
522 548
523 548
524 548
526 548
530 548
532 548
534 548
539 548
521 549
522 549
523 549
526 549
527 549
528 549
530 549
532 549
533 549
534 549
536 549
537 549
539 549
523 550
525 550
526 550
527 550
528 550
532 550
534 550
535 550
536 550
537 550
538 550
540 550
521 551
522 551
523 551
524 551
525 551
527 551
528 551
529 551
536 551
537 551
540 551
530 552
532 552
534 552
535 552
537 552
538 552
522 553
524 553
525 553
528 553
529 553
530 553
531 553
532 553
534 553
538 553
522 554
523 554
525 554
529 554
532 554
533 554
535 554
537 554
538 554
521 555
522 555
523 555
527 555
530 555
535 555
536 555
540 555
523 556
524 556
525 556
526 556
527 556
529 556
531 556
532 556
534 556
536 556
539 556
521 557
524 557
525 557
526 557
528 557
529 557
530 557
532 557
540 557
523 558
525 558
528 558
530 558
533 558
535 558
536 558
537 558
539 558
521 559
522 559
523 559
527 559
530 559
533 559
537 559
538 559
539 559
540 559
521 560
523 560
526 560
529 560
530 560
531 560
532 560
533 560
535 560
536 560
537 560
538 560
539 560
540 560
542 561
543 561
545 561
546 561
547 561
548 561
550 561
551 561
552 561
553 561
554 561
555 561
556 561
557 561
559 561
542 562
544 562
545 562
549 562
554 562
556 562
547 563
548 563
551 563
553 563
554 563
555 563
556 563
557 563
558 563
560 563
542 564
545 564
546 564
547 564
550 564
552 564
553 564
559 564
560 564
542 565
547 565
548 565
549 565
551 565
554 565
555 565
557 565
558 565
542 566
543 566
544 566
545 566
546 566
547 566
549 566
551 566
552 566
553 566
554 566
556 566
557 566
541 567
542 567
543 567
545 567
546 567
547 567
550 567
551 567
553 567
555 567
557 567
558 567
559 567
560 567
541 568
545 568
546 568
547 568
553 568
554 568
556 568
557 568
559 568
560 568
543 569
544 569
545 569
548 569
549 569
550 569
554 569
557 569
558 569
559 569
541 570
542 570
543 570
546 570
549 570
550 570
553 570
554 570
556 570
557 570
558 570
559 570
560 570
543 571
544 571
545 571
546 571
547 571
548 571
549 571
554 571
555 571
556 571
557 571
558 571
560 571
542 572
543 572
545 572
546 572
547 572
550 572
551 572
553 572
555 572
559 572
541 573
545 573
547 573
548 573
549 573
556 573
557 573
560 573
544 574
548 574
549 574
552 574
555 574
557 574
559 574
560 574
549 575
551 575
553 575
554 575
555 575
556 575
558 575
559 575
560 575
542 576
543 576
544 576
546 576
547 576
551 576
555 576
558 576
559 576
560 576
541 577
547 577
548 577
549 577
553 577
557 577
560 577
543 578
544 578
546 578
548 578
549 578
551 578
553 578
554 578
557 578
559 578
560 578
541 579
542 579
543 579
544 579
546 579
547 579
548 579
549 579
551 579
552 579
553 579
555 579
557 579
559 579
543 580
544 580
547 580
551 580
552 580
554 580
555 580
561 581
563 581
564 581
568 581
571 581
572 581
574 581
578 581
561 582
563 582
565 582
568 582
570 582
572 582
573 582
574 582
575 582
576 582
577 582
578 582
579 582
580 582
562 583
563 583
565 583
566 583
569 583
570 583
572 583
574 583
575 583
577 583
579 583
580 583
561 584
563 584
565 584
567 584
568 584
570 584
571 584
574 584
575 584
576 584
577 584
578 584
579 584
561 585
563 585
564 585
565 585
566 585
567 585
568 585
569 585
570 585
571 585
573 585
575 585
576 585
562 586
566 586
568 586
569 586
571 586
574 586
577 586
579 586
580 586
561 587
569 587
573 587
574 587
575 587
576 587
577 587
578 587
579 587
580 587
564 588
567 588
569 588
570 588
571 588
574 588
578 588
579 588
562 589
564 589
566 589
570 589
572 589
575 589
576 589
580 589
561 590
562 590
563 590
564 590
565 590
570 590
573 590
577 590
579 590
561 591
562 591
566 591
570 591
575 591
576 591
577 591
561 592
562 592
563 592
569 592
571 592
578 592
563 593
564 593
565 593
567 593
568 593
569 593
570 593
571 593
572 593
574 593
575 593
576 593
577 593
580 593
562 594
563 594
564 594
565 594
567 594
571 594
574 594
577 594
561 595
563 595
565 595
568 595
577 595
579 595
562 596
564 596
565 596
566 596
567 596
568 596
571 596
573 596
574 596
578 596
580 596
561 597
562 597
568 597
569 597
570 597
571 597
572 597
575 597
561 598
562 598
563 598
564 598
570 598
571 598
573 598
574 598
577 598
578 598
561 599
562 599
566 599
567 599
568 599
571 599
573 599
574 599
575 599
580 599
561 600
562 600
564 600
566 600
567 600
569 600
572 600
574 600
579 600
581 601
583 601
587 601
592 601
594 601
597 601
598 601
582 602
584 602
585 602
587 602
593 602
594 602
595 602
598 602
599 602
581 603
582 603
583 603
584 603
585 603
587 603
588 603
592 603
593 603
595 603
597 603
598 603
599 603
600 603
581 604
583 604
584 604
585 604
586 604
588 604
589 604
590 604
592 604
593 604
594 604
595 604
599 604
581 605
582 605
584 605
588 605
590 605
594 605
595 605
596 605
598 605
599 605
600 605
583 606
584 606
585 606
586 606
587 606
588 606
589 606
591 606
592 606
596 606
597 606
599 606
583 607
584 607
586 607
592 607
593 607
594 607
596 607
597 607
598 607
581 608
582 608
583 608
587 608
588 608
594 608
598 608
599 608
581 609
582 609
591 609
592 609
594 609
596 609
597 609
599 609
581 610
582 610
583 610
586 610
587 610
588 610
589 610
592 610
594 610
595 610
599 610
600 610
581 611
584 611
587 611
589 611
590 611
591 611
593 611
594 611
597 611
598 611
599 611
600 611
582 612
583 612
586 612
587 612
590 612
591 612
592 612
595 612
596 612
597 612
598 612
600 612
581 613
582 613
584 613
587 613
588 613
589 613
590 613
591 613
593 613
596 613
582 614
583 614
584 614
586 614
589 614
590 614
592 614
593 614
595 614
599 614
585 615
586 615
587 615
589 615
594 615
595 615
599 615
600 615
583 616
585 616
586 616
587 616
588 616
590 616
591 616
592 616
593 616
595 616
596 616
597 616
599 616
600 616
582 617
583 617
585 617
586 617
587 617
590 617
591 617
593 617
594 617
599 617
600 617
581 618
583 618
584 618
588 618
589 618
590 618
595 618
597 618
598 618
599 618
600 618
581 619
582 619
583 619
586 619
587 619
588 619
591 619
592 619
595 619
597 619
598 619
599 619
600 619
581 620
582 620
587 620
590 620
591 620
593 620
594 620
595 620
596 620
598 620
601 621
602 621
604 621
607 621
608 621
609 621
611 621
612 621
613 621
614 621
615 621
616 621
617 621
619 621
601 622
603 622
604 622
605 622
606 622
609 622
610 622
611 622
612 622
613 622
615 622
616 622
617 622
618 622
619 622
620 622
602 623
603 623
609 623
611 623
613 623
614 623
615 623
617 623
603 624
604 624
606 624
607 624
608 624
609 624
610 624
611 624
612 624
613 624
614 624
620 624
601 625
602 625
603 625
605 625
606 625
607 625
611 625
612 625
615 625
618 625
619 625
620 625
601 626
603 626
604 626
607 626
611 626
612 626
613 626
616 626
601 627
605 627
606 627
607 627
609 627
611 627
614 627
615 627
616 627
617 627
618 627
601 628
606 628
608 628
609 628
610 628
611 628
612 628
613 628
620 628
601 629
603 629
607 629
609 629
610 629
611 629
615 629
616 629
617 629
618 629
620 629
601 630
602 630
603 630
604 630
607 630
611 630
614 630
616 630
619 630
620 630
601 631
603 631
605 631
610 631
611 631
612 631
613 631
615 631
616 631
619 631
620 631
601 632
602 632
603 632
605 632
606 632
607 632
608 632
609 632
610 632
612 632
613 632
616 632
618 632
601 633
602 633
603 633
604 633
606 633
611 633
612 633
613 633
614 633
615 633
616 633
617 633
620 633
601 634
602 634
607 634
609 634
610 634
611 634
612 634
613 634
614 634
617 634
619 634
620 634
602 635
604 635
605 635
607 635
611 635
612 635
620 635
601 636
602 636
605 636
606 636
607 636
611 636
612 636
613 636
614 636
617 636
619 636
620 636
601 637
603 637
604 637
606 637
611 637
614 637
615 637
616 637
617 637
619 637
601 638
608 638
610 638
611 638
613 638
614 638
616 638
617 638
620 638
601 639
606 639
607 639
609 639
612 639
614 639
616 639
617 639
618 639
619 639
602 640
604 640
605 640
608 640
609 640
611 640
612 640
613 640
614 640
615 640
619 640
620 640
621 641
622 641
626 641
629 641
630 641
633 641
636 641
637 641
638 641
639 641
640 641
621 642
622 642
623 642
629 642
630 642
631 642
632 642
634 642
635 642
636 642
638 642
639 642
640 642
624 643
626 643
628 643
630 643
631 643
634 643
635 643
638 643
639 643
640 643
621 644
623 644
624 644
625 644
626 644
627 644
628 644
631 644
633 644
634 644
636 644
638 644
639 644
621 645
622 645
623 645
624 645
625 645
630 645
633 645
639 645
623 646
629 646
631 646
633 646
636 646
639 646
640 646
621 647
622 647
623 647
624 647
625 647
630 647
631 647
633 647
634 647
635 647
636 647
639 647
621 648
628 648
629 648
635 648
637 648
638 648
639 648
621 649
623 649
627 649
629 649
630 649
631 649
637 649
638 649
639 649
622 650
623 650
624 650
625 650
627 650
632 650
636 650
637 650
638 650
624 651
625 651
626 651
627 651
629 651
630 651
635 651
636 651
640 651
621 652
623 652
624 652
630 652
631 652
639 652
640 652
625 653
626 653
631 653
632 653
634 653
639 653
640 653
621 654
624 654
629 654
631 654
632 654
633 654
635 654
636 654
639 654
621 655
622 655
628 655
632 655
636 655
622 656
624 656
626 656
629 656
630 656
631 656
632 656
633 656
634 656
635 656
636 656
637 656
622 657
626 657
628 657
629 657
633 657
635 657
637 657
638 657
639 657
640 657
621 658
624 658
625 658
628 658
630 658
632 658
633 658
634 658
636 658
637 658
638 658
622 659
623 659
627 659
631 659
633 659
622 660
623 660
627 660
628 660
633 660
634 660
635 660
636 660
642 661
643 661
645 661
647 661
651 661
654 661
655 661
656 661
657 661
641 662
642 662
646 662
650 662
654 662
655 662
656 662
658 662
660 662
643 663
646 663
647 663
649 663
650 663
653 663
655 663
656 663
657 663
658 663
659 663
645 664
646 664
648 664
649 664
655 664
656 664
658 664
660 664
644 665
645 665
647 665
649 665
650 665
652 665
653 665
657 665
659 665
641 666
642 666
648 666
649 666
650 666
653 666
655 666
656 666
657 666
658 666
659 666
641 667
642 667
643 667
645 667
646 667
647 667
653 667
657 667
660 667
644 668
645 668
646 668
648 668
649 668
650 668
652 668
657 668
660 668
642 669
643 669
646 669
647 669
649 669
651 669
652 669
655 669
656 669
657 669
658 669
659 669
643 670
644 670
647 670
649 670
650 670
651 670
653 670
654 670
655 670
659 670
641 671
642 671
646 671
647 671
650 671
651 671
653 671
654 671
655 671
657 671
658 671
659 671
641 672
645 672
646 672
649 672
650 672
651 672
652 672
653 672
655 672
656 672
657 672
659 672
642 673
643 673
645 673
646 673
649 673
650 673
653 673
658 673
659 673
660 673
641 674
646 674
647 674
651 674
653 674
654 674
655 674
656 674
660 674
645 675
646 675
647 675
648 675
653 675
654 675
655 675
656 675
658 675
659 675
660 675
641 676
642 676
643 676
644 676
646 676
647 676
649 676
652 676
653 676
655 676
656 676
659 676
641 677
642 677
645 677
647 677
649 677
656 677
657 677
658 677
659 677
660 677
641 678
642 678
648 678
651 678
652 678
656 678
657 678
659 678
641 679
643 679
645 679
646 679
647 679
649 679
650 679
653 679
655 679
657 679
658 679
660 679
642 680
643 680
644 680
650 680
652 680
653 680
657 680
659 680
661 681
663 681
666 681
668 681
671 681
674 681
676 681
677 681
678 681
661 682
663 682
664 682
665 682
666 682
669 682
671 682
674 682
676 682
677 682
678 682
680 682
661 683
662 683
665 683
668 683
669 683
671 683
675 683
677 683
678 683
680 683
661 684
662 684
667 684
668 684
672 684
678 684
679 684
661 685
665 685
668 685
671 685
673 685
674 685
676 685
677 685
679 685
661 686
662 686
663 686
667 686
669 686
670 686
671 686
672 686
674 686
675 686
680 686
666 687
669 687
670 687
674 687
675 687
677 687
679 687
680 687
665 688
666 688
668 688
669 688
670 688
671 688
673 688
674 688
676 688
677 688
678 688
680 688
661 689
664 689
665 689
667 689
668 689
671 689
673 689
675 689
677 689
679 689
680 689
661 690
662 690
663 690
666 690
667 690
669 690
670 690
673 690
675 690
678 690
680 690
661 691
662 691
663 691
667 691
668 691
670 691
671 691
672 691
673 691
676 691
679 691
665 692
667 692
668 692
670 692
677 692
678 692
680 692
664 693
666 693
667 693
668 693
669 693
671 693
672 693
673 693
674 693
675 693
661 694
663 694
664 694
665 694
669 694
670 694
673 694
677 694
678 694
661 695
662 695
664 695
667 695
670 695
672 695
675 695
677 695
679 695
661 696
664 696
665 696
666 696
667 696
670 696
671 696
672 696
673 696
675 696
676 696
677 696
667 697
669 697
670 697
672 697
673 697
674 697
675 697
676 697
678 697
680 697
663 698
665 698
667 698
670 698
675 698
662 699
668 699
672 699
673 699
680 699
662 700
663 700
666 700
670 700
671 700
672 700
673 700
675 700
676 700
677 700
678 700
679 700
680 700
681 701
682 701
684 701
685 701
689 701
690 701
692 701
693 701
694 701
697 701
699 701
700 701
682 702
686 702
689 702
692 702
693 702
694 702
698 702
699 702
700 702
684 703
686 703
687 703
688 703
694 703
695 703
698 703
699 703
681 704
684 704
685 704
688 704
692 704
694 704
696 704
697 704
698 704
699 704
700 704
681 705
682 705
684 705
685 705
687 705
688 705
689 705
691 705
692 705
693 705
694 705
695 705
696 705
698 705
699 705
681 706
682 706
683 706
684 706
685 706
687 706
688 706
689 706
690 706
692 706
693 706
694 706
695 706
696 706
697 706
698 706
700 706
681 707
682 707
683 707
684 707
689 707
693 707
694 707
698 707
700 707
681 708
683 708
684 708
685 708
686 708
688 708
692 708
693 708
694 708
698 708
699 708
681 709
682 709
683 709
684 709
685 709
687 709
689 709
693 709
694 709
695 709
696 709
698 709
700 709
681 710
682 710
683 710
687 710
688 710
690 710
691 710
694 710
695 710
697 710
681 711
682 711
683 711
684 711
685 711
686 711
690 711
691 711
698 711
681 712
684 712
688 712
690 712
691 712
694 712
698 712
700 712
685 713
688 713
689 713
691 713
692 713
695 713
697 713
698 713
699 713
682 714
686 714
687 714
689 714
690 714
691 714
693 714
695 714
700 714
681 715
684 715
685 715
686 715
688 715
690 715
691 715
694 715
695 715
682 716
683 716
684 716
685 716
688 716
689 716
693 716
694 716
695 716
698 716
700 716
681 717
682 717
687 717
688 717
693 717
694 717
697 717
698 717
699 717
684 718
685 718
688 718
689 718
690 718
692 718
694 718
696 718
698 718
699 718
681 719
682 719
684 719
687 719
688 719
689 719
693 719
694 719
696 719
697 719
700 719
681 720
684 720
685 720
688 720
691 720
693 720
694 720
696 720
703 721
704 721
705 721
707 721
708 721
709 721
711 721
712 721
713 721
714 721
717 721
718 721
719 721
720 721
701 722
703 722
704 722
705 722
707 722
708 722
710 722
711 722
713 722
715 722
716 722
718 722
701 723
705 723
707 723
709 723
711 723
713 723
715 723
716 723
719 723
703 724
706 724
708 724
709 724
712 724
714 724
717 724
701 725
703 725
706 725
708 725
709 725
712 725
714 725
715 725
716 725
717 725
719 725
720 725
701 726
706 726
708 726
710 726
711 726
713 726
715 726
716 726
717 726
720 726
701 727
704 727
705 727
708 727
710 727
712 727
713 727
714 727
717 727
702 728
703 728
704 728
706 728
708 728
711 728
712 728
714 728
715 728
718 728
719 728
701 729
703 729
704 729
705 729
707 729
714 729
715 729
716 729
717 729
719 729
703 730
705 730
708 730
710 730
711 730
715 730
701 731
708 731
711 731
712 731
714 731
716 731
720 731
701 732
703 732
705 732
706 732
709 732
710 732
714 732
718 732
719 732
705 733
706 733
707 733
708 733
713 733
717 733
719 733
701 734
703 734
705 734
706 734
708 734
709 734
711 734
713 734
715 734
716 734
717 734
718 734
720 734
702 735
703 735
704 735
706 735
707 735
708 735
709 735
712 735
715 735
716 735
718 735
701 736
702 736
705 736
707 736
708 736
712 736
714 736
715 736
716 736
719 736
720 736
701 737
702 737
703 737
705 737
706 737
707 737
711 737
715 737
718 737
719 737
720 737
701 738
702 738
703 738
704 738
705 738
707 738
710 738
711 738
712 738
715 738
718 738
719 738
720 738
702 739
703 739
705 739
706 739
707 739
708 739
709 739
710 739
711 739
712 739
714 739
716 739
718 739
719 739
703 740
708 740
715 740
716 740
719 740
721 741
722 741
723 741
724 741
726 741
729 741
731 741
735 741
737 741
740 741
722 742
724 742
726 742
729 742
730 742
733 742
734 742
736 742
738 742
739 742
721 743
722 743
723 743
724 743
725 743
727 743
730 743
731 743
733 743
737 743
740 743
722 744
723 744
724 744
727 744
730 744
732 744
734 744
735 744
736 744
722 745
723 745
725 745
727 745
728 745
735 745
722 746
724 746
725 746
727 746
729 746
732 746
734 746
735 746
736 746
737 746
738 746
740 746
722 747
724 747
725 747
726 747
728 747
732 747
735 747
736 747
737 747
740 747
723 748
726 748
728 748
732 748
734 748
736 748
738 748
721 749
722 749
724 749
725 749
726 749
728 749
729 749
731 749
733 749
735 749
737 749
738 749
739 749
740 749
721 750
724 750
726 750
730 750
732 750
733 750
734 750
735 750
736 750
737 750
722 751
723 751
729 751
731 751
733 751
737 751
740 751
721 752
723 752
727 752
730 752
733 752
734 752
736 752
740 752
721 753
723 753
724 753
726 753
729 753
730 753
732 753
734 753
737 753
738 753
724 754
725 754
732 754
733 754
736 754
737 754
738 754
739 754
740 754
722 755
728 755
729 755
731 755
734 755
735 755
738 755
740 755
726 756
730 756
731 756
732 756
734 756
735 756
736 756
737 756
739 756
740 756
723 757
725 757
726 757
727 757
734 757
735 757
738 757
740 757
721 758
724 758
726 758
727 758
733 758
735 758
739 758
721 759
722 759
727 759
729 759
733 759
735 759
736 759
737 759
738 759
739 759
723 760
726 760
729 760
732 760
733 760
734 760
736 760
739 760
741 761
743 761
748 761
749 761
751 761
752 761
741 762
742 762
743 762
745 762
746 762
747 762
748 762
750 762
754 762
756 762
759 762
760 762
741 763
743 763
749 763
751 763
752 763
753 763
754 763
757 763
758 763
741 764
742 764
743 764
744 764
745 764
746 764
747 764
749 764
750 764
751 764
753 764
755 764
757 764
758 764
759 764
742 765
744 765
746 765
747 765
748 765
754 765
756 765
741 766
742 766
748 766
750 766
753 766
756 766
757 766
758 766
759 766
760 766
741 767
743 767
745 767
746 767
748 767
750 767
752 767
756 767
758 767
741 768
743 768
744 768
745 768
746 768
747 768
748 768
750 768
753 768
754 768
757 768
760 768
743 769
747 769
748 769
750 769
751 769
754 769
758 769
741 770
745 770
747 770
749 770
754 770
755 770
756 770
757 770
758 770
759 770
760 770
742 771
743 771
744 771
745 771
747 771
748 771
749 771
753 771
755 771
756 771
757 771
760 771
746 772
749 772
751 772
753 772
754 772
755 772
757 772
758 772
760 772
743 773
744 773
745 773
746 773
747 773
748 773
749 773
751 773
752 773
757 773
758 773
759 773
741 774
743 774
744 774
745 774
746 774
747 774
748 774
752 774
755 774
756 774
757 774
759 774
760 774
743 775
746 775
747 775
749 775
752 775
754 775
756 775
760 775
743 776
744 776
749 776
751 776
752 776
753 776
754 776
757 776
758 776
760 776
741 777
742 777
744 777
745 777
747 777
748 777
749 777
750 777
752 777
755 777
756 777
757 777
760 777
741 778
743 778
744 778
745 778
746 778
749 778
750 778
752 778
753 778
754 778
755 778
756 778
757 778
759 778
741 779
742 779
743 779
744 779
747 779
750 779
754 779
755 779
756 779
757 779
759 779
760 779
741 780
743 780
744 780
746 780
747 780
750 780
751 780
752 780
755 780
757 780
761 781
768 781
769 781
771 781
773 781
775 781
776 781
780 781
765 782
766 782
774 782
776 782
779 782
764 783
765 783
766 783
769 783
770 783
771 783
772 783
773 783
776 783
778 783
761 784
762 784
765 784
767 784
772 784
774 784
775 784
779 784
761 785
762 785
764 785
765 785
766 785
767 785
770 785
771 785
772 785
776 785
778 785
761 786
763 786
767 786
769 786
771 786
773 786
775 786
777 786
778 786
779 786
762 787
764 787
767 787
769 787
772 787
774 787
775 787
778 787
779 787
780 787
761 788
762 788
767 788
768 788
769 788
770 788
771 788
773 788
774 788
776 788
777 788
778 788
779 788
761 789
762 789
763 789
765 789
767 789
768 789
769 789
770 789
774 789
775 789
776 789
777 789
778 789
761 790
763 790
764 790
766 790
767 790
768 790
771 790
774 790
776 790
780 790
761 791
763 791
765 791
766 791
767 791
768 791
769 791
773 791
777 791
778 791
779 791
762 792
763 792
764 792
766 792
767 792
773 792
776 792
777 792
780 792
761 793
763 793
765 793
766 793
767 793
769 793
770 793
771 793
773 793
774 793
776 793
780 793
764 794
765 794
768 794
769 794
772 794
773 794
774 794
780 794
762 795
765 795
767 795
768 795
770 795
772 795
774 795
775 795
761 796
765 796
767 796
768 796
771 796
772 796
773 796
774 796
776 796
777 796
778 796
779 796
780 796
761 797
763 797
765 797
766 797
767 797
768 797
770 797
776 797
780 797
762 798
764 798
765 798
767 798
768 798
769 798
772 798
773 798
774 798
777 798
780 798
761 799
762 799
764 799
765 799
767 799
768 799
769 799
774 799
775 799
776 799
766 800
768 800
770 800
772 800
773 800
774 800
775 800
776 800
778 800
780 800
