800 7819 40
20 20 20 20 20 20 20 20 20 20 20 20 20 20 20 20 20 20 20 20 20 20 20 20 20 20 20 20 20 20 20 20 20 20 20 20 20 20 20 20 
1 21
2 21
5 21
7 21
8 21
9 21
10 21
11 21
17 21
18 21
20 21
1 22
3 22
4 22
6 22
8 22
9 22
14 22
15 22
16 22
17 22
18 22
19 22
1 23
2 23
3 23
4 23
5 23
6 23
8 23
9 23
12 23
13 23
14 23
15 23
16 23
17 23
19 23
1 24
4 24
7 24
8 24
9 24
10 24
13 24
15 24
19 24
20 24
1 25
5 25
6 25
10 25
11 25
14 25
15 25
16 25
17 25
18 25
19 25
20 25
1 26
2 26
5 26
12 26
15 26
18 26
19 26
20 26
1 27
2 27
3 27
7 27
8 27
12 27
13 27
17 27
19 27
20 27
2 28
3 28
4 28
8 28
9 28
12 28
13 28
15 28
16 28
17 28
3 29
5 29
8 29
10 29
12 29
13 29
15 29
16 29
19 29
1 30
2 30
3 30
4 30
5 30
6 30
8 30
9 30
10 30
11 30
14 30
16 30
17 30
19 30
1 31
2 31
3 31
5 31
6 31
9 31
10 31
11 31
15 31
19 31
1 32
5 32
6 32
7 32
8 32
9 32
10 32
12 32
14 32
15 32
16 32
20 32
2 33
3 33
4 33
8 33
10 33
11 33
12 33
15 33
16 33
17 33
18 33
1 34
2 34
5 34
10 34
11 34
13 34
3 35
7 35
10 35
12 35
13 35
14 35
16 35
1 36
2 36
3 36
4 36
8 36
11 36
12 36
14 36
15 36
16 36
17 36
18 36
19 36
1 37
2 37
6 37
8 37
9 37
10 37
12 37
13 37
17 37
19 37
4 38
8 38
11 38
14 38
15 38
17 38
18 38
19 38
20 38
2 39
3 39
5 39
7 39
9 39
13 39
14 39
17 39
19 39
3 40
5 40
7 40
8 40
12 40
13 40
15 40
17 40
19 40
21 41
24 41
28 41
29 41
32 41
33 41
34 41
35 41
23 42
24 42
25 42
26 42
29 42
30 42
32 42
33 42
34 42
35 42
38 42
39 42
40 42
21 43
22 43
23 43
29 43
30 43
31 43
33 43
38 43
21 44
25 44
27 44
30 44
32 44
35 44
37 44
38 44
23 45
25 45
26 45
27 45
28 45
29 45
33 45
34 45
35 45
37 45
23 46
25 46
29 46
31 46
32 46
34 46
35 46
36 46
37 46
39 46
21 47
22 47
26 47
27 47
30 47
34 47
35 47
38 47
22 48
25 48
27 48
29 48
31 48
33 48
35 48
36 48
37 48
38 48
39 48
22 49
23 49
25 49
28 49
29 49
33 49
36 49
39 49
21 50
23 50
31 50
32 50
34 50
37 50
39 50
21 51
24 51
25 51
26 51
27 51
28 51
30 51
35 51
36 51
37 51
38 51
39 51
40 51
24 52
26 52
27 52
28 52
29 52
31 52
32 52
34 52
35 52
38 52
39 52
22 53
23 53
26 53
27 53
32 53
33 53
34 53
35 53
36 53
37 53
38 53
22 54
23 54
24 54
27 54
31 54
32 54
34 54
35 54
39 54
40 54
22 55
23 55
24 55
26 55
29 55
30 55
31 55
33 55
34 55
36 55
37 55
38 55
40 55
21 56
23 56
26 56
27 56
31 56
35 56
36 56
38 56
39 56
40 56
21 57
23 57
24 57
25 57
27 57
31 57
34 57
37 57
38 57
39 57
22 58
26 58
27 58
28 58
29 58
30 58
31 58
32 58
33 58
35 58
36 58
38 58
39 58
40 58
21 59
25 59
27 59
30 59
31 59
32 59
33 59
34 59
36 59
39 59
40 59
22 60
23 60
24 60
25 60
26 60
28 60
29 60
30 60
31 60
33 60
34 60
35 60
36 60
38 60
41 61
42 61
47 61
48 61
51 61
53 61
57 61
58 61
59 61
41 62
42 62
43 62
44 62
45 62
46 62
50 62
51 62
53 62
54 62
55 62
56 62
57 62
58 62
41 63
42 63
45 63
48 63
49 63
51 63
52 63
53 63
54 63
55 63
57 63
58 63
60 63
41 64
43 64
44 64
45 64
46 64
48 64
51 64
52 64
55 64
58 64
60 64
42 65
43 65
46 65
50 65
55 65
56 65
58 65
59 65
43 66
44 66
45 66
48 66
50 66
52 66
54 66
56 66
42 67
44 67
45 67
48 67
49 67
50 67
53 67
54 67
56 67
59 67
60 67
44 68
45 68
46 68
47 68
48 68
49 68
52 68
57 68
59 68
60 68
42 69
47 69
50 69
51 69
53 69
54 69
59 69
42 70
43 70
46 70
47 70
48 70
50 70
54 70
55 70
57 70
58 70
41 71
42 71
46 71
54 71
55 71
56 71
58 71
59 71
60 71
45 72
46 72
47 72
52 72
53 72
55 72
58 72
60 72
41 73
43 73
45 73
46 73
48 73
50 73
52 73
53 73
54 73
59 73
41 74
42 74
43 74
45 74
46 74
49 74
57 74
58 74
60 74
43 75
45 75
46 75
50 75
51 75
56 75
57 75
58 75
59 75
41 76
47 76
49 76
51 76
53 76
55 76
57 76
41 77
42 77
45 77
50 77
53 77
54 77
55 77
56 77
57 77
59 77
60 77
42 78
43 78
44 78
47 78
49 78
52 78
53 78
54 78
56 78
59 78
60 78
41 79
45 79
49 79
50 79
53 79
54 79
55 79
58 79
59 79
41 80
43 80
44 80
45 80
49 80
50 80
51 80
56 80
59 80
60 80
64 81
67 81
68 81
69 81
70 81
72 81
77 81
78 81
79 81
80 81
62 82
63 82
65 82
66 82
68 82
69 82
70 82
71 82
75 82
77 82
78 82
61 83
62 83
64 83
67 83
68 83
71 83
74 83
75 83
76 83
77 83
80 83
61 84
65 84
67 84
68 84
69 84
70 84
73 84
74 84
80 84
62 85
65 85
66 85
69 85
70 85
71 85
73 85
74 85
75 85
76 85
80 85
62 86
64 86
65 86
68 86
75 86
77 86
78 86
79 86
80 86
63 87
64 87
66 87
67 87
69 87
71 87
73 87
75 87
76 87
78 87
80 87
63 88
65 88
67 88
68 88
69 88
71 88
72 88
74 88
79 88
80 88
63 89
64 89
65 89
66 89
71 89
73 89
76 89
77 89
79 89
61 90
63 90
67 90
69 90
71 90
76 90
77 90
61 91
62 91
65 91
67 91
72 91
73 91
75 91
78 91
79 91
62 92
63 92
66 92
67 92
69 92
72 92
75 92
76 92
77 92
80 92
61 93
62 93
63 93
66 93
70 93
73 93
75 93
78 93
79 93
63 94
64 94
65 94
66 94
68 94
70 94
71 94
72 94
73 94
77 94
78 94
79 94
63 95
64 95
65 95
67 95
68 95
70 95
71 95
73 95
77 95
79 95
62 96
64 96
65 96
66 96
69 96
71 96
72 96
74 96
75 96
78 96
79 96
80 96
65 97
66 97
68 97
71 97
73 97
78 97
61 98
62 98
66 98
69 98
74 98
78 98
79 98
80 98
61 99
62 99
63 99
64 99
66 99
68 99
74 99
75 99
76 99
79 99
80 99
64 100
67 100
68 100
70 100
72 100
76 100
81 101
82 101
83 101
84 101
90 101
91 101
94 101
95 101
97 101
98 101
100 101
81 102
82 102
84 102
85 102
86 102
89 102
91 102
93 102
94 102
97 102
100 102
82 103
84 103
89 103
91 103
92 103
93 103
97 103
99 103
100 103
86 104
87 104
89 104
91 104
94 104
95 104
97 104
98 104
99 104
82 105
83 105
91 105
93 105
95 105
96 105
100 105
85 106
88 106
89 106
91 106
94 106
96 106
98 106
99 106
100 106
81 107
85 107
87 107
89 107
91 107
92 107
93 107
94 107
98 107
99 107
81 108
84 108
86 108
87 108
88 108
89 108
90 108
91 108
93 108
94 108
96 108
97 108
85 109
87 109
88 109
89 109
91 109
92 109
93 109
94 109
95 109
86 110
87 110
90 110
92 110
93 110
94 110
95 110
81 111
83 111
85 111
87 111
88 111
89 111
91 111
95 111
96 111
97 111
98 111
81 112
82 112
85 112
86 112
87 112
89 112
90 112
91 112
92 112
93 112
94 112
96 112
98 112
99 112
81 113
83 113
85 113
87 113
88 113
90 113
93 113
95 113
96 113
98 113
99 113
100 113
81 114
82 114
85 114
87 114
90 114
91 114
92 114
93 114
95 114
96 114
97 114
99 114
83 115
84 115
86 115
87 115
88 115
89 115
90 115
91 115
92 115
94 115
95 115
96 115
97 115
98 115
99 115
100 115
83 116
84 116
85 116
86 116
87 116
90 116
91 116
93 116
94 116
97 116
99 116
84 117
86 117
89 117
90 117
93 117
96 117
97 117
98 117
99 117
100 117
81 118
84 118
85 118
90 118
93 118
94 118
96 118
97 118
98 118
82 119
83 119
85 119
87 119
88 119
91 119
92 119
93 119
97 119
98 119
99 119
81 120
82 120
84 120
85 120
87 120
95 120
96 120
100 120
102 121
103 121
107 121
109 121
110 121
116 121
118 121
119 121
120 121
103 122
104 122
107 122
108 122
110 122
116 122
118 122
119 122
103 123
104 123
107 123
112 123
113 123
116 123
102 124
103 124
104 124
105 124
106 124
108 124
112 124
114 124
117 124
118 124
119 124
120 124
105 125
107 125
108 125
109 125
110 125
111 125
112 125
113 125
114 125
115 125
117 125
119 125
120 125
101 126
102 126
109 126
110 126
114 126
119 126
101 127
102 127
104 127
111 127
113 127
114 127
116 127
118 127
119 127
120 127
101 128
102 128
104 128
107 128
110 128
111 128
113 128
114 128
115 128
117 128
101 129
104 129
105 129
106 129
109 129
110 129
111 129
112 129
113 129
114 129
115 129
116 129
118 129
119 129
120 129
102 130
105 130
106 130
107 130
108 130
109 130
110 130
111 130
113 130
114 130
115 130
117 130
119 130
120 130
101 131
104 131
106 131
108 131
112 131
113 131
115 131
116 131
117 131
102 132
105 132
106 132
113 132
114 132
117 132
118 132
119 132
102 133
103 133
104 133
105 133
107 133
110 133
112 133
113 133
114 133
115 133
116 133
119 133
120 133
105 134
106 134
107 134
110 134
113 134
114 134
118 134
119 134
120 134
102 135
104 135
105 135
106 135
108 135
109 135
111 135
112 135
114 135
116 135
119 135
120 135
103 136
104 136
106 136
108 136
111 136
113 136
117 136
118 136
120 136
103 137
104 137
106 137
108 137
110 137
111 137
112 137
113 137
114 137
115 137
116 137
120 137
104 138
105 138
106 138
109 138
111 138
112 138
114 138
116 138
118 138
101 139
105 139
106 139
108 139
110 139
111 139
113 139
115 139
116 139
117 139
104 140
105 140
106 140
108 140
111 140
112 140
114 140
115 140
116 140
117 140
118 140
120 140
122 141
126 141
127 141
128 141
130 141
131 141
132 141
133 141
137 141
139 141
121 142
124 142
126 142
127 142
128 142
129 142
130 142
132 142
133 142
134 142
135 142
136 142
137 142
138 142
121 143
122 143
124 143
128 143
129 143
130 143
131 143
133 143
135 143
137 143
138 143
140 143
121 144
122 144
124 144
125 144
126 144
127 144
128 144
129 144
132 144
137 144
139 144
140 144
122 145
124 145
125 145
126 145
127 145
128 145
130 145
132 145
134 145
135 145
137 145
122 146
126 146
129 146
131 146
134 146
140 146
121 147
122 147
123 147
125 147
130 147
131 147
132 147
134 147
135 147
136 147
137 147
138 147
139 147
121 148
124 148
125 148
126 148
128 148
129 148
130 148
131 148
132 148
133 148
136 148
138 148
123 149
124 149
126 149
130 149
132 149
134 149
137 149
139 149
140 149
123 150
124 150
126 150
128 150
130 150
131 150
136 150
137 150
139 150
121 151
122 151
123 151
124 151
133 151
136 151
137 151
138 151
140 151
121 152
123 152
125 152
126 152
129 152
130 152
134 152
135 152
136 152
137 152
138 152
140 152
121 153
124 153
125 153
126 153
129 153
130 153
131 153
135 153
136 153
137 153
140 153
123 154
127 154
128 154
132 154
133 154
135 154
136 154
137 154
138 154
139 154
140 154
121 155
123 155
126 155
127 155
128 155
130 155
134 155
135 155
138 155
139 155
140 155
122 156
123 156
126 156
129 156
130 156
131 156
135 156
136 156
140 156
125 157
127 157
129 157
130 157
133 157
136 157
137 157
122 158
123 158
124 158
126 158
128 158
129 158
131 158
132 158
136 158
139 158
140 158
122 159
124 159
127 159
128 159
129 159
130 159
131 159
135 159
136 159
138 159
139 159
121 160
124 160
125 160
127 160
128 160
130 160
132 160
134 160
135 160
137 160
140 160
141 161
142 161
143 161
145 161
147 161
148 161
149 161
152 161
154 161
155 161
156 161
157 161
159 161
160 161
141 162
146 162
147 162
149 162
150 162
151 162
155 162
157 162
142 163
144 163
146 163
147 163
148 163
153 163
155 163
156 163
157 163
158 163
141 164
142 164
143 164
144 164
147 164
148 164
151 164
152 164
153 164
155 164
160 164
141 165
142 165
143 165
145 165
146 165
147 165
148 165
149 165
150 165
151 165
153 165
156 165
158 165
142 166
143 166
144 166
147 166
152 166
153 166
154 166
156 166
157 166
159 166
142 167
145 167
146 167
148 167
150 167
152 167
154 167
156 167
141 168
147 168
151 168
152 168
158 168
159 168
147 169
148 169
150 169
153 169
155 169
156 169
157 169
158 169
160 169
141 170
142 170
147 170
149 170
150 170
153 170
154 170
156 170
157 170
160 170
143 171
144 171
146 171
147 171
148 171
149 171
150 171
154 171
156 171
157 171
142 172
144 172
145 172
148 172
149 172
150 172
151 172
154 172
156 172
159 172
160 172
145 173
147 173
151 173
153 173
159 173
141 174
142 174
143 174
144 174
145 174
147 174
150 174
152 174
158 174
160 174
141 175
146 175
147 175
148 175
150 175
153 175
154 175
157 175
142 176
143 176
144 176
146 176
149 176
150 176
151 176
152 176
153 176
154 176
157 176
158 176
159 176
141 177
142 177
147 177
148 177
149 177
150 177
152 177
153 177
154 177
155 177
158 177
159 177
160 177
142 178
145 178
146 178
147 178
150 178
152 178
154 178
156 178
158 178
141 179
142 179
148 179
149 179
150 179
151 179
155 179
156 179
157 179
158 179
159 179
142 180
144 180
145 180
146 180
149 180
150 180
153 180
161 181
162 181
165 181
167 181
172 181
173 181
174 181
177 181
178 181
180 181
161 182
164 182
165 182
169 182
171 182
172 182
173 182
174 182
179 182
180 182
161 183
163 183
164 183
165 183
169 183
170 183
172 183
173 183
174 183
177 183
178 183
179 183
162 184
164 184
165 184
166 184
167 184
169 184
170 184
171 184
174 184
175 184
177 184
178 184
179 184
180 184
161 185
165 185
166 185
170 185
171 185
172 185
173 185
174 185
176 185
180 185
166 186
167 186
172 186
173 186
174 186
175 186
163 187
165 187
166 187
167 187
168 187
169 187
171 187
172 187
177 187
179 187
167 188
168 188
173 188
175 188
176 188
178 188
179 188
162 189
163 189
164 189
168 189
173 189
174 189
175 189
177 189
178 189
179 189
180 189
161 190
163 190
164 190
165 190
166 190
170 190
171 190
172 190
175 190
177 190
178 190
180 190
161 191
162 191
163 191
164 191
165 191
166 191
167 191
168 191
174 191
176 191
177 191
179 191
162 192
164 192
166 192
168 192
169 192
170 192
173 192
178 192
180 192
161 193
162 193
163 193
164 193
166 193
167 193
168 193
169 193
170 193
171 193
172 193
174 193
175 193
177 193
179 193
162 194
164 194
167 194
168 194
169 194
170 194
172 194
175 194
176 194
177 194
178 194
162 195
163 195
169 195
173 195
174 195
176 195
164 196
166 196
167 196
168 196
169 196
171 196
172 196
173 196
175 196
176 196
177 196
179 196
180 196
163 197
164 197
165 197
167 197
173 197
175 197
177 197
162 198
163 198
166 198
169 198
170 198
173 198
174 198
175 198
176 198
177 198
180 198
164 199
166 199
169 199
172 199
173 199
180 199
161 200
163 200
165 200
166 200
172 200
175 200
177 200
178 200
179 200
180 200
183 201
185 201
186 201
188 201
190 201
193 201
194 201
195 201
197 201
198 201
181 202
183 202
187 202
193 202
194 202
198 202
200 202
182 203
183 203
185 203
186 203
191 203
194 203
195 203
197 203
198 203
181 204
182 204
185 204
190 204
191 204
192 204
195 204
198 204
200 204
183 205
186 205
187 205
188 205
194 205
195 205
196 205
198 205
199 205
200 205
181 206
182 206
183 206
187 206
188 206
189 206
190 206
191 206
193 206
196 206
197 206
198 206
200 206
181 207
182 207
183 207
184 207
186 207
190 207
194 207
196 207
199 207
200 207
182 208
183 208
185 208
186 208
188 208
189 208
190 208
191 208
195 208
196 208
182 209
183 209
186 209
187 209
189 209
191 209
194 209
195 209
196 209
197 209
198 209
199 209
182 210
183 210
186 210
189 210
192 210
194 210
196 210
198 210
199 210
183 211
186 211
187 211
188 211
189 211
194 211
196 211
197 211
199 211
200 211
187 212
189 212
190 212
191 212
192 212
193 212
196 212
198 212
199 212
200 212
181 213
183 213
186 213
187 213
190 213
191 213
192 213
193 213
195 213
198 213
199 213
200 213
182 214
186 214
188 214
194 214
195 214
196 214
197 214
199 214
182 215
185 215
186 215
195 215
196 215
199 215
200 215
182 216
184 216
185 216
187 216
193 216
195 216
181 217
182 217
183 217
184 217
186 217
190 217
196 217
197 217
182 218
187 218
189 218
190 218
191 218
192 218
193 218
194 218
196 218
197 218
200 218
181 219
184 219
189 219
190 219
192 219
195 219
198 219
199 219
200 219
182 220
184 220
188 220
190 220
192 220
196 220
197 220
198 220
201 221
202 221
204 221
205 221
207 221
210 221
211 221
212 221
213 221
214 221
215 221
217 221
218 221
202 222
205 222
206 222
209 222
214 222
215 222
216 222
218 222
219 222
201 223
202 223
205 223
207 223
208 223
212 223
215 223
218 223
220 223
202 224
203 224
204 224
208 224
209 224
210 224
214 224
215 224
217 224
218 224
201 225
202 225
205 225
206 225
208 225
211 225
212 225
213 225
214 225
216 225
217 225
219 225
202 226
203 226
204 226
206 226
207 226
208 226
209 226
210 226
212 226
215 226
220 226
202 227
208 227
211 227
212 227
213 227
214 227
215 227
216 227
217 227
219 227
220 227
201 228
202 228
203 228
204 228
205 228
209 228
213 228
214 228
215 228
216 228
217 228
218 228
219 228
220 228
201 229
207 229
211 229
212 229
214 229
219 229
220 229
201 230
202 230
203 230
204 230
205 230
208 230
209 230
210 230
212 230
214 230
215 230
216 230
217 230
201 231
202 231
204 231
205 231
206 231
208 231
212 231
213 231
217 231
203 232
207 232
211 232
213 232
216 232
219 232
220 232
201 233
214 233
215 233
217 233
219 233
220 233
201 234
203 234
204 234
205 234
206 234
207 234
209 234
210 234
211 234
213 234
215 234
218 234
220 234
205 235
214 235
216 235
218 235
220 235
201 236
202 236
203 236
207 236
208 236
209 236
210 236
212 236
213 236
215 236
220 236
201 237
204 237
209 237
214 237
215 237
216 237
201 238
203 238
204 238
207 238
208 238
210 238
212 238
213 238
215 238
218 238
201 239
203 239
205 239
206 239
207 239
209 239
210 239
212 239
213 239
216 239
219 239
220 239
202 240
204 240
206 240
208 240
211 240
212 240
213 240
214 240
215 240
216 240
217 240
218 240
221 241
224 241
225 241
226 241
227 241
231 241
233 241
234 241
237 241
238 241
224 242
225 242
226 242
228 242
232 242
236 242
237 242
239 242
240 242
221 243
223 243
225 243
227 243
228 243
230 243
233 243
236 243
238 243
239 243
240 243
223 244
226 244
227 244
229 244
233 244
236 244
221 245
222 245
223 245
225 245
227 245
229 245
230 245
233 245
236 245
240 245
221 246
224 246
225 246
226 246
227 246
228 246
229 246
230 246
231 246
234 246
235 246
236 246
237 246
238 246
240 246
223 247
224 247
229 247
231 247
232 247
233 247
234 247
235 247
237 247
238 247
239 247
240 247
221 248
223 248
228 248
229 248
232 248
234 248
235 248
239 248
240 248
221 249
225 249
226 249
228 249
229 249
232 249
239 249
240 249
221 250
222 250
223 250
224 250
225 250
226 250
227 250
228 250
231 250
234 250
236 250
238 250
221 251
223 251
225 251
226 251
227 251
228 251
231 251
233 251
235 251
236 251
237 251
239 251
222 252
223 252
224 252
225 252
227 252
229 252
230 252
231 252
233 252
234 252
238 252
239 252
221 253
222 253
223 253
226 253
228 253
232 253
233 253
234 253
235 253
237 253
239 253
240 253
221 254
222 254
223 254
224 254
228 254
233 254
239 254
225 255
226 255
237 255
238 255
239 255
222 256
223 256
224 256
226 256
227 256
228 256
231 256
232 256
234 256
237 256
238 256
240 256
221 257
222 257
230 257
232 257
237 257
221 258
222 258
223 258
224 258
226 258
229 258
233 258
234 258
237 258
239 258
223 259
224 259
225 259
227 259
228 259
229 259
230 259
233 259
235 259
236 259
238 259
239 259
223 260
225 260
228 260
230 260
231 260
235 260
240 260
241 261
242 261
243 261
245 261
246 261
248 261
249 261
251 261
254 261
256 261
257 261
258 261
259 261
243 262
244 262
246 262
248 262
250 262
252 262
257 262
260 262
242 263
244 263
245 263
246 263
247 263
248 263
249 263
251 263
252 263
253 263
255 263
256 263
257 263
243 264
244 264
245 264
246 264
247 264
248 264
250 264
254 264
256 264
260 264
242 265
243 265
244 265
246 265
247 265
248 265
250 265
253 265
255 265
259 265
241 266
244 266
245 266
247 266
250 266
252 266
258 266
259 266
241 267
246 267
247 267
249 267
251 267
254 267
255 267
257 267
258 267
241 268
242 268
244 268
245 268
247 268
248 268
250 268
253 268
254 268
256 268
259 268
242 269
243 269
244 269
248 269
249 269
250 269
252 269
253 269
256 269
257 269
259 269
244 270
245 270
249 270
250 270
253 270
254 270
255 270
257 270
260 270
241 271
243 271
245 271
246 271
248 271
252 271
253 271
254 271
255 271
256 271
258 271
259 271
260 271
241 272
242 272
244 272
245 272
247 272
249 272
250 272
251 272
254 272
257 272
258 272
260 272
242 273
243 273
245 273
247 273
248 273
250 273
251 273
256 273
258 273
260 273
241 274
243 274
244 274
245 274
246 274
247 274
249 274
250 274
251 274
252 274
254 274
255 274
259 274
260 274
241 275
244 275
247 275
251 275
252 275
254 275
255 275
256 275
258 275
241 276
242 276
243 276
244 276
245 276
247 276
248 276
249 276
250 276
251 276
252 276
253 276
254 276
255 276
256 276
257 276
259 276
260 276
241 277
242 277
243 277
244 277
247 277
248 277
250 277
252 277
254 277
255 277
256 277
258 277
259 277
242 278
245 278
248 278
249 278
250 278
254 278
256 278
257 278
258 278
259 278
260 278
242 279
243 279
245 279
247 279
248 279
249 279
250 279
251 279
256 279
259 279
260 279
243 280
245 280
246 280
248 280
250 280
251 280
255 280
257 280
258 280
259 280
263 281
264 281
265 281
266 281
269 281
271 281
272 281
273 281
275 281
277 281
278 281
279 281
280 281
263 282
265 282
267 282
269 282
270 282
272 282
274 282
275 282
276 282
279 282
280 282
264 283
266 283
267 283
270 283
271 283
272 283
274 283
280 283
261 284
265 284
266 284
267 284
270 284
273 284
274 284
275 284
279 284
280 284
264 285
266 285
268 285
269 285
272 285
273 285
276 285
277 285
278 285
279 285
261 286
262 286
264 286
266 286
267 286
269 286
270 286
271 286
274 286
275 286
261 287
262 287
265 287
266 287
267 287
268 287
269 287
270 287
272 287
274 287
277 287
278 287
279 287
262 288
263 288
264 288
266 288
267 288
268 288
270 288
278 288
261 289
263 289
266 289
267 289
270 289
272 289
273 289
274 289
275 289
279 289
280 289
261 290
266 290
267 290
268 290
269 290
270 290
272 290
273 290
275 290
278 290
280 290
267 291
268 291
274 291
275 291
276 291
277 291
278 291
263 292
265 292
266 292
267 292
269 292
270 292
271 292
272 292
273 292
274 292
275 292
277 292
278 292
280 292
262 293
266 293
267 293
268 293
269 293
271 293
272 293
275 293
277 293
279 293
280 293
261 294
262 294
264 294
266 294
267 294
269 294
272 294
273 294
277 294
261 295
262 295
263 295
264 295
266 295
274 295
276 295
262 296
263 296
264 296
265 296
271 296
273 296
278 296
264 297
266 297
267 297
268 297
269 297
270 297
271 297
272 297
273 297
276 297
280 297
261 298
267 298
268 298
271 298
276 298
277 298
278 298
279 298
263 299
265 299
266 299
267 299
268 299
269 299
270 299
272 299
274 299
279 299
280 299
261 300
263 300
266 300
268 300
270 300
272 300
273 300
274 300
275 300
276 300
277 300
279 300
282 301
286 301
287 301
289 301
291 301
292 301
293 301
294 301
299 301
300 301
283 302
284 302
286 302
290 302
292 302
295 302
298 302
300 302
282 303
283 303
285 303
286 303
289 303
291 303
292 303
293 303
294 303
297 303
299 303
284 304
286 304
287 304
288 304
292 304
294 304
296 304
297 304
282 305
285 305
287 305
289 305
291 305
292 305
295 305
300 305
281 306
283 306
286 306
288 306
289 306
290 306
292 306
293 306
297 306
299 306
300 306
281 307
282 307
288 307
289 307
290 307
294 307
295 307
296 307
300 307
281 308
284 308
285 308
287 308
288 308
290 308
299 308
300 308
282 309
283 309
284 309
285 309
286 309
287 309
288 309
289 309
298 309
299 309
300 309
281 310
282 310
283 310
288 310
289 310
296 310
298 310
282 311
283 311
285 311
288 311
289 311
293 311
297 311
298 311
281 312
287 312
290 312
291 312
293 312
294 312
296 312
300 312
282 313
283 313
285 313
288 313
289 313
290 313
292 313
293 313
297 313
299 313
300 313
282 314
283 314
284 314
285 314
286 314
287 314
288 314
291 314
292 314
294 314
296 314
297 314
299 314
300 314
282 315
285 315
288 315
291 315
294 315
295 315
297 315
285 316
287 316
290 316
292 316
283 317
284 317
285 317
287 317
288 317
292 317
293 317
296 317
300 317
282 318
283 318
284 318
285 318
287 318
290 318
292 318
294 318
295 318
296 318
300 318
281 319
283 319
287 319
288 319
289 319
290 319
291 319
292 319
293 319
294 319
296 319
281 320
282 320
284 320
285 320
287 320
288 320
289 320
292 320
293 320
296 320
297 320
302 321
303 321
307 321
308 321
310 321
312 321
315 321
317 321
320 321
303 322
308 322
311 322
313 322
314 322
316 322
301 323
302 323
306 323
309 323
310 323
311 323
318 323
319 323
320 323
301 324
302 324
303 324
305 324
306 324
307 324
310 324
311 324
312 324
313 324
317 324
318 324
319 324
320 324
301 325
302 325
305 325
308 325
310 325
311 325
312 325
317 325
318 325
303 326
305 326
307 326
310 326
311 326
315 326
316 326
317 326
319 326
320 326
303 327
307 327
310 327
311 327
312 327
315 327
316 327
319 327
301 328
302 328
305 328
309 328
314 328
317 328
303 329
305 329
306 329
308 329
309 329
310 329
313 329
317 329
320 329
301 330
302 330
303 330
305 330
306 330
307 330
309 330
310 330
311 330
315 330
316 330
319 330
301 331
302 331
303 331
304 331
305 331
307 331
309 331
314 331
316 331
317 331
318 331
319 331
301 332
304 332
305 332
306 332
308 332
310 332
314 332
316 332
319 332
320 332
301 333
302 333
306 333
308 333
311 333
312 333
314 333
316 333
318 333
319 333
301 334
302 334
303 334
307 334
310 334
311 334
313 334
314 334
315 334
316 334
318 334
320 334
302 335
303 335
304 335
305 335
308 335
311 335
312 335
314 335
316 335
318 335
319 335
320 335
303 336
304 336
311 336
316 336
317 336
319 336
302 337
305 337
310 337
313 337
316 337
318 337
319 337
302 338
304 338
305 338
307 338
308 338
310 338
311 338
314 338
315 338
316 338
318 338
303 339
305 339
306 339
307 339
308 339
310 339
311 339
313 339
315 339
317 339
318 339
320 339
302 340
304 340
305 340
306 340
308 340
309 340
311 340
312 340
319 340
322 341
324 341
325 341
328 341
331 341
332 341
333 341
334 341
335 341
337 341
322 342
323 342
324 342
330 342
331 342
332 342
334 342
336 342
337 342
338 342
322 343
325 343
326 343
327 343
328 343
329 343
330 343
332 343
335 343
336 343
337 343
338 343
339 343
340 343
321 344
322 344
325 344
326 344
328 344
331 344
332 344
333 344
336 344
337 344
339 344
321 345
323 345
325 345
326 345
329 345
330 345
331 345
333 345
337 345
322 346
324 346
325 346
327 346
328 346
331 346
332 346
334 346
335 346
336 346
339 346
322 347
323 347
325 347
326 347
327 347
330 347
332 347
334 347
336 347
338 347
325 348
328 348
332 348
334 348
335 348
336 348
337 348
338 348
321 349
325 349
326 349
327 349
328 349
329 349
332 349
333 349
334 349
335 349
337 349
338 349
339 349
325 350
326 350
327 350
328 350
329 350
330 350
331 350
332 350
333 350
336 350
339 350
340 350
322 351
324 351
326 351
330 351
331 351
333 351
335 351
336 351
337 351
338 351
339 351
340 351
321 352
322 352
323 352
324 352
326 352
329 352
331 352
332 352
333 352
334 352
335 352
336 352
338 352
322 353
324 353
326 353
327 353
328 353
329 353
330 353
332 353
333 353
336 353
340 353
321 354
324 354
327 354
330 354
332 354
333 354
334 354
335 354
338 354
339 354
323 355
327 355
330 355
331 355
334 355
340 355
323 356
324 356
325 356
326 356
330 356
334 356
338 356
326 357
327 357
330 357
331 357
334 357
335 357
336 357
338 357
322 358
325 358
327 358
329 358
335 358
336 358
339 358
340 358
324 359
325 359
327 359
329 359
330 359
331 359
332 359
333 359
334 359
338 359
321 360
324 360
325 360
329 360
330 360
331 360
333 360
334 360
335 360
337 360
338 360
340 360
345 361
346 361
347 361
350 361
353 361
354 361
356 361
357 361
359 361
342 362
343 362
345 362
346 362
347 362
350 362
354 362
357 362
358 362
360 362
343 363
345 363
346 363
347 363
348 363
351 363
352 363
354 363
356 363
357 363
343 364
345 364
346 364
348 364
349 364
350 364
355 364
357 364
359 364
360 364
341 365
343 365
344 365
346 365
347 365
350 365
351 365
352 365
354 365
357 365
358 365
359 365
341 366
342 366
344 366
345 366
346 366
347 366
350 366
352 366
354 366
355 366
356 366
357 366
358 366
360 366
341 367
343 367
346 367
348 367
349 367
351 367
352 367
353 367
354 367
355 367
357 367
358 367
360 367
341 368
342 368
343 368
344 368
345 368
349 368
350 368
351 368
354 368
355 368
357 368
358 368
359 368
342 369
343 369
344 369
346 369
347 369
356 369
359 369
342 370
345 370
347 370
351 370
352 370
355 370
358 370
359 370
341 371
343 371
344 371
345 371
346 371
348 371
353 371
354 371
358 371
341 372
342 372
343 372
346 372
347 372
349 372
350 372
354 372
358 372
359 372
341 373
342 373
347 373
348 373
349 373
350 373
353 373
354 373
357 373
358 373
359 373
342 374
346 374
349 374
351 374
352 374
354 374
357 374
359 374
360 374
343 375
344 375
345 375
347 375
349 375
350 375
351 375
352 375
353 375
354 375
356 375
342 376
344 376
346 376
349 376
352 376
353 376
354 376
355 376
357 376
358 376
360 376
341 377
343 377
344 377
346 377
347 377
353 377
356 377
357 377
359 377
360 377
341 378
343 378
347 378
353 378
355 378
357 378
342 379
349 379
350 379
354 379
356 379
358 379
360 379
341 380
342 380
344 380
345 380
346 380
348 380
349 380
350 380
353 380
355 380
356 380
359 380
367 381
368 381
369 381
374 381
375 381
377 381
378 381
379 381
363 382
365 382
367 382
368 382
370 382
372 382
373 382
374 382
361 383
365 383
367 383
368 383
369 383
372 383
373 383
374 383
375 383
377 383
378 383
379 383
380 383
361 384
362 384
363 384
367 384
370 384
371 384
373 384
375 384
378 384
366 385
368 385
370 385
374 385
380 385
364 386
365 386
368 386
370 386
376 386
377 386
363 387
364 387
367 387
368 387
369 387
374 387
375 387
377 387
378 387
379 387
380 387
361 388
363 388
364 388
367 388
369 388
370 388
371 388
373 388
374 388
377 388
378 388
361 389
362 389
363 389
364 389
368 389
370 389
371 389
372 389
373 389
375 389
377 389
380 389
361 390
363 390
365 390
367 390
369 390
370 390
371 390
372 390
375 390
377 390
379 390
362 391
363 391
365 391
366 391
368 391
371 391
373 391
376 391
377 391
378 391
380 391
361 392
363 392
364 392
368 392
369 392
370 392
372 392
374 392
380 392
361 393
367 393
370 393
371 393
372 393
373 393
375 393
376 393
364 394
365 394
366 394
367 394
368 394
372 394
374 394
377 394
362 395
368 395
369 395
370 395
371 395
375 395
376 395
377 395
379 395
380 395
362 396
367 396
371 396
373 396
376 396
361 397
363 397
365 397
366 397
367 397
369 397
370 397
371 397
373 397
374 397
377 397
378 397
379 397
361 398
363 398
371 398
372 398
375 398
378 398
380 398
361 399
363 399
365 399
366 399
367 399
371 399
372 399
373 399
374 399
375 399
376 399
379 399
380 399
364 400
366 400
367 400
368 400
371 400
372 400
374 400
375 400
378 400
380 400
383 401
384 401
385 401
386 401
387 401
388 401
389 401
390 401
392 401
394 401
395 401
398 401
400 401
383 402
384 402
386 402
387 402
392 402
393 402
394 402
397 402
400 402
381 403
385 403
386 403
387 403
388 403
390 403
391 403
392 403
393 403
395 403
396 403
397 403
398 403
399 403
400 403
385 404
387 404
388 404
389 404
390 404
391 404
392 404
394 404
398 404
400 404
381 405
382 405
383 405
384 405
388 405
389 405
390 405
391 405
393 405
394 405
399 405
382 406
385 406
388 406
389 406
390 406
391 406
393 406
394 406
395 406
398 406
381 407
382 407
383 407
384 407
385 407
387 407
388 407
389 407
390 407
392 407
393 407
394 407
395 407
396 407
398 407
382 408
383 408
387 408
391 408
398 408
399 408
400 408
383 409
384 409
385 409
387 409
388 409
389 409
393 409
394 409
397 409
398 409
399 409
384 410
386 410
387 410
391 410
393 410
394 410
395 410
397 410
398 410
382 411
384 411
386 411
388 411
390 411
394 411
396 411
397 411
400 411
383 412
389 412
391 412
392 412
396 412
398 412
399 412
385 413
388 413
390 413
394 413
395 413
396 413
398 413
400 413
383 414
384 414
387 414
389 414
390 414
391 414
394 414
395 414
396 414
397 414
399 414
381 415
384 415
386 415
387 415
390 415
395 415
396 415
397 415
398 415
400 415
381 416
382 416
383 416
385 416
386 416
387 416
390 416
392 416
396 416
398 416
381 417
382 417
385 417
386 417
390 417
393 417
394 417
397 417
398 417
381 418
385 418
386 418
388 418
392 418
394 418
395 418
398 418
383 419
384 419
386 419
388 419
390 419
391 419
392 419
393 419
395 419
398 419
399 419
400 419
381 420
383 420
384 420
385 420
387 420
388 420
392 420
393 420
395 420
397 420
398 420
399 420
402 421
403 421
404 421
411 421
413 421
414 421
415 421
416 421
417 421
419 421
404 422
406 422
408 422
410 422
413 422
414 422
415 422
416 422
417 422
419 422
420 422
401 423
402 423
403 423
404 423
405 423
406 423
411 423
417 423
401 424
403 424
405 424
406 424
407 424
409 424
410 424
411 424
414 424
417 424
419 424
420 424
401 425
402 425
404 425
405 425
406 425
407 425
408 425
409 425
412 425
416 425
417 425
418 425
419 425
420 425
402 426
404 426
406 426
409 426
410 426
414 426
417 426
420 426
401 427
404 427
405 427
407 427
410 427
412 427
413 427
417 427
418 427
419 427
403 428
404 428
405 428
407 428
410 428
412 428
414 428
415 428
416 428
417 428
419 428
420 428
401 429
404 429
405 429
409 429
412 429
413 429
414 429
417 429
418 429
420 429
401 430
402 430
403 430
404 430
405 430
406 430
407 430
409 430
410 430
412 430
413 430
416 430
418 430
402 431
404 431
405 431
407 431
409 431
410 431
413 431
414 431
416 431
417 431
418 431
420 431
403 432
405 432
406 432
407 432
408 432
411 432
414 432
415 432
416 432
418 432
419 432
420 432
401 433
402 433
403 433
404 433
406 433
407 433
413 433
414 433
416 433
417 433
402 434
403 434
406 434
407 434
409 434
411 434
413 434
416 434
419 434
401 435
402 435
404 435
405 435
412 435
413 435
414 435
416 435
419 435
401 436
402 436
405 436
407 436
408 436
410 436
413 436
414 436
415 436
416 436
417 436
418 436
419 436
401 437
405 437
408 437
409 437
410 437
415 437
416 437
417 437
418 437
419 437
420 437
407 438
412 438
413 438
415 438
416 438
418 438
401 439
402 439
403 439
404 439
405 439
406 439
407 439
409 439
411 439
412 439
413 439
414 439
415 439
401 440
402 440
403 440
405 440
406 440
408 440
412 440
414 440
415 440
416 440
421 441
423 441
426 441
427 441
428 441
429 441
430 441
431 441
436 441
437 441
423 442
427 442
429 442
433 442
434 442
435 442
437 442
438 442
422 443
423 443
424 443
426 443
428 443
432 443
433 443
434 443
436 443
421 444
423 444
428 444
432 444
435 444
439 444
440 444
422 445
423 445
424 445
431 445
421 446
424 446
425 446
428 446
429 446
433 446
434 446
438 446
439 446
440 446
423 447
426 447
429 447
430 447
431 447
432 447
434 447
435 447
436 447
437 447
422 448
423 448
425 448
427 448
430 448
432 448
435 448
436 448
437 448
439 448
422 449
423 449
424 449
428 449
429 449
432 449
421 450
423 450
424 450
425 450
426 450
428 450
430 450
432 450
439 450
422 451
423 451
425 451
426 451
428 451
432 451
435 451
436 451
437 451
438 451
422 452
424 452
425 452
430 452
432 452
435 452
437 452
440 452
421 453
422 453
425 453
427 453
428 453
429 453
430 453
434 453
435 453
436 453
439 453
422 454
423 454
424 454
425 454
427 454
428 454
429 454
430 454
431 454
432 454
433 454
435 454
439 454
423 455
424 455
425 455
426 455
428 455
429 455
431 455
432 455
434 455
435 455
436 455
438 455
439 455
423 456
426 456
427 456
428 456
429 456
430 456
431 456
432 456
433 456
434 456
435 456
440 456
421 457
427 457
428 457
429 457
431 457
432 457
433 457
434 457
435 457
436 457
437 457
423 458
424 458
425 458
426 458
427 458
431 458
432 458
435 458
436 458
438 458
423 459
427 459
429 459
431 459
433 459
439 459
440 459
421 460
423 460
424 460
425 460
426 460
427 460
431 460
433 460
434 460
435 460
438 460
439 460
442 461
443 461
449 461
450 461
452 461
454 461
456 461
458 461
459 461
460 461
441 462
443 462
444 462
445 462
446 462
448 462
450 462
451 462
453 462
454 462
455 462
456 462
457 462
459 462
460 462
441 463
442 463
446 463
451 463
452 463
453 463
458 463
459 463
460 463
441 464
445 464
446 464
456 464
460 464
445 465
446 465
448 465
452 465
453 465
454 465
455 465
456 465
441 466
444 466
446 466
447 466
448 466
449 466
450 466
451 466
452 466
453 466
457 466
441 467
444 467
446 467
449 467
450 467
451 467
452 467
453 467
455 467
457 467
459 467
460 467
443 468
445 468
447 468
448 468
451 468
452 468
454 468
457 468
458 468
460 468
442 469
443 469
444 469
447 469
448 469
452 469
455 469
456 469
457 469
442 470
444 470
447 470
448 470
449 470
450 470
452 470
453 470
456 470
442 471
443 471
444 471
445 471
447 471
449 471
452 471
453 471
454 471
457 471
459 471
460 471
442 472
448 472
449 472
452 472
453 472
454 472
456 472
457 472
459 472
460 472
441 473
445 473
448 473
450 473
452 473
454 473
455 473
457 473
459 473
441 474
443 474
450 474
451 474
452 474
454 474
455 474
456 474
457 474
458 474
459 474
441 475
442 475
445 475
446 475
452 475
453 475
454 475
455 475
458 475
459 475
442 476
444 476
446 476
447 476
449 476
450 476
452 476
454 476
456 476
457 476
458 476
459 476
460 476
442 477
444 477
445 477
446 477
451 477
452 477
454 477
456 477
457 477
458 477
460 477
441 478
442 478
444 478
446 478
449 478
450 478
452 478
454 478
455 478
458 478
459 478
460 478
441 479
442 479
443 479
444 479
446 479
447 479
448 479
449 479
450 479
451 479
452 479
454 479
455 479
460 479
443 480
446 480
449 480
450 480
451 480
456 480
457 480
458 480
459 480
460 480
461 481
464 481
466 481
468 481
470 481
472 481
474 481
475 481
477 481
478 481
462 482
463 482
467 482
471 482
476 482
478 482
479 482
464 483
467 483
473 483
478 483
461 484
462 484
463 484
464 484
467 484
468 484
470 484
471 484
472 484
474 484
476 484
478 484
479 484
480 484
462 485
465 485
469 485
474 485
475 485
479 485
461 486
462 486
463 486
464 486
465 486
468 486
470 486
471 486
472 486
474 486
477 486
478 486
479 486
480 486
462 487
464 487
466 487
468 487
469 487
470 487
473 487
474 487
479 487
480 487
461 488
462 488
463 488
467 488
469 488
470 488
471 488
473 488
474 488
475 488
477 488
479 488
461 489
462 489
465 489
466 489
469 489
470 489
473 489
476 489
477 489
478 489
479 489
461 490
463 490
466 490
468 490
473 490
474 490
475 490
476 490
479 490
463 491
466 491
471 491
473 491
474 491
477 491
480 491
461 492
463 492
464 492
465 492
466 492
468 492
473 492
474 492
475 492
463 493
464 493
466 493
468 493
469 493
470 493
472 493
474 493
476 493
477 493
479 493
480 493
461 494
463 494
465 494
467 494
468 494
469 494
470 494
471 494
473 494
476 494
478 494
479 494
480 494
462 495
465 495
467 495
468 495
469 495
470 495
471 495
473 495
474 495
475 495
476 495
480 495
462 496
463 496
468 496
469 496
470 496
476 496
477 496
478 496
479 496
480 496
461 497
462 497
463 497
464 497
465 497
466 497
468 497
469 497
470 497
471 497
472 497
474 497
475 497
476 497
477 497
462 498
470 498
471 498
472 498
478 498
479 498
480 498
466 499
468 499
469 499
470 499
471 499
472 499
473 499
474 499
475 499
476 499
478 499
479 499
461 500
463 500
466 500
468 500
470 500
471 500
477 500
478 500
479 500
481 501
485 501
489 501
491 501
495 501
496 501
497 501
498 501
499 501
500 501
484 502
489 502
490 502
491 502
495 502
496 502
497 502
498 502
483 503
486 503
487 503
489 503
490 503
491 503
492 503
494 503
495 503
497 503
498 503
499 503
481 504
486 504
487 504
488 504
489 504
491 504
497 504
499 504
481 505
486 505
487 505
489 505
492 505
499 505
500 505
483 506
484 506
488 506
489 506
493 506
495 506
497 506
500 506
483 507
484 507
488 507
490 507
494 507
495 507
496 507
497 507
498 507
499 507
500 507
481 508
485 508
487 508
488 508
490 508
494 508
495 508
497 508
481 509
482 509
487 509
493 509
494 509
496 509
497 509
499 509
481 510
483 510
484 510
485 510
487 510
489 510
490 510
492 510
494 510
495 510
499 510
481 511
484 511
487 511
488 511
491 511
495 511
498 511
499 511
500 511
481 512
482 512
484 512
486 512
487 512
488 512
490 512
491 512
493 512
494 512
498 512
484 513
485 513
486 513
487 513
488 513
491 513
494 513
495 513
496 513
498 513
499 513
482 514
487 514
489 514
490 514
495 514
498 514
499 514
500 514
482 515
485 515
486 515
489 515
490 515
491 515
493 515
495 515
497 515
499 515
481 516
482 516
487 516
488 516
490 516
491 516
492 516
493 516
494 516
496 516
497 516
498 516
500 516
481 517
482 517
485 517
486 517
487 517
491 517
493 517
495 517
497 517
500 517
481 518
482 518
484 518
485 518
488 518
489 518
491 518
492 518
495 518
498 518
483 519
485 519
491 519
493 519
494 519
495 519
496 519
497 519
498 519
500 519
481 520
482 520
485 520
487 520
489 520
493 520
496 520
497 520
499 520
500 520
501 521
502 521
506 521
507 521
509 521
511 521
512 521
513 521
516 521
517 521
519 521
520 521
501 522
503 522
505 522
506 522
510 522
511 522
512 522
513 522
514 522
518 522
519 522
520 522
502 523
506 523
507 523
511 523
512 523
513 523
514 523
515 523
516 523
517 523
518 523
519 523
520 523
501 524
502 524
504 524
507 524
509 524
510 524
511 524
515 524
518 524
519 524
501 525
502 525
503 525
505 525
507 525
508 525
513 525
515 525
517 525
519 525
502 526
506 526
507 526
508 526
510 526
511 526
516 526
519 526
520 526
501 527
503 527
505 527
506 527
508 527
509 527
510 527
512 527
513 527
514 527
515 527
516 527
518 527
519 527
506 528
508 528
510 528
512 528
515 528
502 529
503 529
505 529
506 529
508 529
510 529
513 529
514 529
515 529
516 529
517 529
518 529
519 529
520 529
501 530
503 530
504 530
507 530
509 530
512 530
513 530
515 530
516 530
518 530
520 530
502 531
504 531
506 531
510 531
511 531
513 531
517 531
519 531
501 532
502 532
504 532
505 532
509 532
511 532
513 532
515 532
519 532
520 532
501 533
502 533
503 533
506 533
507 533
509 533
511 533
512 533
513 533
514 533
520 533
501 534
502 534
503 534
506 534
508 534
509 534
512 534
513 534
514 534
501 535
504 535
506 535
507 535
512 535
514 535
516 535
517 535
518 535
519 535
503 536
504 536
506 536
510 536
511 536
516 536
517 536
501 537
504 537
506 537
511 537
516 537
518 537
520 537
501 538
503 538
504 538
505 538
507 538
508 538
509 538
511 538
513 538
514 538
516 538
518 538
519 538
520 538
504 539
505 539
506 539
509 539
510 539
511 539
512 539
513 539
516 539
518 539
519 539
520 539
503 540
504 540
508 540
509 540
510 540
512 540
517 540
518 540
519 540
522 541
525 541
526 541
527 541
528 541
529 541
535 541
538 541
540 541
521 542
523 542
524 542
525 542
528 542
529 542
532 542
535 542
537 542
538 542
540 542
521 543
522 543
525 543
526 543
527 543
528 543
530 543
531 543
534 543
540 543
521 544
526 544
531 544
532 544
534 544
535 544
538 544
539 544
521 545
526 545
528 545
530 545
531 545
535 545
538 545
521 546
522 546
524 546
525 546
528 546
530 546
531 546
538 546
539 546
540 546
521 547
523 547
524 547
525 547
526 547
528 547
529 547
531 547
533 547
535 547
536 547
537 547
538 547
540 547
522 548
523 548
527 548
529 548
530 548
531 548
532 548
533 548
534 548
535 548
537 548
538 548
521 549
522 549
523 549
525 549
526 549
527 549
530 549
531 549
532 549
533 549
535 549
537 549
539 549
540 549
521 550
523 550
527 550
528 550
529 550
532 550
536 550
537 550
538 550
539 550
521 551
522 551
528 551
529 551
532 551
533 551
535 551
536 551
537 551
539 551
521 552
522 552
523 552
526 552
528 552
530 552
532 552
533 552
536 552
538 552
539 552
522 553
523 553
524 553
525 553
527 553
529 553
531 553
532 553
533 553
535 553
536 553
539 553
521 554
522 554
526 554
527 554
531 554
533 554
537 554
527 555
530 555
532 555
535 555
536 555
537 555
538 555
540 555
522 556
523 556
526 556
533 556
537 556
539 556
524 557
528 557
529 557
530 557
533 557
535 557
539 557
522 558
523 558
525 558
526 558
527 558
528 558
531 558
534 558
536 558
540 558
521 559
523 559
525 559
528 559
529 559
533 559
534 559
535 559
536 559
538 559
539 559
540 559
524 560
526 560
527 560
531 560
532 560
533 560
536 560
542 561
543 561
545 561
546 561
547 561
549 561
551 561
552 561
553 561
555 561
556 561
557 561
558 561
560 561
544 562
545 562
547 562
548 562
549 562
550 562
554 562
559 562
560 562
547 563
550 563
551 563
553 563
554 563
557 563
559 563
541 564
542 564
544 564
546 564
547 564
549 564
550 564
553 564
554 564
558 564
559 564
560 564
542 565
549 565
550 565
551 565
552 565
553 565
554 565
555 565
558 565
560 565
543 566
545 566
551 566
557 566
559 566
560 566
542 567
543 567
544 567
547 567
549 567
553 567
554 567
557 567
559 567
541 568
543 568
544 568
545 568
546 568
548 568
550 568
553 568
555 568
556 568
560 568
542 569
545 569
548 569
551 569
552 569
553 569
555 569
557 569
558 569
542 570
543 570
544 570
547 570
548 570
550 570
551 570
552 570
555 570
558 570
560 570
541 571
542 571
545 571
546 571
550 571
551 571
552 571
553 571
554 571
557 571
559 571
560 571
541 572
545 572
546 572
547 572
551 572
552 572
553 572
554 572
555 572
557 572
558 572
559 572
560 572
541 573
542 573
544 573
545 573
546 573
547 573
549 573
550 573
552 573
553 573
556 573
557 573
558 573
559 573
560 573
541 574
542 574
544 574
546 574
548 574
549 574
551 574
556 574
559 574
542 575
543 575
544 575
547 575
548 575
553 575
555 575
556 575
558 575
559 575
560 575
543 576
544 576
545 576
547 576
548 576
549 576
550 576
554 576
555 576
558 576
560 576
541 577
542 577
543 577
544 577
547 577
549 577
550 577
552 577
557 577
558 577
559 577
560 577
541 578
543 578
544 578
545 578
546 578
547 578
548 578
549 578
555 578
557 578
560 578
543 579
545 579
547 579
549 579
550 579
552 579
554 579
556 579
557 579
558 579
543 580
544 580
548 580
556 580
557 580
558 580
562 581
567 581
568 581
572 581
574 581
577 581
578 581
579 581
580 581
562 582
563 582
566 582
567 582
576 582
578 582
561 583
562 583
564 583
565 583
566 583
569 583
571 583
573 583
575 583
576 583
577 583
579 583
580 583
561 584
563 584
566 584
569 584
572 584
574 584
576 584
577 584
578 584
579 584
580 584
563 585
565 585
567 585
568 585
569 585
570 585
572 585
575 585
578 585
580 585
562 586
563 586
564 586
566 586
567 586
568 586
570 586
572 586
573 586
574 586
576 586
578 586
579 586
580 586
563 587
567 587
569 587
570 587
571 587
575 587
577 587
578 587
580 587
561 588
563 588
564 588
569 588
570 588
575 588
576 588
577 588
578 588
579 588
561 589
563 589
564 589
566 589
568 589
570 589
572 589
574 589
575 589
576 589
577 589
579 589
580 589
561 590
562 590
563 590
564 590
566 590
567 590
568 590
570 590
572 590
573 590
576 590
580 590
561 591
563 591
567 591
568 591
569 591
570 591
571 591
574 591
578 591
580 591
562 592
563 592
565 592
566 592
567 592
569 592
570 592
571 592
573 592
574 592
575 592
576 592
579 592
580 592
565 593
566 593
571 593
574 593
575 593
578 593
580 593
563 594
565 594
568 594
572 594
573 594
575 594
576 594
580 594
566 595
568 595
569 595
570 595
571 595
574 595
577 595
579 595
580 595
562 596
563 596
565 596
566 596
571 596
574 596
576 596
577 596
578 596
580 596
565 597
566 597
568 597
569 597
573 597
576 597
577 597
579 597
580 597
562 598
563 598
567 598
569 598
570 598
571 598
572 598
573 598
575 598
579 598
580 598
563 599
564 599
565 599
566 599
567 599
568 599
571 599
573 599
574 599
575 599
576 599
561 600
563 600
565 600
566 600
568 600
572 600
575 600
579 600
580 600
581 601
582 601
592 601
594 601
595 601
596 601
597 601
600 601
581 602
584 602
586 602
587 602
588 602
590 602
592 602
594 602
595 602
596 602
597 602
598 602
600 602
581 603
585 603
588 603
589 603
590 603
591 603
592 603
593 603
597 603
600 603
582 604
583 604
584 604
585 604
589 604
592 604
598 604
599 604
600 604
583 605
584 605
585 605
587 605
588 605
594 605
595 605
598 605
600 605
581 606
583 606
584 606
585 606
586 606
588 606
590 606
591 606
593 606
594 606
597 606
586 607
587 607
588 607
591 607
593 607
594 607
595 607
596 607
600 607
582 608
583 608
586 608
587 608
589 608
592 608
593 608
595 608
596 608
597 608
598 608
599 608
600 608
586 609
587 609
588 609
590 609
592 609
595 609
596 609
600 609
582 610
583 610
591 610
595 610
598 610
599 610
581 611
584 611
588 611
589 611
590 611
592 611
594 611
597 611
599 611
600 611
582 612
583 612
585 612
586 612
587 612
594 612
597 612
598 612
583 613
585 613
586 613
588 613
589 613
593 613
595 613
597 613
598 613
582 614
583 614
591 614
592 614
594 614
596 614
597 614
598 614
600 614
581 615
582 615
583 615
587 615
588 615
589 615
595 615
598 615
599 615
584 616
585 616
587 616
588 616
590 616
592 616
594 616
596 616
597 616
598 616
600 616
581 617
582 617
584 617
586 617
588 617
589 617
591 617
592 617
593 617
594 617
597 617
598 617
600 617
581 618
585 618
586 618
588 618
589 618
595 618
597 618
598 618
582 619
584 619
586 619
587 619
589 619
596 619
597 619
598 619
599 619
600 619
581 620
582 620
584 620
587 620
588 620
592 620
593 620
594 620
599 620
600 620
601 621
604 621
606 621
609 621
610 621
612 621
615 621
616 621
601 622
602 622
608 622
609 622
610 622
611 622
615 622
616 622
617 622
619 622
607 623
610 623
611 623
612 623
616 623
619 623
620 623
603 624
605 624
606 624
607 624
608 624
609 624
615 624
616 624
617 624
620 624
601 625
602 625
603 625
605 625
607 625
612 625
616 625
618 625
619 625
601 626
603 626
604 626
608 626
612 626
613 626
614 626
616 626
619 626
601 627
602 627
604 627
605 627
611 627
612 627
613 627
617 627
618 627
620 627
602 628
604 628
605 628
606 628
607 628
609 628
611 628
612 628
615 628
616 628
620 628
605 629
608 629
611 629
614 629
616 629
617 629
618 629
602 630
604 630
605 630
607 630
608 630
609 630
610 630
616 630
601 631
603 631
604 631
608 631
609 631
610 631
615 631
616 631
617 631
618 631
601 632
602 632
604 632
606 632
607 632
608 632
609 632
611 632
613 632
615 632
617 632
618 632
619 632
620 632
607 633
608 633
611 633
614 633
616 633
617 633
603 634
604 634
605 634
606 634
607 634
608 634
609 634
613 634
614 634
615 634
617 634
619 634
601 635
602 635
605 635
608 635
612 635
614 635
619 635
602 636
603 636
604 636
605 636
615 636
616 636
617 636
620 636
601 637
602 637
603 637
604 637
607 637
608 637
609 637
611 637
613 637
614 637
615 637
616 637
617 637
619 637
601 638
604 638
606 638
608 638
611 638
613 638
614 638
618 638
619 638
620 638
601 639
602 639
603 639
604 639
605 639
606 639
608 639
610 639
614 639
616 639
620 639
601 640
602 640
604 640
605 640
607 640
608 640
610 640
611 640
615 640
616 640
619 640
621 641
625 641
627 641
630 641
633 641
634 641
636 641
637 641
638 641
639 641
640 641
628 642
629 642
630 642
631 642
632 642
634 642
636 642
637 642
639 642
640 642
622 643
626 643
627 643
628 643
632 643
633 643
634 643
635 643
640 643
626 644
627 644
630 644
631 644
635 644
636 644
639 644
621 645
623 645
624 645
625 645
626 645
627 645
628 645
629 645
630 645
631 645
634 645
635 645
636 645
637 645
638 645
621 646
622 646
623 646
624 646
629 646
632 646
633 646
635 646
638 646
622 647
623 647
624 647
629 647
630 647
631 647
633 647
634 647
636 647
638 647
621 648
623 648
625 648
630 648
631 648
632 648
633 648
635 648
637 648
638 648
640 648
621 649
622 649
625 649
626 649
627 649
628 649
629 649
633 649
634 649
636 649
637 649
638 649
639 649
621 650
622 650
623 650
624 650
625 650
627 650
630 650
631 650
634 650
635 650
639 650
621 651
630 651
632 651
634 651
636 651
640 651
623 652
625 652
626 652
628 652
633 652
634 652
636 652
621 653
624 653
625 653
626 653
627 653
631 653
633 653
635 653
626 654
627 654
628 654
629 654
630 654
632 654
633 654
634 654
635 654
636 654
637 654
639 654
640 654
621 655
624 655
626 655
627 655
629 655
631 655
632 655
634 655
635 655
636 655
638 655
621 656
625 656
629 656
632 656
637 656
639 656
623 657
624 657
626 657
627 657
631 657
633 657
634 657
635 657
639 657
640 657
621 658
623 658
626 658
628 658
630 658
631 658
633 658
636 658
639 658
621 659
628 659
629 659
630 659
633 659
634 659
637 659
638 659
640 659
622 660
624 660
627 660
628 660
629 660
631 660
632 660
633 660
636 660
637 660
639 660
641 661
642 661
643 661
649 661
650 661
651 661
653 661
655 661
658 661
660 661
641 662
643 662
648 662
649 662
652 662
655 662
658 662
659 662
646 663
649 663
650 663
653 663
654 663
656 663
657 663
659 663
643 664
645 664
648 664
650 664
652 664
653 664
654 664
655 664
656 664
659 664
660 664
647 665
649 665
652 665
654 665
655 665
656 665
660 665
641 666
642 666
643 666
647 666
649 666
651 666
652 666
653 666
654 666
655 666
659 666
660 666
641 667
644 667
646 667
650 667
651 667
652 667
654 667
659 667
660 667
641 668
642 668
643 668
644 668
648 668
650 668
652 668
655 668
656 668
658 668
659 668
660 668
641 669
642 669
644 669
646 669
648 669
650 669
653 669
654 669
655 669
656 669
659 669
660 669
642 670
646 670
649 670
652 670
655 670
656 670
657 670
659 670
641 671
644 671
646 671
650 671
653 671
654 671
658 671
659 671
660 671
643 672
644 672
645 672
649 672
650 672
651 672
652 672
653 672
655 672
657 672
659 672
642 673
644 673
645 673
650 673
651 673
652 673
653 673
654 673
657 673
659 673
642 674
644 674
646 674
647 674
649 674
652 674
653 674
654 674
657 674
658 674
660 674
644 675
646 675
647 675
649 675
650 675
652 675
654 675
657 675
660 675
646 676
648 676
649 676
651 676
652 676
655 676
656 676
657 676
659 676
660 676
641 677
642 677
644 677
645 677
647 677
648 677
650 677
651 677
656 677
657 677
658 677
659 677
643 678
651 678
654 678
655 678
658 678
659 678
641 679
643 679
645 679
648 679
650 679
651 679
656 679
660 679
641 680
643 680
646 680
649 680
650 680
651 680
653 680
656 680
657 680
660 680
661 681
664 681
665 681
666 681
668 681
669 681
670 681
671 681
673 681
674 681
675 681
677 681
679 681
680 681
663 682
664 682
667 682
670 682
672 682
673 682
675 682
678 682
679 682
661 683
663 683
664 683
665 683
666 683
667 683
668 683
672 683
673 683
678 683
679 683
680 683
664 684
665 684
666 684
669 684
671 684
675 684
676 684
677 684
679 684
663 685
665 685
667 685
668 685
669 685
671 685
673 685
676 685
679 685
664 686
665 686
666 686
667 686
669 686
671 686
672 686
680 686
661 687
662 687
665 687
670 687
672 687
673 687
675 687
678 687
679 687
680 687
661 688
666 688
667 688
668 688
670 688
673 688
674 688
675 688
678 688
679 688
680 688
661 689
662 689
663 689
665 689
666 689
668 689
672 689
673 689
674 689
675 689
678 689
662 690
664 690
666 690
667 690
672 690
673 690
674 690
675 690
676 690
677 690
680 690
662 691
666 691
669 691
673 691
674 691
676 691
678 691
661 692
662 692
667 692
668 692
673 692
674 692
675 692
679 692
661 693
662 693
664 693
667 693
668 693
670 693
675 693
677 693
678 693
662 694
663 694
664 694
665 694
669 694
670 694
672 694
674 694
675 694
676 694
677 694
678 694
680 694
664 695
665 695
666 695
667 695
669 695
670 695
671 695
673 695
675 695
676 695
677 695
679 695
661 696
662 696
663 696
664 696
669 696
675 696
676 696
678 696
680 696
661 697
663 697
665 697
666 697
670 697
671 697
672 697
673 697
674 697
675 697
676 697
678 697
679 697
661 698
662 698
663 698
667 698
668 698
669 698
670 698
671 698
674 698
675 698
677 698
679 698
662 699
663 699
665 699
666 699
668 699
670 699
671 699
672 699
674 699
675 699
676 699
661 700
662 700
663 700
664 700
666 700
669 700
670 700
672 700
676 700
679 700
682 701
683 701
687 701
689 701
692 701
693 701
695 701
697 701
698 701
684 702
686 702
689 702
690 702
693 702
694 702
695 702
696 702
697 702
699 702
700 702
684 703
687 703
690 703
694 703
695 703
698 703
700 703
681 704
683 704
684 704
685 704
686 704
687 704
689 704
690 704
691 704
693 704
695 704
697 704
685 705
689 705
691 705
692 705
693 705
694 705
696 705
698 705
699 705
690 706
691 706
696 706
697 706
698 706
699 706
700 706
683 707
688 707
690 707
692 707
695 707
696 707
698 707
699 707
700 707
682 708
683 708
684 708
685 708
687 708
688 708
689 708
690 708
692 708
693 708
694 708
695 708
696 708
697 708
700 708
681 709
682 709
683 709
686 709
687 709
688 709
693 709
696 709
697 709
699 709
700 709
682 710
684 710
686 710
687 710
688 710
689 710
691 710
694 710
696 710
697 710
699 710
700 710
681 711
682 711
683 711
684 711
685 711
686 711
687 711
688 711
689 711
691 711
692 711
694 711
697 711
698 711
699 711
681 712
684 712
685 712
689 712
691 712
695 712
696 712
697 712
699 712
681 713
684 713
686 713
687 713
690 713
692 713
694 713
696 713
682 714
686 714
689 714
696 714
698 714
699 714
700 714
681 715
683 715
684 715
685 715
689 715
690 715
692 715
693 715
694 715
695 715
696 715
697 715
698 715
699 715
681 716
683 716
685 716
686 716
688 716
689 716
691 716
694 716
698 716
682 717
685 717
691 717
692 717
693 717
696 717
697 717
699 717
700 717
682 718
683 718
684 718
685 718
688 718
689 718
692 718
693 718
694 718
695 718
681 719
682 719
684 719
685 719
688 719
689 719
696 719
681 720
685 720
688 720
692 720
693 720
697 720
698 720
699 720
702 721
704 721
707 721
709 721
713 721
714 721
715 721
719 721
720 721
704 722
705 722
706 722
707 722
708 722
712 722
714 722
715 722
717 722
720 722
702 723
703 723
704 723
705 723
706 723
708 723
709 723
711 723
712 723
713 723
716 723
719 723
701 724
703 724
705 724
706 724
707 724
710 724
711 724
712 724
713 724
714 724
715 724
718 724
719 724
720 724
704 725
705 725
712 725
714 725
716 725
717 725
718 725
719 725
701 726
702 726
703 726
709 726
712 726
713 726
714 726
715 726
718 726
702 727
703 727
706 727
708 727
710 727
711 727
712 727
714 727
716 727
718 727
719 727
720 727
701 728
702 728
704 728
711 728
713 728
714 728
715 728
718 728
719 728
701 729
702 729
703 729
704 729
708 729
711 729
712 729
715 729
717 729
701 730
703 730
704 730
705 730
707 730
708 730
709 730
710 730
711 730
713 730
717 730
718 730
720 730
701 731
706 731
707 731
708 731
712 731
714 731
716 731
717 731
718 731
703 732
705 732
707 732
708 732
709 732
712 732
714 732
716 732
718 732
720 732
701 733
705 733
710 733
712 733
713 733
715 733
716 733
717 733
718 733
720 733
701 734
702 734
705 734
714 734
715 734
719 734
720 734
702 735
704 735
710 735
712 735
713 735
714 735
716 735
718 735
701 736
702 736
707 736
712 736
713 736
714 736
715 736
717 736
718 736
719 736
720 736
702 737
703 737
709 737
711 737
712 737
713 737
715 737
718 737
702 738
703 738
704 738
705 738
706 738
710 738
713 738
714 738
716 738
718 738
719 738
701 739
703 739
704 739
707 739
708 739
710 739
711 739
712 739
714 739
715 739
719 739
702 740
703 740
705 740
709 740
710 740
711 740
712 740
715 740
719 740
721 741
722 741
723 741
724 741
725 741
727 741
728 741
731 741
733 741
734 741
735 741
738 741
740 741
726 742
728 742
729 742
731 742
733 742
735 742
736 742
739 742
721 743
723 743
724 743
728 743
729 743
732 743
733 743
734 743
735 743
739 743
721 744
723 744
724 744
725 744
726 744
728 744
730 744
731 744
732 744
734 744
740 744
721 745
723 745
729 745
732 745
733 745
734 745
735 745
736 745
739 745
721 746
722 746
723 746
724 746
726 746
729 746
733 746
736 746
737 746
739 746
721 747
722 747
724 747
726 747
728 747
731 747
732 747
737 747
740 747
723 748
728 748
729 748
730 748
731 748
732 748
734 748
735 748
736 748
737 748
738 748
739 748
740 748
721 749
723 749
724 749
725 749
728 749
731 749
734 749
738 749
721 750
722 750
723 750
724 750
728 750
729 750
730 750
733 750
734 750
735 750
739 750
740 750
721 751
724 751
726 751
732 751
733 751
738 751
739 751
721 752
722 752
723 752
725 752
726 752
727 752
731 752
732 752
733 752
735 752
737 752
738 752
739 752
740 752
722 753
723 753
726 753
729 753
734 753
736 753
737 753
738 753
739 753
721 754
722 754
725 754
726 754
728 754
730 754
736 754
737 754
740 754
722 755
724 755
726 755
731 755
732 755
733 755
734 755
735 755
736 755
737 755
738 755
739 755
721 756
724 756
725 756
726 756
727 756
729 756
730 756
731 756
733 756
734 756
737 756
738 756
739 756
721 757
724 757
725 757
726 757
728 757
732 757
733 757
735 757
737 757
738 757
724 758
727 758
728 758
730 758
731 758
732 758
735 758
740 758
721 759
723 759
724 759
725 759
726 759
727 759
728 759
729 759
730 759
731 759
734 759
737 759
721 760
724 760
725 760
728 760
730 760
731 760
732 760
733 760
734 760
735 760
738 760
740 760
744 761
745 761
749 761
754 761
756 761
757 761
760 761
742 762
744 762
746 762
748 762
749 762
750 762
751 762
752 762
753 762
754 762
756 762
759 762
760 762
741 763
743 763
749 763
750 763
751 763
752 763
753 763
754 763
756 763
758 763
759 763
760 763
741 764
742 764
745 764
746 764
748 764
749 764
751 764
754 764
755 764
756 764
757 764
747 765
748 765
751 765
753 765
756 765
757 765
758 765
742 766
743 766
745 766
747 766
748 766
750 766
751 766
755 766
759 766
760 766
741 767
743 767
752 767
754 767
759 767
760 767
741 768
742 768
747 768
749 768
755 768
758 768
759 768
760 768
743 769
744 769
747 769
748 769
750 769
751 769
752 769
754 769
755 769
757 769
759 769
760 769
745 770
747 770
748 770
750 770
752 770
754 770
755 770
757 770
758 770
760 770
743 771
744 771
747 771
749 771
752 771
753 771
758 771
760 771
741 772
747 772
749 772
751 772
754 772
755 772
757 772
759 772
760 772
741 773
743 773
745 773
746 773
748 773
753 773
760 773
744 774
748 774
750 774
751 774
753 774
754 774
758 774
759 774
760 774
743 775
745 775
746 775
747 775
748 775
751 775
752 775
753 775
754 775
757 775
741 776
742 776
743 776
745 776
746 776
748 776
749 776
754 776
756 776
757 776
758 776
742 777
746 777
748 777
750 777
751 777
754 777
755 777
756 777
742 778
743 778
744 778
745 778
747 778
752 778
753 778
755 778
757 778
742 779
743 779
744 779
745 779
746 779
747 779
748 779
749 779
751 779
752 779
754 779
756 779
757 779
758 779
741 780
742 780
745 780
747 780
748 780
749 780
750 780
752 780
755 780
756 780
759 780
760 780
761 781
762 781
763 781
765 781
766 781
767 781
768 781
769 781
771 781
773 781
774 781
776 781
761 782
764 782
765 782
769 782
777 782
778 782
779 782
763 783
764 783
766 783
767 783
768 783
770 783
771 783
772 783
774 783
777 783
778 783
779 783
761 784
767 784
769 784
770 784
771 784
773 784
774 784
775 784
776 784
777 784
780 784
764 785
766 785
768 785
769 785
770 785
771 785
772 785
773 785
774 785
775 785
776 785
778 785
780 785
761 786
762 786
763 786
766 786
767 786
769 786
771 786
773 786
775 786
778 786
761 787
762 787
763 787
764 787
765 787
767 787
770 787
772 787
773 787
777 787
779 787
763 788
764 788
765 788
769 788
770 788
771 788
773 788
776 788
779 788
761 789
764 789
765 789
769 789
771 789
775 789
776 789
777 789
779 789
780 789
761 790
762 790
764 790
771 790
777 790
778 790
779 790
780 790
761 791
762 791
763 791
767 791
768 791
769 791
771 791
773 791
775 791
776 791
778 791
762 792
765 792
767 792
769 792
770 792
773 792
775 792
776 792
777 792
780 792
761 793
764 793
766 793
767 793
768 793
769 793
770 793
772 793
778 793
779 793
761 794
763 794
765 794
768 794
769 794
770 794
772 794
777 794
763 795
764 795
765 795
766 795
769 795
771 795
772 795
774 795
775 795
779 795
761 796
763 796
770 796
771 796
772 796
780 796
763 797
766 797
767 797
769 797
770 797
771 797
774 797
779 797
761 798
762 798
764 798
765 798
766 798
768 798
770 798
771 798
773 798
774 798
778 798
779 798
763 799
765 799
767 799
768 799
769 799
770 799
772 799
775 799
777 799
778 799
761 800
762 800
763 800
765 800
767 800
769 800
770 800
771 800
772 800
773 800
774 800
777 800
778 800
779 800
780 800
