800 7842 40
20 20 20 20 20 20 20 20 20 20 20 20 20 20 20 20 20 20 20 20 20 20 20 20 20 20 20 20 20 20 20 20 20 20 20 20 20 20 20 20 
2 21
5 21
6 21
7 21
8 21
11 21
12 21
17 21
19 21
3 22
4 22
5 22
7 22
9 22
10 22
13 22
14 22
15 22
17 22
1 23
3 23
7 23
8 23
12 23
13 23
16 23
18 23
19 23
20 23
1 24
4 24
8 24
10 24
12 24
15 24
19 24
20 24
4 25
6 25
9 25
10 25
12 25
16 25
18 25
1 26
3 26
13 26
14 26
16 26
17 26
18 26
1 27
2 27
4 27
7 27
8 27
10 27
13 27
14 27
15 27
4 28
5 28
6 28
7 28
8 28
9 28
10 28
13 28
18 28
2 29
4 29
6 29
7 29
8 29
9 29
11 29
13 29
16 29
17 29
20 29
2 30
3 30
5 30
6 30
7 30
8 30
11 30
12 30
14 30
15 30
16 30
2 31
4 31
5 31
8 31
14 31
15 31
20 31
1 32
2 32
3 32
4 32
5 32
7 32
8 32
10 32
11 32
12 32
13 32
14 32
15 32
16 32
17 32
18 32
2 33
9 33
10 33
11 33
12 33
16 33
17 33
19 33
1 34
3 34
6 34
7 34
8 34
9 34
11 34
12 34
16 34
20 34
3 35
6 35
8 35
9 35
10 35
11 35
12 35
13 35
14 35
15 35
16 35
17 35
18 35
19 35
20 35
1 36
5 36
8 36
9 36
11 36
14 36
16 36
17 36
18 36
20 36
2 37
3 37
4 37
5 37
6 37
9 37
10 37
11 37
12 37
13 37
15 37
17 37
18 37
19 37
1 38
4 38
5 38
11 38
13 38
14 38
18 38
19 38
20 38
2 39
3 39
4 39
7 39
10 39
12 39
13 39
14 39
18 39
19 39
1 40
3 40
5 40
7 40
8 40
13 40
14 40
16 40
17 40
18 40
19 40
20 40
22 41
24 41
26 41
27 41
29 41
30 41
31 41
32 41
33 41
34 41
37 41
39 41
23 42
24 42
27 42
28 42
29 42
30 42
31 42
33 42
34 42
35 42
39 42
21 43
22 43
25 43
28 43
37 43
38 43
39 43
40 43
24 44
25 44
28 44
31 44
32 44
33 44
34 44
35 44
36 44
39 44
40 44
23 45
25 45
27 45
33 45
34 45
38 45
40 45
21 46
23 46
27 46
28 46
29 46
30 46
31 46
32 46
33 46
22 47
23 47
24 47
26 47
27 47
28 47
32 47
34 47
35 47
37 47
38 47
39 47
21 48
23 48
24 48
25 48
26 48
28 48
29 48
31 48
32 48
34 48
36 48
40 48
23 49
24 49
25 49
27 49
31 49
34 49
36 49
37 49
39 49
22 50
24 50
26 50
27 50
30 50
31 50
32 50
35 50
37 50
40 50
21 51
24 51
25 51
26 51
27 51
30 51
34 51
36 51
37 51
39 51
22 52
24 52
26 52
29 52
30 52
32 52
34 52
35 52
36 52
37 52
38 52
21 53
22 53
23 53
25 53
26 53
28 53
29 53
31 53
32 53
35 53
37 53
38 53
21 54
22 54
23 54
24 54
28 54
29 54
33 54
35 54
38 54
39 54
21 55
22 55
23 55
24 55
25 55
27 55
29 55
31 55
34 55
36 55
38 55
27 56
28 56
31 56
38 56
21 57
23 57
25 57
26 57
27 57
31 57
32 57
37 57
39 57
22 58
24 58
26 58
28 58
30 58
32 58
36 58
37 58
23 59
26 59
27 59
29 59
32 59
38 59
40 59
21 60
22 60
24 60
27 60
28 60
30 60
31 60
32 60
36 60
41 61
43 61
44 61
46 61
47 61
48 61
51 61
57 61
44 62
46 62
47 62
48 62
49 62
51 62
52 62
55 62
60 62
42 63
45 63
46 63
49 63
50 63
53 63
54 63
57 63
58 63
45 64
47 64
48 64
49 64
50 64
51 64
53 64
57 64
59 64
41 65
42 65
46 65
48 65
50 65
51 65
52 65
54 65
60 65
41 66
42 66
44 66
46 66
47 66
48 66
49 66
50 66
56 66
57 66
58 66
59 66
43 67
44 67
47 67
48 67
49 67
53 67
55 67
56 67
57 67
41 68
42 68
45 68
46 68
50 68
51 68
53 68
54 68
56 68
41 69
43 69
44 69
45 69
46 69
49 69
50 69
51 69
52 69
53 69
56 69
57 69
59 69
60 69
44 70
45 70
47 70
48 70
49 70
51 70
52 70
53 70
54 70
57 70
58 70
41 71
44 71
45 71
46 71
47 71
48 71
49 71
52 71
53 71
55 71
56 71
57 71
42 72
43 72
44 72
45 72
47 72
50 72
51 72
58 72
44 73
45 73
46 73
53 73
54 73
58 73
60 73
43 74
44 74
45 74
46 74
47 74
50 74
51 74
52 74
53 74
55 74
58 74
59 74
60 74
41 75
45 75
47 75
48 75
49 75
50 75
54 75
55 75
56 75
59 75
60 75
41 76
42 76
49 76
50 76
52 76
53 76
54 76
57 76
60 76
41 77
42 77
43 77
47 77
49 77
52 77
53 77
55 77
56 77
41 78
44 78
45 78
49 78
51 78
57 78
58 78
60 78
44 79
46 79
47 79
52 79
53 79
54 79
56 79
57 79
60 79
45 80
48 80
49 80
50 80
52 80
53 80
55 80
56 80
57 80
58 80
59 80
60 80
61 81
65 81
66 81
68 81
69 81
74 81
76 81
77 81
78 81
62 82
63 82
64 82
66 82
70 82
72 82
73 82
74 82
76 82
77 82
78 82
80 82
61 83
63 83
64 83
65 83
66 83
67 83
68 83
69 83
70 83
72 83
75 83
76 83
77 83
78 83
79 83
61 84
62 84
63 84
64 84
65 84
66 84
68 84
69 84
74 84
75 84
79 84
80 84
63 85
64 85
65 85
66 85
67 85
70 85
73 85
75 85
61 86
63 86
64 86
68 86
69 86
73 86
74 86
75 86
76 86
77 86
78 86
79 86
64 87
69 87
72 87
73 87
77 87
80 87
62 88
66 88
68 88
69 88
70 88
72 88
75 88
78 88
79 88
62 89
67 89
68 89
71 89
76 89
79 89
80 89
66 90
67 90
70 90
73 90
74 90
77 90
78 90
79 90
80 90
61 91
62 91
65 91
66 91
67 91
68 91
69 91
70 91
74 91
79 91
80 91
61 92
62 92
64 92
67 92
70 92
71 92
76 92
63 93
64 93
66 93
68 93
69 93
70 93
71 93
73 93
74 93
76 93
79 93
80 93
64 94
65 94
66 94
69 94
71 94
72 94
76 94
77 94
78 94
63 95
65 95
66 95
68 95
69 95
73 95
74 95
75 95
78 95
79 95
80 95
61 96
62 96
63 96
64 96
67 96
68 96
70 96
71 96
72 96
75 96
77 96
79 96
61 97
64 97
66 97
67 97
68 97
71 97
72 97
73 97
79 97
62 98
64 98
66 98
74 98
75 98
76 98
77 98
78 98
80 98
61 99
63 99
66 99
67 99
72 99
76 99
77 99
79 99
62 100
63 100
64 100
70 100
74 100
76 100
78 100
80 100
81 101
88 101
91 101
92 101
93 101
94 101
98 101
81 102
82 102
84 102
85 102
87 102
90 102
91 102
92 102
93 102
98 102
100 102
83 103
85 103
87 103
90 103
94 103
95 103
96 103
97 103
99 103
83 104
85 104
88 104
89 104
90 104
91 104
98 104
100 104
83 105
85 105
87 105
88 105
91 105
95 105
96 105
99 105
100 105
82 106
83 106
88 106
89 106
90 106
91 106
94 106
96 106
97 106
99 106
100 106
88 107
89 107
90 107
93 107
94 107
96 107
97 107
98 107
81 108
82 108
83 108
84 108
85 108
86 108
87 108
90 108
93 108
94 108
95 108
96 108
98 108
82 109
83 109
84 109
85 109
87 109
90 109
96 109
81 110
83 110
87 110
89 110
90 110
91 110
93 110
94 110
98 110
81 111
83 111
84 111
85 111
87 111
89 111
90 111
92 111
94 111
95 111
96 111
98 111
81 112
83 112
90 112
91 112
92 112
95 112
98 112
99 112
81 113
82 113
85 113
86 113
89 113
90 113
91 113
95 113
96 113
100 113
83 114
85 114
88 114
92 114
94 114
97 114
98 114
85 115
87 115
88 115
89 115
93 115
94 115
95 115
96 115
97 115
98 115
81 116
86 116
87 116
90 116
92 116
93 116
94 116
97 116
99 116
100 116
81 117
83 117
89 117
91 117
92 117
94 117
96 117
99 117
81 118
85 118
88 118
89 118
91 118
92 118
95 118
96 118
97 118
100 118
83 119
84 119
85 119
89 119
90 119
91 119
92 119
93 119
95 119
99 119
100 119
83 120
84 120
86 120
87 120
91 120
92 120
93 120
97 120
100 120
101 121
102 121
103 121
104 121
106 121
107 121
108 121
109 121
110 121
111 121
113 121
114 121
118 121
119 121
120 121
105 122
106 122
108 122
112 122
114 122
115 122
118 122
102 123
103 123
104 123
105 123
106 123
107 123
108 123
110 123
112 123
113 123
116 123
117 123
118 123
119 123
120 123
102 124
103 124
108 124
111 124
112 124
113 124
115 124
117 124
118 124
119 124
105 125
108 125
112 125
115 125
116 125
117 125
119 125
120 125
101 126
102 126
103 126
104 126
107 126
109 126
112 126
115 126
116 126
119 126
101 127
102 127
103 127
104 127
107 127
108 127
110 127
113 127
114 127
117 127
118 127
119 127
102 128
103 128
104 128
105 128
108 128
109 128
116 128
118 128
119 128
120 128
102 129
103 129
105 129
107 129
108 129
109 129
110 129
112 129
114 129
115 129
116 129
117 129
120 129
101 130
102 130
105 130
107 130
108 130
110 130
113 130
115 130
117 130
119 130
101 131
103 131
105 131
106 131
108 131
112 131
113 131
117 131
120 131
101 132
103 132
104 132
105 132
108 132
111 132
112 132
113 132
117 132
118 132
101 133
102 133
104 133
106 133
107 133
109 133
113 133
114 133
116 133
117 133
118 133
119 133
104 134
105 134
106 134
108 134
109 134
110 134
112 134
114 134
116 134
117 134
103 135
104 135
105 135
107 135
110 135
114 135
115 135
118 135
119 135
105 136
106 136
107 136
109 136
111 136
114 136
115 136
117 136
118 136
119 136
101 137
103 137
104 137
109 137
110 137
112 137
113 137
114 137
115 137
116 137
118 137
119 137
120 137
101 138
103 138
106 138
108 138
109 138
112 138
113 138
115 138
118 138
120 138
101 139
106 139
107 139
109 139
110 139
111 139
116 139
117 139
120 139
102 140
105 140
106 140
109 140
112 140
113 140
115 140
117 140
120 140
121 141
124 141
125 141
127 141
133 141
122 142
124 142
127 142
128 142
129 142
131 142
135 142
136 142
138 142
139 142
121 143
124 143
129 143
130 143
132 143
134 143
139 143
122 144
123 144
124 144
125 144
126 144
127 144
128 144
129 144
130 144
133 144
135 144
121 145
125 145
126 145
127 145
128 145
130 145
131 145
133 145
137 145
140 145
122 146
123 146
124 146
126 146
127 146
129 146
130 146
131 146
132 146
133 146
139 146
140 146
121 147
123 147
124 147
126 147
127 147
128 147
129 147
132 147
135 147
136 147
140 147
121 148
124 148
126 148
128 148
129 148
131 148
132 148
133 148
136 148
137 148
138 148
140 148
124 149
125 149
128 149
129 149
130 149
131 149
132 149
134 149
135 149
137 149
139 149
121 150
123 150
125 150
127 150
128 150
130 150
132 150
137 150
138 150
139 150
140 150
121 151
122 151
124 151
125 151
126 151
128 151
129 151
133 151
134 151
135 151
136 151
137 151
138 151
121 152
122 152
124 152
125 152
127 152
132 152
134 152
138 152
121 153
123 153
124 153
126 153
127 153
131 153
132 153
133 153
135 153
136 153
137 153
139 153
122 154
123 154
124 154
125 154
126 154
127 154
128 154
129 154
130 154
131 154
136 154
137 154
138 154
125 155
126 155
127 155
130 155
131 155
134 155
135 155
137 155
139 155
121 156
125 156
127 156
128 156
129 156
132 156
133 156
136 156
137 156
139 156
122 157
123 157
125 157
129 157
132 157
133 157
137 157
138 157
140 157
122 158
127 158
129 158
130 158
131 158
132 158
133 158
134 158
135 158
136 158
137 158
121 159
122 159
123 159
124 159
125 159
126 159
129 159
131 159
134 159
137 159
138 159
139 159
123 160
126 160
128 160
132 160
135 160
136 160
137 160
138 160
142 161
144 161
153 161
157 161
158 161
142 162
143 162
147 162
148 162
149 162
154 162
155 162
156 162
159 162
141 163
144 163
146 163
147 163
148 163
152 163
154 163
155 163
158 163
141 164
142 164
143 164
146 164
147 164
150 164
152 164
153 164
155 164
156 164
157 164
158 164
159 164
160 164
141 165
142 165
146 165
149 165
150 165
151 165
154 165
158 165
160 165
142 166
143 166
144 166
147 166
148 166
151 166
153 166
154 166
156 166
158 166
159 166
142 167
143 167
146 167
147 167
148 167
151 167
154 167
157 167
158 167
141 168
145 168
149 168
150 168
151 168
152 168
154 168
155 168
156 168
157 168
141 169
142 169
143 169
144 169
145 169
148 169
149 169
150 169
151 169
153 169
154 169
155 169
157 169
159 169
160 169
142 170
143 170
145 170
146 170
147 170
149 170
150 170
155 170
157 170
159 170
160 170
143 171
153 171
154 171
155 171
159 171
143 172
153 172
154 172
156 172
157 172
158 172
160 172
142 173
143 173
145 173
146 173
148 173
149 173
153 173
154 173
158 173
159 173
141 174
142 174
143 174
145 174
146 174
152 174
154 174
155 174
158 174
159 174
142 175
143 175
145 175
146 175
148 175
150 175
151 175
152 175
155 175
157 175
159 175
143 176
144 176
145 176
148 176
151 176
153 176
156 176
159 176
160 176
141 177
143 177
144 177
146 177
147 177
149 177
150 177
152 177
155 177
156 177
158 177
159 177
160 177
148 178
150 178
153 178
155 178
158 178
159 178
141 179
143 179
145 179
146 179
147 179
148 179
153 179
154 179
156 179
157 179
141 180
142 180
145 180
146 180
148 180
149 180
151 180
152 180
153 180
154 180
161 181
164 181
166 181
170 181
171 181
172 181
173 181
174 181
179 181
180 181
161 182
162 182
163 182
164 182
166 182
168 182
169 182
170 182
171 182
172 182
173 182
174 182
177 182
178 182
179 182
162 183
163 183
164 183
165 183
166 183
167 183
169 183
171 183
173 183
177 183
178 183
179 183
163 184
168 184
170 184
172 184
175 184
179 184
163 185
164 185
165 185
166 185
167 185
168 185
170 185
175 185
177 185
178 185
179 185
180 185
165 186
166 186
169 186
170 186
171 186
173 186
176 186
177 186
179 186
161 187
162 187
163 187
164 187
165 187
166 187
167 187
168 187
170 187
171 187
173 187
174 187
176 187
177 187
161 188
164 188
166 188
167 188
168 188
169 188
171 188
172 188
173 188
174 188
176 188
179 188
161 189
162 189
166 189
170 189
177 189
178 189
179 189
162 190
163 190
165 190
167 190
168 190
170 190
172 190
174 190
175 190
176 190
164 191
166 191
167 191
169 191
172 191
173 191
175 191
177 191
179 191
180 191
162 192
164 192
166 192
167 192
168 192
171 192
175 192
177 192
178 192
180 192
161 193
164 193
165 193
166 193
167 193
168 193
170 193
172 193
173 193
176 193
177 193
179 193
163 194
164 194
168 194
177 194
161 195
166 195
167 195
168 195
180 195
163 196
164 196
165 196
168 196
170 196
171 196
172 196
176 196
177 196
179 196
180 196
161 197
162 197
163 197
164 197
165 197
167 197
170 197
171 197
172 197
173 197
174 197
175 197
177 197
178 197
162 198
163 198
164 198
165 198
166 198
167 198
168 198
172 198
174 198
176 198
178 198
162 199
164 199
165 199
166 199
167 199
169 199
170 199
172 199
174 199
175 199
179 199
180 199
161 200
162 200
163 200
164 200
165 200
166 200
171 200
173 200
175 200
177 200
179 200
180 200
181 201
183 201
185 201
186 201
190 201
192 201
197 201
199 201
200 201
182 202
183 202
184 202
185 202
187 202
189 202
190 202
191 202
192 202
193 202
196 202
197 202
198 202
200 202
181 203
183 203
185 203
186 203
187 203
188 203
190 203
192 203
193 203
194 203
197 203
199 203
185 204
186 204
188 204
193 204
194 204
195 204
200 204
184 205
185 205
188 205
190 205
191 205
192 205
195 205
197 205
199 205
181 206
183 206
184 206
185 206
186 206
189 206
192 206
194 206
199 206
200 206
185 207
190 207
192 207
193 207
194 207
195 207
199 207
181 208
182 208
185 208
188 208
190 208
192 208
193 208
195 208
197 208
186 209
188 209
189 209
191 209
192 209
193 209
195 209
197 209
200 209
181 210
185 210
187 210
189 210
190 210
191 210
192 210
196 210
197 210
198 210
181 211
184 211
185 211
187 211
189 211
190 211
193 211
194 211
197 211
200 211
181 212
185 212
186 212
187 212
189 212
190 212
195 212
197 212
199 212
183 213
184 213
186 213
187 213
189 213
193 213
197 213
198 213
186 214
187 214
188 214
191 214
194 214
196 214
182 215
185 215
190 215
192 215
195 215
196 215
197 215
199 215
200 215
182 216
184 216
185 216
186 216
190 216
191 216
192 216
194 216
197 216
199 216
200 216
182 217
187 217
190 217
191 217
194 217
195 217
197 217
198 217
182 218
183 218
184 218
187 218
190 218
191 218
192 218
193 218
194 218
195 218
197 218
199 218
200 218
182 219
186 219
188 219
189 219
192 219
195 219
196 219
200 219
181 220
182 220
183 220
187 220
189 220
190 220
194 220
196 220
197 220
199 220
200 220
204 221
207 221
208 221
209 221
216 221
217 221
218 221
219 221
220 221
201 222
203 222
207 222
209 222
210 222
213 222
216 222
217 222
218 222
220 222
205 223
206 223
208 223
213 223
217 223
207 224
212 224
213 224
215 224
217 224
219 224
220 224
203 225
208 225
210 225
213 225
214 225
216 225
217 225
219 225
201 226
202 226
204 226
206 226
208 226
209 226
210 226
211 226
212 226
213 226
216 226
218 226
220 226
205 227
207 227
208 227
209 227
210 227
211 227
213 227
214 227
217 227
219 227
220 227
202 228
210 228
211 228
214 228
218 228
220 228
201 229
206 229
207 229
211 229
216 229
218 229
219 229
202 230
203 230
205 230
209 230
210 230
213 230
220 230
201 231
205 231
208 231
211 231
212 231
213 231
214 231
216 231
220 231
202 232
208 232
211 232
215 232
216 232
218 232
202 233
203 233
208 233
211 233
214 233
216 233
217 233
218 233
219 233
220 233
202 234
206 234
207 234
209 234
210 234
211 234
215 234
216 234
217 234
218 234
219 234
201 235
202 235
204 235
206 235
207 235
210 235
213 235
214 235
215 235
216 235
217 235
219 235
201 236
203 236
204 236
206 236
209 236
210 236
214 236
215 236
216 236
201 237
202 237
203 237
204 237
205 237
208 237
209 237
210 237
215 237
216 237
218 237
220 237
202 238
204 238
209 238
210 238
218 238
219 238
220 238
201 239
202 239
205 239
206 239
208 239
211 239
213 239
214 239
220 239
202 240
204 240
205 240
206 240
208 240
209 240
211 240
212 240
214 240
216 240
217 240
223 241
225 241
226 241
227 241
229 241
231 241
232 241
235 241
236 241
237 241
238 241
240 241
222 242
228 242
230 242
231 242
234 242
235 242
237 242
238 242
240 242
223 243
224 243
226 243
228 243
230 243
231 243
232 243
236 243
237 243
221 244
222 244
224 244
225 244
227 244
228 244
230 244
231 244
232 244
234 244
236 244
238 244
240 244
221 245
222 245
224 245
225 245
226 245
228 245
229 245
237 245
240 245
221 246
222 246
226 246
227 246
230 246
231 246
235 246
236 246
240 246
221 247
223 247
225 247
227 247
229 247
231 247
232 247
234 247
237 247
239 247
224 248
225 248
228 248
229 248
230 248
231 248
232 248
235 248
236 248
238 248
221 249
222 249
223 249
225 249
229 249
232 249
233 249
234 249
239 249
223 250
224 250
225 250
226 250
228 250
229 250
230 250
231 250
234 250
235 250
236 250
237 250
221 251
222 251
223 251
228 251
233 251
235 251
237 251
238 251
239 251
240 251
222 252
223 252
224 252
226 252
230 252
238 252
239 252
240 252
223 253
226 253
227 253
230 253
231 253
232 253
234 253
236 253
238 253
239 253
240 253
223 254
225 254
227 254
228 254
229 254
237 254
238 254
239 254
240 254
222 255
223 255
224 255
225 255
226 255
228 255
231 255
232 255
233 255
239 255
223 256
224 256
227 256
228 256
232 256
234 256
236 256
238 256
222 257
223 257
224 257
225 257
229 257
230 257
237 257
239 257
221 258
223 258
227 258
228 258
229 258
230 258
231 258
233 258
234 258
236 258
237 258
240 258
221 259
222 259
226 259
227 259
228 259
229 259
231 259
232 259
237 259
239 259
240 259
221 260
223 260
224 260
225 260
227 260
228 260
230 260
232 260
233 260
234 260
237 260
240 260
241 261
242 261
243 261
245 261
246 261
248 261
249 261
250 261
253 261
255 261
256 261
257 261
242 262
245 262
247 262
249 262
252 262
254 262
256 262
257 262
258 262
259 262
260 262
241 263
242 263
243 263
244 263
247 263
250 263
251 263
254 263
255 263
258 263
259 263
241 264
243 264
244 264
245 264
246 264
248 264
249 264
253 264
254 264
255 264
256 264
258 264
243 265
244 265
245 265
247 265
249 265
252 265
255 265
256 265
259 265
260 265
243 266
244 266
249 266
251 266
252 266
254 266
255 266
256 266
259 266
243 267
244 267
246 267
247 267
249 267
252 267
254 267
259 267
243 268
244 268
245 268
249 268
250 268
252 268
253 268
256 268
257 268
241 269
242 269
243 269
245 269
247 269
249 269
254 269
255 269
256 269
257 269
260 269
241 270
244 270
245 270
246 270
247 270
248 270
249 270
250 270
251 270
252 270
257 270
260 270
242 271
243 271
244 271
248 271
250 271
251 271
253 271
254 271
255 271
257 271
258 271
259 271
260 271
241 272
242 272
246 272
249 272
254 272
257 272
260 272
241 273
242 273
243 273
244 273
245 273
246 273
248 273
249 273
251 273
253 273
256 273
257 273
241 274
242 274
244 274
245 274
250 274
252 274
255 274
256 274
257 274
259 274
241 275
245 275
246 275
247 275
252 275
253 275
255 275
256 275
257 275
258 275
241 276
242 276
245 276
247 276
248 276
249 276
250 276
251 276
254 276
256 276
257 276
259 276
241 277
243 277
245 277
248 277
249 277
250 277
252 277
254 277
257 277
258 277
244 278
245 278
246 278
247 278
248 278
249 278
251 278
252 278
253 278
254 278
256 278
257 278
241 279
244 279
245 279
248 279
249 279
250 279
251 279
252 279
253 279
254 279
258 279
260 279
243 280
246 280
247 280
248 280
249 280
252 280
254 280
255 280
256 280
258 280
261 281
262 281
263 281
264 281
266 281
268 281
270 281
271 281
272 281
275 281
276 281
279 281
280 281
261 282
262 282
263 282
264 282
265 282
267 282
268 282
274 282
276 282
277 282
261 283
263 283
265 283
266 283
269 283
272 283
277 283
278 283
279 283
262 284
263 284
271 284
272 284
275 284
276 284
279 284
263 285
265 285
268 285
269 285
270 285
271 285
272 285
274 285
277 285
278 285
279 285
262 286
263 286
265 286
266 286
267 286
270 286
273 286
274 286
276 286
277 286
279 286
280 286
266 287
268 287
271 287
273 287
274 287
276 287
277 287
261 288
265 288
266 288
269 288
270 288
271 288
272 288
273 288
276 288
278 288
262 289
265 289
267 289
269 289
271 289
272 289
274 289
276 289
262 290
264 290
266 290
267 290
270 290
274 290
278 290
280 290
261 291
266 291
268 291
269 291
272 291
274 291
275 291
276 291
277 291
263 292
264 292
268 292
270 292
271 292
272 292
273 292
275 292
276 292
277 292
278 292
279 292
262 293
263 293
268 293
269 293
271 293
275 293
276 293
277 293
261 294
262 294
264 294
267 294
268 294
269 294
271 294
272 294
273 294
278 294
265 295
266 295
268 295
270 295
271 295
273 295
274 295
278 295
279 295
265 296
267 296
268 296
272 296
273 296
275 296
261 297
262 297
263 297
265 297
266 297
268 297
269 297
271 297
272 297
273 297
277 297
280 297
264 298
268 298
270 298
271 298
272 298
274 298
276 298
280 298
262 299
263 299
264 299
265 299
266 299
267 299
269 299
272 299
273 299
274 299
278 299
279 299
261 300
263 300
264 300
265 300
266 300
267 300
274 300
276 300
277 300
280 300
283 301
284 301
285 301
286 301
290 301
291 301
295 301
297 301
298 301
299 301
284 302
288 302
289 302
291 302
292 302
294 302
297 302
300 302
281 303
282 303
283 303
285 303
291 303
293 303
295 303
296 303
282 304
283 304
287 304
288 304
289 304
290 304
291 304
295 304
297 304
300 304
281 305
282 305
283 305
285 305
288 305
290 305
292 305
293 305
294 305
296 305
297 305
298 305
299 305
282 306
283 306
290 306
292 306
293 306
294 306
295 306
298 306
281 307
282 307
285 307
286 307
290 307
291 307
293 307
298 307
299 307
300 307
283 308
284 308
287 308
289 308
290 308
291 308
292 308
294 308
296 308
298 308
300 308
281 309
283 309
284 309
286 309
287 309
289 309
290 309
292 309
293 309
294 309
297 309
298 309
299 309
282 310
285 310
286 310
288 310
290 310
292 310
294 310
297 310
300 310
287 311
289 311
290 311
293 311
298 311
300 311
282 312
284 312
285 312
286 312
287 312
288 312
289 312
290 312
291 312
292 312
295 312
296 312
298 312
285 313
286 313
287 313
289 313
291 313
295 313
300 313
283 314
284 314
286 314
289 314
290 314
292 314
295 314
297 314
298 314
299 314
281 315
282 315
284 315
286 315
291 315
293 315
295 315
299 315
284 316
285 316
287 316
290 316
291 316
296 316
298 316
300 316
281 317
282 317
283 317
284 317
285 317
287 317
289 317
291 317
292 317
293 317
296 317
299 317
300 317
281 318
282 318
283 318
284 318
285 318
288 318
289 318
291 318
296 318
298 318
285 319
287 319
288 319
289 319
290 319
291 319
292 319
294 319
297 319
298 319
299 319
284 320
285 320
286 320
288 320
289 320
290 320
293 320
297 320
299 320
302 321
304 321
305 321
307 321
308 321
313 321
314 321
315 321
317 321
318 321
319 321
304 322
306 322
308 322
309 322
310 322
311 322
312 322
302 323
307 323
310 323
313 323
316 323
317 323
319 323
320 323
302 324
304 324
305 324
308 324
311 324
312 324
313 324
316 324
317 324
301 325
303 325
304 325
305 325
306 325
307 325
308 325
309 325
310 325
311 325
313 325
314 325
316 325
318 325
320 325
302 326
303 326
304 326
305 326
308 326
311 326
313 326
314 326
316 326
317 326
320 326
301 327
308 327
311 327
312 327
313 327
317 327
320 327
301 328
302 328
303 328
304 328
305 328
310 328
311 328
312 328
313 328
315 328
317 328
301 329
302 329
305 329
307 329
309 329
310 329
311 329
312 329
313 329
316 329
317 329
301 330
302 330
309 330
311 330
312 330
315 330
319 330
306 331
308 331
309 331
310 331
312 331
316 331
319 331
303 332
304 332
305 332
308 332
310 332
311 332
313 332
314 332
316 332
317 332
302 333
303 333
305 333
306 333
308 333
309 333
310 333
317 333
318 333
319 333
320 333
301 334
304 334
305 334
307 334
308 334
309 334
313 334
319 334
320 334
301 335
303 335
304 335
305 335
306 335
308 335
313 335
320 335
301 336
302 336
304 336
311 336
312 336
313 336
314 336
315 336
316 336
319 336
320 336
301 337
302 337
304 337
306 337
307 337
317 337
318 337
320 337
302 338
303 338
305 338
306 338
309 338
312 338
313 338
314 338
315 338
316 338
318 338
320 338
303 339
305 339
306 339
307 339
308 339
309 339
310 339
312 339
316 339
317 339
320 339
302 340
306 340
307 340
308 340
312 340
313 340
316 340
317 340
318 340
320 340
321 341
323 341
325 341
329 341
330 341
332 341
335 341
336 341
337 341
338 341
321 342
322 342
323 342
324 342
325 342
328 342
331 342
333 342
336 342
337 342
339 342
340 342
323 343
324 343
325 343
326 343
328 343
332 343
333 343
334 343
337 343
339 343
340 343
321 344
324 344
325 344
326 344
328 344
329 344
330 344
331 344
335 344
336 344
322 345
323 345
325 345
327 345
328 345
329 345
330 345
333 345
334 345
335 345
336 345
338 345
339 345
340 345
321 346
322 346
323 346
326 346
328 346
331 346
334 346
335 346
336 346
339 346
340 346
322 347
323 347
324 347
325 347
326 347
332 347
336 347
322 348
325 348
326 348
327 348
333 348
334 348
335 348
336 348
340 348
321 349
322 349
324 349
325 349
326 349
328 349
334 349
337 349
338 349
339 349
322 350
328 350
329 350
333 350
334 350
336 350
338 350
339 350
340 350
321 351
322 351
323 351
329 351
330 351
334 351
336 351
337 351
323 352
324 352
326 352
329 352
330 352
332 352
333 352
334 352
340 352
323 353
324 353
325 353
327 353
330 353
332 353
334 353
336 353
340 353
322 354
326 354
328 354
331 354
333 354
334 354
337 354
338 354
339 354
322 355
323 355
324 355
325 355
326 355
327 355
328 355
330 355
331 355
333 355
334 355
335 355
339 355
321 356
324 356
329 356
330 356
335 356
336 356
337 356
338 356
340 356
322 357
325 357
328 357
330 357
331 357
334 357
335 357
321 358
324 358
325 358
327 358
328 358
329 358
331 358
332 358
333 358
334 358
335 358
337 358
323 359
325 359
328 359
329 359
334 359
335 359
339 359
340 359
325 360
326 360
329 360
331 360
333 360
335 360
336 360
337 360
339 360
340 360
341 361
343 361
346 361
347 361
348 361
351 361
354 361
359 361
341 362
344 362
347 362
348 362
349 362
350 362
351 362
352 362
359 362
341 363
342 363
343 363
346 363
348 363
350 363
353 363
357 363
360 363
341 364
342 364
344 364
345 364
346 364
347 364
348 364
350 364
351 364
352 364
355 364
356 364
357 364
358 364
359 364
342 365
343 365
344 365
345 365
346 365
350 365
351 365
353 365
354 365
355 365
358 365
343 366
344 366
349 366
351 366
353 366
355 366
357 366
358 366
359 366
341 367
342 367
344 367
348 367
349 367
351 367
358 367
342 368
344 368
346 368
347 368
349 368
351 368
352 368
354 368
355 368
356 368
357 368
359 368
360 368
342 369
343 369
344 369
347 369
348 369
350 369
351 369
352 369
353 369
355 369
356 369
357 369
358 369
360 369
341 370
345 370
346 370
347 370
348 370
349 370
350 370
352 370
354 370
355 370
356 370
358 370
345 371
346 371
347 371
348 371
349 371
353 371
356 371
357 371
358 371
359 371
341 372
342 372
343 372
344 372
346 372
348 372
349 372
352 372
354 372
356 372
358 372
359 372
360 372
341 373
342 373
343 373
348 373
349 373
353 373
356 373
357 373
358 373
359 373
360 373
342 374
346 374
347 374
350 374
352 374
353 374
354 374
355 374
359 374
341 375
342 375
344 375
349 375
351 375
352 375
355 375
357 375
360 375
342 376
343 376
345 376
348 376
350 376
352 376
354 376
355 376
356 376
357 376
358 376
359 376
360 376
342 377
350 377
351 377
352 377
353 377
354 377
357 377
358 377
360 377
341 378
342 378
344 378
346 378
347 378
348 378
350 378
352 378
355 378
356 378
357 378
359 378
341 379
344 379
345 379
346 379
354 379
355 379
356 379
358 379
343 380
345 380
346 380
347 380
351 380
356 380
358 380
360 380
362 381
364 381
366 381
367 381
368 381
371 381
373 381
375 381
376 381
361 382
362 382
364 382
366 382
367 382
369 382
372 382
376 382
377 382
378 382
380 382
361 383
362 383
364 383
365 383
367 383
368 383
370 383
371 383
372 383
378 383
363 384
364 384
367 384
369 384
370 384
374 384
375 384
378 384
362 385
365 385
367 385
369 385
370 385
371 385
377 385
378 385
380 385
361 386
362 386
363 386
364 386
365 386
366 386
367 386
369 386
372 386
375 386
376 386
377 386
378 386
379 386
363 387
364 387
367 387
368 387
370 387
371 387
372 387
373 387
374 387
375 387
376 387
379 387
361 388
365 388
366 388
367 388
368 388
369 388
371 388
372 388
373 388
375 388
376 388
377 388
378 388
379 388
380 388
362 389
363 389
364 389
367 389
369 389
371 389
372 389
373 389
375 389
377 389
380 389
365 390
367 390
371 390
375 390
376 390
378 390
362 391
363 391
364 391
365 391
366 391
368 391
369 391
370 391
373 391
375 391
376 391
377 391
380 391
361 392
362 392
364 392
366 392
367 392
369 392
370 392
371 392
372 392
373 392
375 392
376 392
377 392
380 392
366 393
367 393
369 393
370 393
371 393
373 393
374 393
376 393
377 393
378 393
380 393
361 394
365 394
367 394
369 394
370 394
371 394
373 394
376 394
380 394
361 395
363 395
364 395
366 395
368 395
369 395
374 395
377 395
378 395
379 395
380 395
362 396
364 396
365 396
366 396
369 396
372 396
374 396
375 396
378 396
380 396
363 397
365 397
366 397
369 397
370 397
371 397
372 397
373 397
374 397
375 397
376 397
363 398
367 398
370 398
371 398
375 398
376 398
377 398
379 398
361 399
362 399
363 399
364 399
366 399
369 399
371 399
372 399
375 399
377 399
379 399
380 399
361 400
362 400
363 400
364 400
367 400
369 400
371 400
373 400
374 400
376 400
377 400
378 400
379 400
380 400
381 401
385 401
387 401
393 401
394 401
399 401
400 401
382 402
384 402
386 402
387 402
388 402
390 402
393 402
397 402
399 402
381 403
386 403
387 403
390 403
391 403
394 403
396 403
397 403
400 403
383 404
385 404
386 404
388 404
389 404
394 404
395 404
398 404
399 404
400 404
384 405
386 405
387 405
388 405
389 405
391 405
393 405
395 405
396 405
398 405
400 405
381 406
383 406
384 406
386 406
388 406
390 406
392 406
394 406
395 406
397 406
398 406
400 406
382 407
383 407
384 407
385 407
388 407
389 407
391 407
396 407
398 407
399 407
382 408
383 408
385 408
387 408
388 408
389 408
390 408
391 408
393 408
400 408
382 409
383 409
385 409
386 409
387 409
389 409
391 409
393 409
394 409
395 409
396 409
399 409
383 410
384 410
385 410
387 410
390 410
391 410
392 410
394 410
395 410
397 410
400 410
382 411
384 411
386 411
388 411
390 411
393 411
394 411
395 411
397 411
381 412
384 412
385 412
388 412
389 412
392 412
395 412
398 412
399 412
383 413
389 413
390 413
391 413
393 413
394 413
395 413
396 413
397 413
398 413
399 413
382 414
383 414
388 414
390 414
391 414
394 414
395 414
397 414
400 414
381 415
383 415
384 415
386 415
387 415
388 415
389 415
390 415
391 415
392 415
393 415
395 415
396 415
397 415
399 415
400 415
382 416
383 416
384 416
388 416
392 416
395 416
396 416
399 416
400 416
382 417
383 417
385 417
387 417
389 417
391 417
399 417
400 417
382 418
385 418
386 418
387 418
388 418
390 418
392 418
395 418
396 418
397 418
381 419
383 419
385 419
390 419
391 419
392 419
398 419
381 420
384 420
385 420
386 420
388 420
389 420
394 420
395 420
396 420
397 420
399 420
400 420
402 421
404 421
405 421
408 421
410 421
412 421
413 421
414 421
420 421
401 422
402 422
403 422
404 422
405 422
409 422
410 422
419 422
401 423
406 423
409 423
410 423
412 423
413 423
416 423
417 423
419 423
420 423
401 424
405 424
408 424
409 424
412 424
414 424
415 424
417 424
419 424
420 424
401 425
406 425
409 425
413 425
414 425
417 425
418 425
420 425
401 426
405 426
408 426
409 426
412 426
414 426
415 426
419 426
402 427
403 427
404 427
405 427
409 427
410 427
411 427
412 427
413 427
414 427
416 427
418 427
419 427
420 427
401 428
402 428
407 428
408 428
409 428
410 428
414 428
416 428
417 428
418 428
404 429
406 429
407 429
408 429
410 429
411 429
401 430
403 430
405 430
407 430
409 430
410 430
412 430
414 430
415 430
417 430
418 430
420 430
404 431
406 431
409 431
411 431
412 431
418 431
419 431
420 431
401 432
402 432
404 432
406 432
408 432
410 432
412 432
415 432
416 432
418 432
419 432
401 433
403 433
404 433
409 433
411 433
415 433
418 433
401 434
403 434
404 434
405 434
406 434
408 434
409 434
412 434
417 434
418 434
419 434
420 434
401 435
403 435
407 435
409 435
412 435
413 435
415 435
418 435
419 435
420 435
401 436
405 436
406 436
407 436
410 436
411 436
413 436
414 436
417 436
418 436
401 437
402 437
403 437
409 437
411 437
415 437
417 437
419 437
401 438
402 438
403 438
408 438
411 438
412 438
413 438
417 438
418 438
420 438
403 439
407 439
412 439
413 439
415 439
417 439
418 439
402 440
404 440
409 440
411 440
413 440
414 440
416 440
419 440
424 441
425 441
426 441
429 441
430 441
432 441
436 441
438 441
439 441
440 441
421 442
424 442
426 442
427 442
429 442
430 442
431 442
432 442
433 442
436 442
438 442
439 442
422 443
423 443
424 443
425 443
426 443
428 443
430 443
431 443
432 443
437 443
439 443
421 444
423 444
424 444
426 444
427 444
428 444
429 444
433 444
435 444
436 444
438 444
421 445
423 445
425 445
428 445
429 445
432 445
433 445
435 445
438 445
439 445
440 445
422 446
425 446
427 446
433 446
435 446
436 446
437 446
438 446
439 446
440 446
422 447
423 447
427 447
429 447
430 447
431 447
433 447
437 447
421 448
422 448
423 448
425 448
426 448
429 448
430 448
431 448
433 448
435 448
437 448
438 448
439 448
421 449
423 449
424 449
428 449
430 449
433 449
435 449
436 449
439 449
421 450
424 450
427 450
428 450
430 450
432 450
433 450
434 450
438 450
440 450
422 451
423 451
425 451
430 451
434 451
435 451
438 451
440 451
421 452
422 452
425 452
427 452
428 452
432 452
433 452
436 452
439 452
440 452
422 453
425 453
426 453
432 453
436 453
437 453
438 453
439 453
421 454
423 454
424 454
425 454
426 454
427 454
428 454
430 454
431 454
432 454
433 454
435 454
436 454
438 454
439 454
440 454
421 455
422 455
423 455
425 455
427 455
429 455
430 455
431 455
432 455
433 455
434 455
438 455
439 455
440 455
421 456
426 456
427 456
430 456
431 456
433 456
434 456
437 456
438 456
421 457
426 457
427 457
428 457
432 457
436 457
437 457
438 457
440 457
421 458
426 458
427 458
428 458
429 458
430 458
432 458
435 458
421 459
422 459
427 459
428 459
429 459
432 459
433 459
434 459
435 459
436 459
438 459
439 459
440 459
424 460
425 460
426 460
428 460
431 460
432 460
435 460
436 460
438 460
439 460
440 460
441 461
443 461
445 461
446 461
448 461
449 461
451 461
452 461
455 461
457 461
458 461
459 461
460 461
442 462
443 462
444 462
445 462
447 462
449 462
451 462
452 462
453 462
454 462
456 462
458 462
459 462
460 462
441 463
442 463
443 463
444 463
446 463
447 463
450 463
452 463
453 463
454 463
459 463
441 464
442 464
443 464
444 464
451 464
452 464
455 464
456 464
457 464
441 465
442 465
443 465
445 465
446 465
452 465
453 465
455 465
457 465
458 465
459 465
441 466
448 466
449 466
450 466
454 466
456 466
457 466
458 466
459 466
460 466
442 467
444 467
453 467
454 467
455 467
457 467
459 467
442 468
443 468
447 468
448 468
449 468
450 468
451 468
452 468
454 468
455 468
456 468
457 468
458 468
459 468
460 468
441 469
443 469
448 469
453 469
454 469
455 469
457 469
458 469
442 470
443 470
448 470
449 470
450 470
451 470
452 470
454 470
460 470
442 471
444 471
447 471
450 471
452 471
453 471
454 471
441 472
442 472
443 472
444 472
445 472
447 472
448 472
450 472
451 472
453 472
454 472
455 472
456 472
457 472
458 472
459 472
441 473
444 473
446 473
448 473
451 473
453 473
455 473
456 473
458 473
459 473
443 474
444 474
450 474
451 474
452 474
453 474
454 474
455 474
457 474
459 474
441 475
442 475
443 475
444 475
445 475
447 475
450 475
452 475
455 475
456 475
457 475
459 475
447 476
448 476
450 476
451 476
452 476
454 476
456 476
457 476
458 476
460 476
441 477
442 477
444 477
446 477
447 477
450 477
451 477
452 477
454 477
455 477
457 477
458 477
460 477
442 478
444 478
446 478
447 478
448 478
449 478
451 478
452 478
453 478
454 478
456 478
459 478
441 479
442 479
444 479
447 479
448 479
449 479
450 479
451 479
452 479
453 479
454 479
455 479
456 479
459 479
460 479
441 480
442 480
445 480
447 480
449 480
452 480
453 480
454 480
460 480
462 481
464 481
467 481
468 481
471 481
472 481
474 481
479 481
462 482
466 482
467 482
468 482
470 482
471 482
475 482
477 482
478 482
479 482
461 483
462 483
464 483
467 483
468 483
469 483
472 483
473 483
474 483
475 483
476 483
479 483
480 483
463 484
464 484
465 484
466 484
468 484
469 484
472 484
475 484
476 484
477 484
479 484
463 485
464 485
467 485
468 485
473 485
474 485
475 485
476 485
478 485
463 486
467 486
471 486
472 486
474 486
477 486
479 486
480 486
463 487
466 487
467 487
468 487
469 487
470 487
473 487
474 487
478 487
461 488
462 488
464 488
467 488
470 488
471 488
474 488
475 488
477 488
479 488
480 488
461 489
462 489
463 489
465 489
467 489
470 489
472 489
473 489
474 489
476 489
477 489
478 489
479 489
461 490
463 490
467 490
472 490
475 490
476 490
477 490
479 490
480 490
464 491
465 491
466 491
467 491
468 491
472 491
474 491
477 491
478 491
479 491
480 491
461 492
462 492
463 492
468 492
469 492
472 492
479 492
480 492
462 493
463 493
464 493
465 493
467 493
470 493
471 493
475 493
477 493
479 493
462 494
464 494
467 494
469 494
470 494
477 494
478 494
479 494
461 495
463 495
464 495
465 495
466 495
467 495
468 495
475 495
476 495
480 495
463 496
465 496
468 496
469 496
471 496
476 496
477 496
478 496
479 496
461 497
462 497
465 497
467 497
468 497
469 497
470 497
472 497
473 497
474 497
479 497
480 497
462 498
464 498
465 498
466 498
467 498
475 498
476 498
478 498
479 498
462 499
466 499
469 499
470 499
473 499
475 499
476 499
478 499
479 499
480 499
462 500
463 500
464 500
470 500
475 500
476 500
479 500
483 501
484 501
485 501
488 501
489 501
492 501
494 501
495 501
497 501
500 501
482 502
483 502
484 502
485 502
489 502
493 502
497 502
499 502
500 502
481 503
482 503
483 503
485 503
486 503
488 503
495 503
496 503
497 503
498 503
482 504
483 504
484 504
485 504
487 504
488 504
489 504
490 504
491 504
492 504
494 504
498 504
500 504
482 505
487 505
488 505
491 505
492 505
496 505
497 505
499 505
483 506
484 506
486 506
487 506
488 506
489 506
491 506
492 506
494 506
496 506
497 506
498 506
483 507
484 507
485 507
487 507
490 507
492 507
493 507
494 507
495 507
499 507
500 507
484 508
487 508
491 508
494 508
497 508
498 508
499 508
500 508
483 509
485 509
486 509
487 509
488 509
489 509
491 509
493 509
494 509
496 509
497 509
498 509
500 509
481 510
486 510
487 510
488 510
490 510
491 510
494 510
496 510
500 510
483 511
485 511
486 511
488 511
494 511
496 511
500 511
482 512
484 512
486 512
488 512
490 512
492 512
493 512
494 512
496 512
497 512
483 513
485 513
487 513
488 513
489 513
490 513
491 513
492 513
493 513
494 513
497 513
481 514
484 514
486 514
487 514
488 514
490 514
498 514
499 514
481 515
482 515
483 515
486 515
487 515
489 515
491 515
493 515
494 515
496 515
481 516
483 516
484 516
485 516
486 516
487 516
489 516
490 516
491 516
492 516
493 516
497 516
500 516
481 517
483 517
488 517
490 517
491 517
492 517
493 517
494 517
496 517
497 517
499 517
485 518
486 518
487 518
494 518
495 518
497 518
498 518
500 518
482 519
483 519
490 519
491 519
493 519
497 519
499 519
483 520
484 520
487 520
488 520
492 520
494 520
495 520
496 520
497 520
499 520
500 520
502 521
505 521
507 521
508 521
509 521
514 521
517 521
519 521
520 521
502 522
503 522
505 522
507 522
509 522
513 522
516 522
517 522
520 522
501 523
504 523
506 523
507 523
513 523
514 523
516 523
517 523
518 523
520 523
501 524
504 524
505 524
506 524
508 524
513 524
514 524
516 524
518 524
519 524
520 524
501 525
502 525
504 525
511 525
513 525
514 525
516 525
501 526
503 526
506 526
509 526
514 526
515 526
516 526
519 526
501 527
505 527
506 527
507 527
508 527
510 527
511 527
513 527
514 527
515 527
518 527
519 527
503 528
507 528
509 528
511 528
513 528
516 528
502 529
503 529
504 529
505 529
506 529
511 529
512 529
513 529
519 529
501 530
502 530
505 530
506 530
508 530
509 530
510 530
511 530
513 530
516 530
518 530
519 530
503 531
505 531
506 531
507 531
508 531
510 531
512 531
515 531
517 531
520 531
502 532
505 532
506 532
511 532
512 532
513 532
516 532
517 532
519 532
502 533
503 533
504 533
506 533
507 533
508 533
510 533
511 533
513 533
515 533
517 533
518 533
520 533
502 534
503 534
505 534
509 534
510 534
511 534
512 534
515 534
516 534
501 535
502 535
503 535
504 535
505 535
508 535
518 535
519 535
520 535
501 536
502 536
503 536
506 536
507 536
508 536
509 536
510 536
512 536
514 536
517 536
518 536
519 536
502 537
505 537
506 537
507 537
508 537
509 537
511 537
512 537
515 537
516 537
520 537
501 538
504 538
505 538
506 538
507 538
508 538
511 538
512 538
514 538
515 538
517 538
518 538
519 538
520 538
501 539
502 539
508 539
509 539
510 539
512 539
513 539
514 539
515 539
517 539
518 539
519 539
502 540
504 540
506 540
507 540
509 540
511 540
514 540
519 540
521 541
522 541
524 541
526 541
528 541
533 541
535 541
537 541
522 542
526 542
528 542
529 542
530 542
531 542
532 542
533 542
539 542
521 543
524 543
525 543
528 543
530 543
532 543
535 543
536 543
537 543
538 543
539 543
540 543
523 544
525 544
527 544
531 544
532 544
535 544
539 544
540 544
521 545
522 545
524 545
528 545
529 545
531 545
533 545
534 545
538 545
539 545
540 545
521 546
522 546
525 546
529 546
532 546
535 546
536 546
537 546
538 546
523 547
524 547
525 547
526 547
527 547
531 547
535 547
538 547
539 547
521 548
522 548
524 548
525 548
527 548
531 548
533 548
535 548
538 548
539 548
540 548
521 549
522 549
523 549
524 549
529 549
533 549
536 549
537 549
539 549
540 549
521 550
523 550
524 550
529 550
531 550
533 550
536 550
538 550
539 550
525 551
526 551
528 551
529 551
531 551
534 551
537 551
538 551
539 551
521 552
523 552
525 552
526 552
527 552
528 552
529 552
530 552
533 552
534 552
535 552
537 552
538 552
522 553
524 553
525 553
526 553
527 553
528 553
529 553
530 553
536 553
537 553
538 553
539 553
523 554
527 554
528 554
530 554
533 554
535 554
538 554
539 554
522 555
523 555
524 555
525 555
526 555
528 555
529 555
530 555
535 555
537 555
539 555
540 555
521 556
523 556
524 556
527 556
530 556
532 556
534 556
536 556
539 556
521 557
522 557
525 557
526 557
527 557
529 557
530 557
531 557
534 557
535 557
536 557
537 557
538 557
539 557
522 558
524 558
531 558
532 558
533 558
534 558
535 558
537 558
538 558
540 558
522 559
528 559
529 559
530 559
531 559
533 559
534 559
535 559
536 559
521 560
524 560
526 560
528 560
530 560
536 560
546 561
548 561
550 561
551 561
552 561
553 561
555 561
559 561
560 561
544 562
545 562
547 562
548 562
549 562
550 562
551 562
553 562
556 562
558 562
560 562
541 563
544 563
545 563
546 563
548 563
550 563
552 563
553 563
557 563
558 563
559 563
560 563
541 564
542 564
545 564
546 564
548 564
549 564
550 564
551 564
555 564
556 564
558 564
560 564
542 565
543 565
545 565
547 565
549 565
551 565
552 565
554 565
556 565
557 565
559 565
541 566
543 566
545 566
548 566
549 566
551 566
552 566
558 566
559 566
560 566
541 567
542 567
546 567
547 567
555 567
556 567
557 567
558 567
559 567
542 568
544 568
545 568
546 568
548 568
549 568
550 568
551 568
556 568
557 568
559 568
560 568
542 569
544 569
545 569
546 569
548 569
549 569
550 569
552 569
557 569
559 569
542 570
543 570
544 570
545 570
548 570
550 570
552 570
556 570
559 570
543 571
544 571
546 571
548 571
549 571
552 571
553 571
554 571
555 571
557 571
558 571
559 571
560 571
543 572
544 572
545 572
548 572
549 572
551 572
553 572
554 572
555 572
557 572
558 572
560 572
541 573
542 573
543 573
548 573
553 573
557 573
560 573
541 574
542 574
547 574
549 574
551 574
553 574
555 574
558 574
559 574
542 575
543 575
544 575
546 575
547 575
555 575
556 575
557 575
541 576
544 576
548 576
550 576
551 576
552 576
553 576
556 576
557 576
559 576
541 577
542 577
543 577
545 577
547 577
552 577
553 577
554 577
558 577
559 577
541 578
542 578
544 578
546 578
547 578
550 578
552 578
553 578
556 578
558 578
544 579
545 579
549 579
550 579
558 579
559 579
560 579
541 580
542 580
543 580
546 580
547 580
548 580
550 580
552 580
554 580
556 580
557 580
559 580
561 581
563 581
564 581
565 581
566 581
568 581
569 581
571 581
572 581
574 581
577 581
579 581
561 582
562 582
563 582
564 582
565 582
566 582
567 582
568 582
569 582
570 582
572 582
574 582
575 582
576 582
578 582
579 582
580 582
562 583
563 583
565 583
569 583
570 583
573 583
574 583
576 583
579 583
561 584
564 584
566 584
568 584
572 584
573 584
574 584
576 584
578 584
561 585
562 585
565 585
566 585
569 585
572 585
573 585
579 585
561 586
565 586
566 586
567 586
568 586
569 586
571 586
574 586
575 586
577 586
579 586
580 586
561 587
562 587
563 587
564 587
566 587
567 587
570 587
573 587
574 587
575 587
576 587
577 587
580 587
564 588
566 588
570 588
572 588
573 588
574 588
575 588
576 588
577 588
580 588
561 589
563 589
564 589
566 589
567 589
570 589
573 589
574 589
578 589
580 589
563 590
564 590
568 590
572 590
573 590
574 590
575 590
576 590
577 590
578 590
580 590
562 591
563 591
564 591
566 591
568 591
570 591
571 591
573 591
575 591
579 591
562 592
567 592
569 592
570 592
572 592
575 592
576 592
577 592
579 592
561 593
564 593
565 593
566 593
569 593
574 593
575 593
579 593
563 594
564 594
565 594
566 594
570 594
578 594
579 594
562 595
563 595
564 595
565 595
566 595
567 595
569 595
572 595
574 595
576 595
580 595
561 596
562 596
563 596
566 596
567 596
569 596
570 596
571 596
575 596
576 596
577 596
579 596
580 596
561 597
563 597
564 597
565 597
567 597
569 597
570 597
573 597
574 597
576 597
577 597
578 597
561 598
563 598
570 598
573 598
576 598
564 599
565 599
567 599
568 599
569 599
571 599
572 599
573 599
574 599
575 599
580 599
561 600
563 600
566 600
567 600
571 600
573 600
579 600
580 600
581 601
584 601
586 601
590 601
591 601
593 601
594 601
595 601
596 601
597 601
599 601
600 601
584 602
585 602
588 602
589 602
590 602
591 602
598 602
582 603
586 603
588 603
596 603
598 603
600 603
582 604
584 604
586 604
588 604
592 604
594 604
595 604
596 604
597 604
581 605
586 605
589 605
591 605
593 605
594 605
595 605
597 605
581 606
582 606
583 606
585 606
587 606
588 606
589 606
590 606
594 606
595 606
596 606
597 606
599 606
582 607
584 607
585 607
587 607
588 607
589 607
591 607
592 607
581 608
583 608
585 608
587 608
588 608
589 608
590 608
591 608
592 608
593 608
594 608
597 608
598 608
600 608
582 609
584 609
585 609
586 609
587 609
589 609
590 609
592 609
593 609
594 609
595 609
597 609
598 609
599 609
582 610
583 610
584 610
586 610
588 610
589 610
590 610
591 610
594 610
595 610
599 610
582 611
583 611
584 611
585 611
589 611
591 611
592 611
593 611
594 611
595 611
598 611
599 611
600 611
582 612
584 612
586 612
587 612
596 612
597 612
600 612
581 613
585 613
590 613
591 613
593 613
594 613
600 613
581 614
583 614
584 614
586 614
593 614
594 614
595 614
582 615
583 615
588 615
589 615
591 615
592 615
593 615
596 615
597 615
599 615
585 616
587 616
588 616
595 616
596 616
598 616
600 616
582 617
583 617
588 617
594 617
595 617
597 617
598 617
599 617
581 618
582 618
585 618
587 618
588 618
589 618
590 618
592 618
593 618
595 618
596 618
599 618
581 619
585 619
586 619
589 619
590 619
592 619
593 619
595 619
598 619
581 620
582 620
584 620
585 620
591 620
596 620
597 620
598 620
599 620
600 620
602 621
605 621
606 621
608 621
609 621
612 621
619 621
620 621
601 622
603 622
604 622
605 622
606 622
607 622
610 622
611 622
612 622
614 622
616 622
620 622
601 623
602 623
603 623
604 623
605 623
608 623
609 623
610 623
611 623
614 623
617 623
619 623
620 623
601 624
607 624
608 624
609 624
612 624
613 624
616 624
617 624
618 624
620 624
601 625
602 625
604 625
606 625
607 625
608 625
611 625
616 625
619 625
620 625
601 626
602 626
603 626
604 626
606 626
609 626
610 626
611 626
612 626
613 626
616 626
602 627
604 627
606 627
608 627
612 627
614 627
615 627
617 627
618 627
620 627
601 628
602 628
605 628
607 628
609 628
610 628
613 628
616 628
617 628
601 629
604 629
605 629
606 629
608 629
610 629
612 629
613 629
618 629
620 629
601 630
602 630
605 630
606 630
607 630
609 630
610 630
611 630
613 630
616 630
618 630
619 630
601 631
603 631
606 631
607 631
610 631
611 631
612 631
613 631
614 631
615 631
617 631
604 632
605 632
607 632
610 632
611 632
612 632
618 632
620 632
601 633
603 633
605 633
608 633
609 633
612 633
613 633
614 633
615 633
616 633
618 633
619 633
620 633
601 634
602 634
603 634
604 634
607 634
609 634
610 634
611 634
612 634
615 634
616 634
619 634
620 634
601 635
602 635
603 635
605 635
606 635
607 635
614 635
615 635
616 635
619 635
601 636
604 636
605 636
607 636
608 636
609 636
611 636
612 636
614 636
615 636
617 636
619 636
620 636
602 637
603 637
604 637
605 637
607 637
608 637
609 637
610 637
612 637
614 637
616 637
617 637
618 637
603 638
608 638
609 638
611 638
612 638
613 638
614 638
617 638
620 638
601 639
602 639
606 639
607 639
611 639
612 639
614 639
616 639
618 639
619 639
620 639
603 640
604 640
605 640
608 640
609 640
611 640
612 640
616 640
617 640
618 640
621 641
622 641
623 641
626 641
628 641
632 641
639 641
640 641
621 642
622 642
624 642
625 642
628 642
629 642
631 642
633 642
637 642
639 642
621 643
623 643
624 643
626 643
628 643
629 643
631 643
633 643
634 643
636 643
637 643
639 643
622 644
623 644
624 644
628 644
634 644
638 644
639 644
623 645
626 645
627 645
628 645
631 645
634 645
640 645
622 646
625 646
626 646
628 646
630 646
631 646
634 646
636 646
637 646
640 646
622 647
623 647
627 647
628 647
630 647
632 647
638 647
640 647
621 648
622 648
624 648
626 648
627 648
628 648
631 648
632 648
634 648
636 648
637 648
638 648
639 648
622 649
623 649
624 649
625 649
626 649
627 649
628 649
630 649
632 649
636 649
639 649
640 649
621 650
623 650
628 650
629 650
630 650
631 650
632 650
635 650
636 650
640 650
622 651
623 651
628 651
630 651
631 651
632 651
633 651
635 651
636 651
637 651
638 651
640 651
623 652
626 652
628 652
630 652
632 652
634 652
635 652
639 652
640 652
623 653
626 653
628 653
632 653
634 653
635 653
636 653
639 653
640 653
623 654
625 654
627 654
629 654
631 654
633 654
638 654
639 654
624 655
627 655
629 655
633 655
635 655
636 655
638 655
626 656
630 656
637 656
638 656
639 656
621 657
622 657
624 657
625 657
628 657
629 657
631 657
632 657
634 657
636 657
638 657
639 657
623 658
624 658
625 658
627 658
629 658
631 658
633 658
634 658
637 658
638 658
623 659
624 659
627 659
628 659
630 659
631 659
633 659
634 659
635 659
638 659
639 659
640 659
624 660
627 660
628 660
629 660
633 660
634 660
637 660
638 660
639 660
641 661
643 661
645 661
646 661
648 661
649 661
651 661
652 661
653 661
654 661
655 661
659 661
660 661
644 662
645 662
646 662
647 662
650 662
651 662
652 662
653 662
655 662
659 662
642 663
652 663
653 663
654 663
655 663
657 663
660 663
642 664
643 664
645 664
646 664
647 664
648 664
649 664
650 664
651 664
652 664
657 664
659 664
642 665
645 665
647 665
649 665
651 665
654 665
655 665
657 665
643 666
644 666
645 666
646 666
647 666
648 666
649 666
651 666
653 666
654 666
659 666
660 666
642 667
643 667
644 667
645 667
647 667
650 667
653 667
654 667
655 667
656 667
643 668
644 668
645 668
646 668
647 668
649 668
650 668
654 668
658 668
660 668
641 669
642 669
647 669
648 669
649 669
651 669
654 669
655 669
656 669
658 669
641 670
646 670
647 670
648 670
653 670
655 670
656 670
658 670
641 671
648 671
650 671
653 671
656 671
657 671
659 671
641 672
642 672
643 672
646 672
650 672
652 672
655 672
656 672
659 672
660 672
641 673
643 673
644 673
645 673
650 673
654 673
655 673
656 673
659 673
641 674
642 674
643 674
644 674
645 674
649 674
650 674
653 674
654 674
656 674
658 674
659 674
660 674
643 675
645 675
647 675
649 675
652 675
655 675
656 675
657 675
658 675
645 676
646 676
648 676
649 676
650 676
651 676
653 676
655 676
656 676
658 676
659 676
643 677
646 677
647 677
650 677
651 677
652 677
653 677
654 677
657 677
658 677
660 677
641 678
642 678
650 678
652 678
653 678
655 678
656 678
658 678
641 679
642 679
645 679
650 679
651 679
653 679
654 679
655 679
656 679
657 679
658 679
659 679
641 680
642 680
643 680
644 680
645 680
646 680
648 680
650 680
652 680
654 680
655 680
657 680
659 680
660 680
661 681
662 681
668 681
669 681
670 681
671 681
672 681
673 681
674 681
677 681
680 681
664 682
666 682
667 682
670 682
671 682
673 682
674 682
675 682
676 682
679 682
661 683
662 683
664 683
669 683
671 683
672 683
673 683
674 683
675 683
676 683
677 683
678 683
665 684
669 684
674 684
675 684
678 684
680 684
665 685
669 685
671 685
672 685
673 685
674 685
676 685
677 685
678 685
679 685
665 686
666 686
667 686
669 686
672 686
675 686
676 686
677 686
680 686
662 687
663 687
665 687
667 687
668 687
671 687
672 687
673 687
674 687
675 687
676 687
677 687
679 687
680 687
661 688
662 688
663 688
664 688
668 688
674 688
676 688
677 688
680 688
661 689
663 689
665 689
666 689
668 689
670 689
671 689
672 689
674 689
675 689
677 689
679 689
680 689
661 690
665 690
666 690
668 690
669 690
671 690
677 690
678 690
679 690
680 690
661 691
662 691
664 691
666 691
667 691
673 691
674 691
675 691
676 691
677 691
678 691
661 692
662 692
663 692
664 692
666 692
667 692
668 692
674 692
675 692
676 692
678 692
679 692
680 692
663 693
664 693
667 693
669 693
670 693
671 693
672 693
673 693
674 693
678 693
679 693
680 693
664 694
666 694
667 694
668 694
671 694
674 694
675 694
677 694
678 694
680 694
661 695
662 695
665 695
666 695
668 695
669 695
670 695
677 695
678 695
679 695
680 695
662 696
664 696
669 696
670 696
672 696
677 696
678 696
680 696
661 697
662 697
663 697
664 697
667 697
670 697
671 697
673 697
674 697
675 697
676 697
677 697
679 697
680 697
661 698
667 698
669 698
672 698
674 698
675 698
665 699
666 699
667 699
669 699
670 699
675 699
676 699
677 699
678 699
679 699
680 699
662 700
663 700
665 700
666 700
668 700
669 700
677 700
678 700
680 700
682 701
683 701
687 701
688 701
690 701
691 701
695 701
696 701
681 702
682 702
683 702
684 702
685 702
686 702
688 702
690 702
691 702
692 702
693 702
695 702
696 702
697 702
681 703
682 703
684 703
685 703
686 703
687 703
694 703
695 703
697 703
699 703
700 703
681 704
682 704
684 704
685 704
689 704
690 704
691 704
692 704
693 704
694 704
695 704
696 704
698 704
682 705
683 705
686 705
690 705
691 705
692 705
693 705
695 705
696 705
697 705
698 705
682 706
684 706
685 706
686 706
687 706
690 706
692 706
694 706
695 706
699 706
700 706
681 707
682 707
687 707
690 707
693 707
694 707
698 707
699 707
700 707
681 708
683 708
685 708
686 708
687 708
690 708
692 708
693 708
696 708
699 708
681 709
683 709
685 709
689 709
690 709
691 709
693 709
694 709
696 709
700 709
681 710
682 710
684 710
685 710
686 710
689 710
690 710
694 710
698 710
700 710
686 711
687 711
690 711
691 711
693 711
697 711
698 711
699 711
681 712
682 712
683 712
685 712
688 712
690 712
692 712
698 712
700 712
681 713
684 713
688 713
689 713
691 713
693 713
695 713
696 713
683 714
685 714
689 714
691 714
693 714
694 714
696 714
697 714
698 714
699 714
683 715
685 715
686 715
688 715
689 715
692 715
693 715
696 715
697 715
698 715
700 715
681 716
682 716
683 716
685 716
687 716
688 716
689 716
690 716
692 716
695 716
696 716
697 716
698 716
699 716
684 717
685 717
686 717
690 717
695 717
697 717
699 717
684 718
686 718
687 718
688 718
689 718
690 718
691 718
693 718
695 718
696 718
698 718
699 718
681 719
684 719
685 719
686 719
687 719
689 719
690 719
691 719
695 719
696 719
697 719
698 719
699 719
681 720
682 720
684 720
686 720
687 720
688 720
693 720
697 720
698 720
699 720
700 720
701 721
705 721
706 721
707 721
708 721
710 721
714 721
701 722
705 722
707 722
710 722
711 722
713 722
716 722
717 722
720 722
703 723
704 723
705 723
706 723
707 723
709 723
710 723
711 723
713 723
717 723
719 723
701 724
702 724
703 724
704 724
706 724
707 724
708 724
710 724
711 724
712 724
713 724
714 724
715 724
717 724
719 724
701 725
702 725
704 725
708 725
713 725
714 725
718 725
719 725
703 726
704 726
706 726
707 726
708 726
709 726
710 726
711 726
713 726
714 726
715 726
716 726
719 726
702 727
704 727
709 727
710 727
711 727
714 727
716 727
717 727
720 727
701 728
704 728
705 728
706 728
707 728
708 728
710 728
711 728
712 728
713 728
714 728
715 728
716 728
717 728
720 728
703 729
708 729
710 729
713 729
714 729
716 729
718 729
701 730
702 730
704 730
707 730
708 730
714 730
715 730
718 730
702 731
705 731
706 731
708 731
709 731
710 731
711 731
712 731
713 731
719 731
720 731
701 732
703 732
704 732
705 732
707 732
709 732
712 732
716 732
718 732
702 733
706 733
707 733
709 733
713 733
715 733
716 733
718 733
719 733
701 734
705 734
708 734
709 734
710 734
711 734
712 734
714 734
715 734
718 734
719 734
720 734
708 735
710 735
711 735
712 735
713 735
714 735
715 735
716 735
719 735
701 736
702 736
705 736
708 736
709 736
712 736
715 736
716 736
717 736
718 736
720 736
704 737
708 737
710 737
715 737
717 737
718 737
719 737
701 738
702 738
706 738
708 738
709 738
710 738
712 738
716 738
719 738
720 738
701 739
702 739
703 739
704 739
708 739
709 739
710 739
711 739
713 739
716 739
717 739
718 739
719 739
720 739
703 740
705 740
714 740
715 740
720 740
724 741
727 741
728 741
729 741
730 741
731 741
734 741
735 741
739 741
740 741
721 742
722 742
723 742
724 742
726 742
727 742
728 742
729 742
730 742
731 742
732 742
733 742
734 742
736 742
737 742
738 742
739 742
740 742
722 743
723 743
726 743
729 743
730 743
733 743
735 743
738 743
739 743
740 743
721 744
723 744
724 744
728 744
730 744
732 744
736 744
737 744
738 744
739 744
740 744
721 745
722 745
723 745
724 745
727 745
728 745
729 745
731 745
732 745
735 745
737 745
738 745
721 746
723 746
725 746
726 746
730 746
731 746
732 746
734 746
735 746
736 746
737 746
738 746
721 747
722 747
724 747
725 747
727 747
728 747
731 747
733 747
738 747
739 747
740 747
722 748
723 748
725 748
727 748
734 748
735 748
736 748
737 748
722 749
729 749
730 749
732 749
734 749
735 749
736 749
738 749
739 749
723 750
728 750
729 750
730 750
732 750
733 750
737 750
738 750
740 750
722 751
723 751
728 751
729 751
733 751
734 751
736 751
737 751
739 751
723 752
724 752
726 752
729 752
730 752
732 752
734 752
735 752
737 752
740 752
722 753
723 753
724 753
725 753
726 753
729 753
730 753
731 753
733 753
735 753
736 753
738 753
740 753
721 754
722 754
724 754
726 754
735 754
736 754
738 754
739 754
740 754
721 755
722 755
723 755
724 755
725 755
726 755
728 755
729 755
733 755
734 755
737 755
740 755
722 756
725 756
727 756
728 756
729 756
732 756
738 756
739 756
740 756
721 757
723 757
724 757
725 757
726 757
727 757
728 757
729 757
732 757
733 757
734 757
740 757
722 758
724 758
725 758
728 758
729 758
730 758
733 758
734 758
735 758
740 758
721 759
722 759
724 759
726 759
727 759
728 759
729 759
730 759
732 759
738 759
739 759
724 760
731 760
733 760
736 760
738 760
741 761
746 761
747 761
749 761
751 761
752 761
754 761
755 761
756 761
757 761
759 761
742 762
744 762
745 762
746 762
748 762
752 762
755 762
756 762
757 762
759 762
760 762
742 763
744 763
745 763
746 763
748 763
749 763
750 763
751 763
752 763
753 763
754 763
755 763
760 763
741 764
743 764
744 764
746 764
750 764
751 764
752 764
753 764
754 764
756 764
757 764
758 764
759 764
742 765
743 765
745 765
748 765
750 765
751 765
752 765
753 765
756 765
757 765
758 765
760 765
741 766
742 766
743 766
746 766
748 766
750 766
753 766
755 766
756 766
758 766
759 766
741 767
744 767
747 767
749 767
750 767
751 767
753 767
754 767
755 767
756 767
758 767
759 767
760 767
742 768
743 768
744 768
745 768
752 768
755 768
756 768
758 768
759 768
741 769
742 769
745 769
754 769
755 769
757 769
758 769
760 769
741 770
742 770
743 770
745 770
746 770
747 770
748 770
751 770
752 770
754 770
757 770
759 770
741 771
742 771
744 771
748 771
754 771
756 771
757 771
758 771
759 771
741 772
742 772
743 772
746 772
747 772
750 772
751 772
759 772
760 772
742 773
744 773
746 773
747 773
752 773
753 773
754 773
755 773
756 773
757 773
758 773
759 773
743 774
744 774
745 774
746 774
747 774
749 774
751 774
754 774
755 774
756 774
757 774
759 774
760 774
743 775
744 775
745 775
746 775
747 775
749 775
750 775
751 775
752 775
753 775
754 775
755 775
756 775
757 775
758 775
760 775
743 776
744 776
745 776
746 776
747 776
750 776
751 776
753 776
754 776
755 776
756 776
757 776
760 776
741 777
742 777
747 777
748 777
750 777
753 777
754 777
756 777
760 777
741 778
742 778
743 778
746 778
747 778
752 778
753 778
755 778
757 778
758 778
742 779
746 779
748 779
749 779
753 779
754 779
755 779
756 779
757 779
759 779
743 780
744 780
745 780
748 780
750 780
751 780
753 780
755 780
761 781
763 781
764 781
765 781
766 781
767 781
771 781
776 781
777 781
778 781
779 781
761 782
765 782
768 782
769 782
771 782
778 782
780 782
762 783
765 783
768 783
769 783
771 783
776 783
769 784
770 784
772 784
774 784
777 784
779 784
780 784
761 785
762 785
763 785
765 785
767 785
771 785
774 785
776 785
777 785
779 785
780 785
761 786
763 786
766 786
767 786
773 786
774 786
778 786
780 786
761 787
764 787
765 787
767 787
768 787
772 787
775 787
779 787
761 788
763 788
764 788
766 788
769 788
772 788
773 788
774 788
775 788
780 788
764 789
765 789
766 789
767 789
768 789
769 789
772 789
773 789
775 789
776 789
778 789
779 789
780 789
762 790
768 790
770 790
776 790
778 790
780 790
762 791
763 791
764 791
766 791
767 791
769 791
771 791
774 791
776 791
778 791
780 791
761 792
763 792
764 792
765 792
767 792
769 792
770 792
771 792
772 792
774 792
777 792
778 792
780 792
761 793
762 793
763 793
764 793
765 793
767 793
769 793
770 793
773 793
774 793
778 793
779 793
780 793
761 794
763 794
766 794
769 794
774 794
775 794
777 794
779 794
780 794
762 795
763 795
764 795
765 795
769 795
772 795
774 795
775 795
776 795
777 795
778 795
762 796
764 796
765 796
766 796
767 796
768 796
771 796
772 796
773 796
774 796
775 796
776 796
777 796
778 796
761 797
763 797
769 797
770 797
772 797
773 797
775 797
776 797
777 797
778 797
779 797
780 797
761 798
766 798
773 798
778 798
762 799
764 799
765 799
766 799
767 799
768 799
769 799
771 799
772 799
775 799
776 799
765 800
766 800
768 800
769 800
770 800
772 800
775 800
779 800
780 800
