300 4161 15
20 20 20 20 20 20 20 20 20 20 20 20 20 20 20 
1 21
6 21
7 21
8 21
9 21
10 21
11 21
15 21
16 21
17 21
18 21
19 21
20 21
1 22
3 22
4 22
5 22
7 22
8 22
10 22
11 22
12 22
13 22
14 22
15 22
16 22
18 22
19 22
20 22
1 23
2 23
3 23
4 23
6 23
8 23
9 23
10 23
14 23
16 23
17 23
18 23
19 23
1 24
3 24
4 24
5 24
6 24
8 24
10 24
11 24
13 24
14 24
15 24
17 24
18 24
19 24
20 24
3 25
7 25
10 25
11 25
13 25
15 25
16 25
17 25
18 25
19 25
20 25
1 26
2 26
3 26
4 26
6 26
10 26
11 26
13 26
14 26
15 26
16 26
17 26
18 26
19 26
2 27
3 27
4 27
5 27
6 27
9 27
11 27
12 27
18 27
19 27
1 28
2 28
3 28
4 28
5 28
6 28
7 28
8 28
9 28
10 28
14 28
17 28
18 28
19 28
20 28
1 29
2 29
4 29
5 29
6 29
7 29
8 29
9 29
10 29
15 29
16 29
17 29
18 29
19 29
1 30
2 30
3 30
4 30
5 30
6 30
7 30
8 30
9 30
10 30
11 30
12 30
13 30
16 30
17 30
18 30
19 30
20 30
2 31
3 31
5 31
6 31
8 31
9 31
10 31
11 31
13 31
15 31
16 31
17 31
18 31
19 31
1 32
2 32
3 32
4 32
5 32
6 32
9 32
11 32
12 32
13 32
14 32
15 32
16 32
17 32
18 32
20 32
1 33
2 33
3 33
4 33
5 33
7 33
8 33
9 33
10 33
11 33
13 33
14 33
15 33
18 33
19 33
20 33
2 34
3 34
4 34
6 34
7 34
8 34
10 34
11 34
12 34
13 34
14 34
15 34
17 34
19 34
20 34
1 35
2 35
3 35
4 35
5 35
6 35
7 35
8 35
9 35
10 35
11 35
12 35
14 35
15 35
17 35
18 35
20 35
1 36
2 36
3 36
4 36
5 36
6 36
7 36
9 36
10 36
11 36
16 36
17 36
18 36
19 36
1 37
3 37
4 37
5 37
9 37
12 37
13 37
14 37
16 37
17 37
19 37
20 37
1 38
3 38
5 38
8 38
11 38
12 38
13 38
14 38
15 38
16 38
17 38
18 38
19 38
3 39
4 39
5 39
6 39
7 39
8 39
9 39
10 39
11 39
12 39
13 39
14 39
15 39
16 39
17 39
18 39
19 39
20 39
1 40
2 40
3 40
4 40
5 40
7 40
10 40
11 40
12 40
13 40
14 40
16 40
17 40
18 40
19 40
22 41
23 41
24 41
25 41
26 41
27 41
28 41
29 41
30 41
31 41
32 41
37 41
38 41
39 41
40 41
22 42
23 42
24 42
25 42
26 42
27 42
28 42
29 42
32 42
33 42
34 42
35 42
36 42
37 42
38 42
39 42
40 42
22 43
25 43
26 43
27 43
29 43
33 43
34 43
35 43
36 43
38 43
21 44
22 44
23 44
24 44
25 44
26 44
28 44
29 44
30 44
31 44
32 44
33 44
34 44
35 44
36 44
37 44
38 44
39 44
40 44
21 45
22 45
23 45
24 45
25 45
26 45
27 45
28 45
29 45
31 45
32 45
36 45
38 45
39 45
40 45
21 46
22 46
23 46
24 46
26 46
27 46
28 46
29 46
30 46
31 46
32 46
33 46
34 46
36 46
21 47
22 47
23 47
26 47
28 47
29 47
30 47
31 47
32 47
33 47
34 47
37 47
38 47
39 47
21 48
22 48
25 48
26 48
27 48
28 48
30 48
32 48
33 48
34 48
35 48
36 48
37 48
38 48
40 48
22 49
23 49
24 49
25 49
26 49
27 49
28 49
29 49
30 49
31 49
32 49
33 49
34 49
36 49
38 49
39 49
40 49
23 50
24 50
25 50
27 50
28 50
29 50
30 50
33 50
34 50
35 50
36 50
38 50
39 50
40 50
21 51
22 51
23 51
24 51
25 51
26 51
28 51
31 51
32 51
33 51
34 51
35 51
37 51
38 51
39 51
40 51
22 52
24 52
25 52
26 52
28 52
30 52
32 52
34 52
35 52
39 52
21 53
22 53
23 53
24 53
25 53
26 53
28 53
29 53
30 53
31 53
32 53
33 53
35 53
36 53
37 53
38 53
39 53
21 54
23 54
24 54
25 54
26 54
27 54
28 54
29 54
30 54
32 54
33 54
34 54
35 54
36 54
37 54
38 54
39 54
22 55
23 55
24 55
26 55
27 55
28 55
29 55
30 55
31 55
32 55
33 55
35 55
36 55
37 55
38 55
39 55
21 56
22 56
26 56
27 56
28 56
29 56
31 56
32 56
34 56
36 56
38 56
40 56
21 57
22 57
23 57
24 57
25 57
26 57
27 57
29 57
32 57
33 57
35 57
36 57
37 57
38 57
39 57
40 57
21 58
23 58
24 58
25 58
27 58
28 58
29 58
30 58
31 58
33 58
34 58
35 58
36 58
37 58
38 58
40 58
22 59
23 59
25 59
26 59
28 59
30 59
32 59
34 59
35 59
36 59
37 59
39 59
21 60
22 60
23 60
24 60
25 60
26 60
28 60
29 60
30 60
31 60
33 60
34 60
35 60
36 60
37 60
39 60
40 60
41 61
42 61
45 61
46 61
48 61
50 61
51 61
52 61
53 61
54 61
55 61
56 61
58 61
60 61
41 62
42 62
44 62
45 62
46 62
47 62
48 62
50 62
51 62
52 62
53 62
54 62
55 62
56 62
57 62
58 62
59 62
60 62
41 63
42 63
44 63
46 63
47 63
50 63
51 63
52 63
54 63
57 63
58 63
60 63
41 64
42 64
45 64
46 64
47 64
49 64
50 64
51 64
53 64
54 64
55 64
57 64
58 64
60 64
41 65
42 65
43 65
44 65
46 65
47 65
49 65
51 65
52 65
54 65
57 65
58 65
59 65
60 65
41 66
42 66
44 66
45 66
46 66
49 66
50 66
51 66
52 66
54 66
55 66
56 66
57 66
58 66
59 66
60 66
41 67
42 67
43 67
46 67
48 67
49 67
50 67
51 67
54 67
55 67
56 67
57 67
58 67
41 68
44 68
47 68
48 68
51 68
53 68
55 68
56 68
57 68
58 68
59 68
60 68
41 69
43 69
44 69
45 69
46 69
47 69
49 69
50 69
51 69
52 69
55 69
56 69
57 69
58 69
59 69
43 70
46 70
48 70
49 70
50 70
51 70
54 70
56 70
57 70
59 70
41 71
43 71
45 71
47 71
48 71
49 71
50 71
51 71
52 71
53 71
54 71
55 71
56 71
57 71
59 71
60 71
41 72
43 72
44 72
45 72
46 72
47 72
48 72
49 72
51 72
53 72
54 72
55 72
57 72
58 72
59 72
60 72
41 73
42 73
44 73
45 73
46 73
47 73
48 73
52 73
53 73
54 73
55 73
56 73
58 73
60 73
42 74
43 74
44 74
45 74
46 74
47 74
49 74
52 74
54 74
55 74
56 74
60 74
41 75
42 75
43 75
44 75
47 75
49 75
51 75
52 75
53 75
56 75
57 75
58 75
60 75
43 76
44 76
45 76
49 76
50 76
54 76
55 76
57 76
58 76
59 76
60 76
43 77
44 77
45 77
46 77
47 77
48 77
49 77
50 77
51 77
52 77
53 77
54 77
55 77
56 77
58 77
59 77
60 77
41 78
42 78
43 78
44 78
47 78
48 78
49 78
50 78
52 78
54 78
56 78
57 78
58 78
41 79
42 79
43 79
44 79
45 79
46 79
48 79
49 79
51 79
52 79
54 79
55 79
56 79
60 79
41 80
42 80
45 80
48 80
49 80
50 80
52 80
53 80
54 80
55 80
56 80
58 80
59 80
61 81
62 81
63 81
64 81
65 81
66 81
68 81
70 81
71 81
73 81
75 81
76 81
78 81
80 81
61 82
62 82
63 82
64 82
65 82
66 82
67 82
68 82
69 82
73 82
74 82
77 82
78 82
79 82
80 82
61 83
62 83
63 83
64 83
65 83
66 83
67 83
68 83
70 83
71 83
72 83
73 83
74 83
75 83
76 83
77 83
79 83
80 83
61 84
62 84
63 84
64 84
65 84
66 84
67 84
68 84
69 84
70 84
72 84
73 84
74 84
75 84
77 84
78 84
79 84
61 85
62 85
63 85
67 85
68 85
69 85
70 85
71 85
72 85
73 85
75 85
76 85
77 85
78 85
79 85
80 85
61 86
62 86
64 86
65 86
66 86
67 86
72 86
74 86
75 86
76 86
77 86
78 86
80 86
61 87
62 87
64 87
65 87
69 87
70 87
72 87
73 87
74 87
75 87
76 87
79 87
80 87
62 88
64 88
65 88
67 88
69 88
70 88
71 88
72 88
73 88
76 88
77 88
78 88
79 88
80 88
61 89
62 89
63 89
65 89
67 89
68 89
69 89
70 89
71 89
72 89
74 89
75 89
76 89
78 89
79 89
80 89
61 90
62 90
63 90
65 90
66 90
67 90
68 90
70 90
71 90
72 90
73 90
74 90
75 90
76 90
77 90
78 90
79 90
61 91
62 91
63 91
65 91
67 91
71 91
75 91
76 91
77 91
79 91
80 91
61 92
62 92
63 92
64 92
66 92
67 92
68 92
69 92
70 92
71 92
73 92
75 92
76 92
77 92
78 92
62 93
63 93
64 93
65 93
66 93
67 93
70 93
71 93
72 93
73 93
75 93
76 93
77 93
78 93
79 93
61 94
62 94
63 94
64 94
65 94
66 94
67 94
68 94
69 94
70 94
71 94
72 94
73 94
75 94
77 94
78 94
61 95
62 95
63 95
66 95
68 95
69 95
71 95
75 95
76 95
77 95
78 95
79 95
80 95
61 96
62 96
63 96
65 96
66 96
67 96
68 96
69 96
70 96
71 96
72 96
73 96
74 96
75 96
76 96
77 96
78 96
79 96
80 96
61 97
62 97
63 97
66 97
67 97
68 97
70 97
72 97
73 97
74 97
75 97
76 97
77 97
78 97
80 97
61 98
63 98
64 98
65 98
66 98
68 98
69 98
70 98
71 98
72 98
73 98
74 98
75 98
76 98
77 98
79 98
80 98
61 99
62 99
63 99
65 99
66 99
69 99
70 99
71 99
73 99
75 99
76 99
77 99
78 99
79 99
80 99
61 100
62 100
64 100
65 100
67 100
69 100
70 100
72 100
73 100
74 100
75 100
76 100
77 100
78 100
79 100
80 100
81 101
83 101
84 101
85 101
86 101
87 101
88 101
89 101
90 101
91 101
92 101
93 101
94 101
95 101
97 101
98 101
99 101
100 101
81 102
82 102
83 102
86 102
88 102
90 102
91 102
94 102
95 102
96 102
97 102
98 102
99 102
100 102
81 103
83 103
86 103
87 103
90 103
92 103
93 103
95 103
96 103
97 103
99 103
81 104
82 104
84 104
85 104
87 104
88 104
89 104
90 104
91 104
92 104
93 104
94 104
95 104
96 104
98 104
99 104
100 104
81 105
82 105
83 105
84 105
85 105
86 105
87 105
89 105
90 105
91 105
92 105
93 105
95 105
96 105
98 105
99 105
100 105
81 106
83 106
84 106
86 106
87 106
88 106
89 106
90 106
91 106
92 106
93 106
96 106
97 106
98 106
99 106
100 106
81 107
83 107
85 107
86 107
87 107
88 107
89 107
90 107
91 107
92 107
93 107
95 107
96 107
99 107
81 108
82 108
84 108
85 108
86 108
88 108
89 108
92 108
93 108
95 108
96 108
98 108
99 108
100 108
82 109
85 109
86 109
87 109
88 109
89 109
91 109
92 109
94 109
95 109
96 109
97 109
98 109
100 109
82 110
84 110
85 110
86 110
87 110
88 110
89 110
90 110
91 110
93 110
94 110
95 110
96 110
97 110
98 110
99 110
100 110
81 111
82 111
83 111
84 111
85 111
86 111
87 111
88 111
91 111
92 111
94 111
95 111
96 111
98 111
99 111
100 111
81 112
82 112
83 112
85 112
86 112
87 112
88 112
89 112
90 112
91 112
93 112
94 112
95 112
97 112
99 112
100 112
81 113
82 113
83 113
84 113
85 113
87 113
88 113
89 113
90 113
91 113
92 113
93 113
94 113
96 113
97 113
98 113
99 113
100 113
81 114
82 114
84 114
85 114
87 114
88 114
91 114
92 114
93 114
95 114
96 114
97 114
98 114
99 114
100 114
81 115
83 115
84 115
85 115
86 115
87 115
89 115
91 115
92 115
93 115
94 115
96 115
100 115
81 116
82 116
84 116
86 116
87 116
88 116
89 116
90 116
92 116
93 116
94 116
95 116
96 116
98 116
99 116
100 116
81 117
82 117
83 117
84 117
85 117
87 117
89 117
90 117
91 117
92 117
93 117
94 117
95 117
97 117
98 117
99 117
100 117
81 118
82 118
83 118
85 118
86 118
87 118
89 118
90 118
91 118
92 118
94 118
95 118
96 118
99 118
81 119
82 119
83 119
84 119
86 119
87 119
88 119
90 119
91 119
93 119
95 119
96 119
98 119
100 119
81 120
82 120
84 120
86 120
88 120
89 120
90 120
91 120
92 120
93 120
94 120
95 120
96 120
98 120
101 121
103 121
104 121
105 121
106 121
107 121
108 121
109 121
110 121
111 121
113 121
114 121
115 121
116 121
119 121
120 121
101 122
103 122
104 122
105 122
106 122
107 122
108 122
109 122
110 122
111 122
112 122
113 122
114 122
115 122
116 122
117 122
118 122
119 122
120 122
102 123
104 123
105 123
106 123
108 123
110 123
111 123
112 123
113 123
114 123
115 123
116 123
118 123
119 123
102 124
103 124
104 124
107 124
109 124
110 124
112 124
113 124
114 124
116 124
117 124
118 124
119 124
120 124
101 125
102 125
103 125
104 125
106 125
107 125
108 125
109 125
110 125
112 125
113 125
114 125
117 125
118 125
119 125
120 125
101 126
102 126
103 126
104 126
105 126
107 126
108 126
109 126
110 126
111 126
114 126
115 126
117 126
118 126
119 126
120 126
102 127
103 127
105 127
106 127
107 127
108 127
110 127
112 127
114 127
115 127
116 127
118 127
120 127
101 128
102 128
103 128
104 128
105 128
106 128
107 128
108 128
109 128
110 128
111 128
113 128
114 128
115 128
116 128
118 128
119 128
104 129
105 129
106 129
107 129
108 129
109 129
110 129
112 129
113 129
114 129
117 129
118 129
119 129
101 130
102 130
104 130
107 130
108 130
109 130
110 130
111 130
117 130
118 130
119 130
120 130
101 131
102 131
104 131
106 131
107 131
109 131
110 131
111 131
113 131
114 131
117 131
118 131
119 131
120 131
103 132
104 132
105 132
106 132
107 132
108 132
110 132
113 132
114 132
115 132
116 132
119 132
102 133
103 133
104 133
105 133
106 133
107 133
108 133
109 133
110 133
112 133
113 133
114 133
115 133
116 133
118 133
119 133
101 134
102 134
103 134
105 134
107 134
108 134
109 134
111 134
113 134
114 134
116 134
117 134
118 134
120 134
101 135
102 135
103 135
104 135
105 135
106 135
107 135
108 135
109 135
110 135
111 135
112 135
114 135
115 135
119 135
120 135
101 136
103 136
104 136
107 136
108 136
109 136
110 136
112 136
113 136
115 136
116 136
117 136
118 136
119 136
120 136
101 137
103 137
104 137
105 137
107 137
108 137
109 137
110 137
111 137
115 137
117 137
118 137
119 137
120 137
101 138
104 138
105 138
106 138
107 138
108 138
109 138
110 138
111 138
112 138
113 138
114 138
115 138
116 138
117 138
118 138
120 138
102 139
104 139
105 139
106 139
107 139
108 139
109 139
110 139
111 139
112 139
113 139
114 139
115 139
116 139
117 139
118 139
119 139
101 140
102 140
103 140
104 140
106 140
108 140
109 140
111 140
113 140
115 140
119 140
120 140
121 141
122 141
124 141
125 141
128 141
129 141
130 141
131 141
132 141
133 141
134 141
135 141
136 141
138 141
121 142
123 142
124 142
125 142
128 142
129 142
131 142
132 142
134 142
135 142
136 142
137 142
138 142
123 143
124 143
125 143
126 143
127 143
128 143
129 143
130 143
132 143
133 143
134 143
137 143
138 143
140 143
121 144
122 144
123 144
124 144
127 144
128 144
130 144
131 144
134 144
137 144
139 144
140 144
123 145
124 145
126 145
128 145
129 145
130 145
131 145
132 145
133 145
134 145
135 145
136 145
137 145
138 145
139 145
121 146
123 146
124 146
125 146
126 146
127 146
128 146
130 146
131 146
132 146
133 146
134 146
135 146
136 146
138 146
139 146
140 146
121 147
122 147
123 147
125 147
126 147
127 147
129 147
130 147
131 147
132 147
133 147
135 147
136 147
137 147
138 147
139 147
140 147
121 148
122 148
123 148
124 148
125 148
126 148
128 148
129 148
130 148
131 148
132 148
136 148
137 148
138 148
139 148
140 148
122 149
123 149
124 149
128 149
129 149
130 149
131 149
132 149
134 149
135 149
136 149
137 149
138 149
139 149
140 149
121 150
123 150
125 150
127 150
128 150
129 150
130 150
131 150
132 150
133 150
134 150
135 150
136 150
138 150
139 150
140 150
121 151
122 151
123 151
124 151
125 151
127 151
129 151
130 151
132 151
134 151
136 151
137 151
138 151
140 151
121 152
122 152
123 152
125 152
126 152
128 152
129 152
130 152
131 152
133 152
134 152
136 152
138 152
139 152
140 152
121 153
122 153
123 153
124 153
125 153
126 153
127 153
129 153
130 153
133 153
134 153
138 153
139 153
140 153
122 154
123 154
124 154
125 154
126 154
127 154
129 154
130 154
131 154
132 154
133 154
134 154
136 154
137 154
138 154
139 154
140 154
121 155
122 155
123 155
124 155
127 155
129 155
130 155
134 155
135 155
136 155
137 155
138 155
139 155
140 155
121 156
123 156
125 156
126 156
127 156
128 156
130 156
134 156
136 156
137 156
140 156
121 157
124 157
125 157
126 157
127 157
128 157
129 157
130 157
131 157
132 157
133 157
135 157
136 157
137 157
139 157
140 157
121 158
123 158
124 158
125 158
128 158
130 158
132 158
133 158
134 158
135 158
136 158
137 158
139 158
121 159
122 159
124 159
125 159
126 159
127 159
128 159
130 159
131 159
132 159
134 159
135 159
136 159
137 159
138 159
139 159
140 159
121 160
124 160
125 160
126 160
127 160
128 160
130 160
131 160
132 160
133 160
134 160
135 160
136 160
137 160
138 160
139 160
141 161
142 161
143 161
144 161
146 161
147 161
148 161
149 161
150 161
151 161
152 161
153 161
154 161
156 161
157 161
158 161
159 161
142 162
143 162
144 162
147 162
148 162
149 162
150 162
151 162
152 162
153 162
154 162
155 162
158 162
159 162
160 162
142 163
143 163
144 163
145 163
148 163
149 163
150 163
151 163
152 163
155 163
156 163
157 163
158 163
159 163
160 163
142 164
143 164
145 164
146 164
148 164
149 164
152 164
153 164
154 164
155 164
156 164
157 164
158 164
159 164
160 164
142 165
143 165
144 165
145 165
146 165
147 165
148 165
149 165
150 165
151 165
152 165
156 165
157 165
158 165
159 165
160 165
141 166
142 166
143 166
145 166
146 166
147 166
148 166
150 166
151 166
152 166
153 166
154 166
157 166
158 166
160 166
142 167
143 167
145 167
146 167
147 167
148 167
149 167
150 167
151 167
152 167
154 167
156 167
158 167
159 167
141 168
142 168
143 168
144 168
145 168
146 168
148 168
149 168
151 168
152 168
153 168
154 168
155 168
156 168
157 168
158 168
160 168
141 169
142 169
144 169
145 169
146 169
147 169
148 169
149 169
150 169
151 169
152 169
154 169
155 169
156 169
158 169
159 169
160 169
141 170
142 170
143 170
144 170
147 170
148 170
149 170
150 170
152 170
153 170
154 170
155 170
156 170
158 170
160 170
141 171
142 171
143 171
146 171
147 171
148 171
149 171
150 171
151 171
154 171
155 171
156 171
158 171
160 171
141 172
142 172
143 172
146 172
147 172
149 172
151 172
152 172
153 172
154 172
155 172
156 172
160 172
141 173
142 173
143 173
145 173
146 173
148 173
149 173
152 173
153 173
157 173
158 173
159 173
160 173
141 174
142 174
143 174
144 174
145 174
147 174
148 174
149 174
150 174
151 174
152 174
155 174
156 174
158 174
141 175
142 175
143 175
144 175
146 175
150 175
151 175
152 175
153 175
154 175
155 175
158 175
160 175
143 176
144 176
145 176
146 176
147 176
150 176
151 176
152 176
153 176
154 176
155 176
156 176
157 176
158 176
160 176
150 177
151 177
153 177
154 177
155 177
156 177
158 177
159 177
160 177
141 178
144 178
145 178
146 178
147 178
148 178
149 178
150 178
151 178
153 178
155 178
156 178
157 178
158 178
159 178
160 178
141 179
142 179
144 179
145 179
147 179
148 179
149 179
150 179
151 179
152 179
153 179
154 179
156 179
157 179
158 179
159 179
160 179
142 180
143 180
144 180
145 180
146 180
147 180
151 180
155 180
156 180
157 180
158 180
159 180
160 180
161 181
162 181
164 181
165 181
166 181
167 181
169 181
170 181
171 181
172 181
174 181
176 181
177 181
178 181
180 181
161 182
162 182
163 182
164 182
166 182
167 182
168 182
170 182
171 182
172 182
173 182
174 182
175 182
178 182
179 182
162 183
164 183
166 183
167 183
168 183
169 183
170 183
172 183
173 183
174 183
175 183
179 183
161 184
162 184
164 184
165 184
167 184
168 184
170 184
171 184
173 184
175 184
177 184
178 184
179 184
180 184
165 185
166 185
167 185
168 185
169 185
170 185
171 185
172 185
174 185
175 185
176 185
177 185
178 185
179 185
180 185
161 186
162 186
163 186
164 186
165 186
166 186
167 186
168 186
169 186
171 186
172 186
173 186
178 186
179 186
162 187
163 187
165 187
166 187
170 187
171 187
174 187
175 187
176 187
178 187
179 187
161 188
162 188
163 188
164 188
165 188
166 188
168 188
169 188
170 188
171 188
172 188
173 188
174 188
175 188
176 188
177 188
179 188
161 189
162 189
163 189
165 189
167 189
168 189
169 189
170 189
171 189
172 189
173 189
174 189
176 189
177 189
178 189
179 189
180 189
161 190
163 190
165 190
167 190
169 190
170 190
173 190
174 190
175 190
177 190
178 190
179 190
161 191
162 191
163 191
165 191
166 191
167 191
168 191
169 191
170 191
171 191
172 191
174 191
175 191
177 191
178 191
179 191
180 191
161 192
162 192
163 192
164 192
166 192
168 192
169 192
170 192
171 192
172 192
173 192
176 192
177 192
178 192
179 192
180 192
161 193
162 193
163 193
164 193
165 193
166 193
167 193
168 193
169 193
170 193
171 193
172 193
173 193
174 193
177 193
179 193
180 193
161 194
163 194
164 194
165 194
166 194
167 194
168 194
169 194
171 194
172 194
173 194
175 194
176 194
179 194
180 194
161 195
162 195
163 195
164 195
165 195
166 195
168 195
169 195
170 195
171 195
172 195
173 195
174 195
175 195
176 195
177 195
178 195
179 195
180 195
162 196
164 196
165 196
169 196
171 196
172 196
173 196
174 196
175 196
178 196
162 197
163 197
164 197
166 197
168 197
170 197
172 197
174 197
175 197
176 197
177 197
178 197
180 197
161 198
162 198
163 198
167 198
168 198
169 198
171 198
172 198
174 198
175 198
176 198
177 198
178 198
180 198
161 199
162 199
164 199
166 199
167 199
168 199
169 199
171 199
172 199
173 199
174 199
175 199
176 199
177 199
162 200
165 200
166 200
168 200
170 200
171 200
173 200
174 200
175 200
176 200
179 200
180 200
181 201
182 201
184 201
185 201
188 201
189 201
193 201
194 201
195 201
196 201
197 201
198 201
199 201
181 202
183 202
184 202
185 202
186 202
187 202
188 202
189 202
190 202
191 202
192 202
193 202
194 202
195 202
197 202
198 202
199 202
200 202
182 203
183 203
184 203
185 203
186 203
187 203
189 203
190 203
191 203
193 203
194 203
195 203
197 203
198 203
199 203
181 204
182 204
183 204
184 204
185 204
186 204
187 204
188 204
189 204
190 204
191 204
193 204
195 204
196 204
181 205
182 205
183 205
184 205
188 205
189 205
190 205
191 205
192 205
194 205
196 205
197 205
198 205
199 205
181 206
182 206
183 206
185 206
186 206
187 206
188 206
189 206
190 206
191 206
192 206
193 206
194 206
195 206
196 206
197 206
198 206
200 206
181 207
183 207
184 207
185 207
186 207
187 207
188 207
189 207
190 207
191 207
192 207
193 207
195 207
196 207
197 207
198 207
199 207
200 207
181 208
182 208
183 208
184 208
185 208
186 208
187 208
188 208
189 208
191 208
192 208
195 208
196 208
197 208
198 208
200 208
182 209
184 209
185 209
187 209
188 209
190 209
192 209
194 209
195 209
197 209
198 209
199 209
200 209
182 210
183 210
184 210
186 210
187 210
188 210
190 210
191 210
192 210
194 210
195 210
196 210
198 210
199 210
200 210
181 211
182 211
183 211
184 211
185 211
187 211
188 211
189 211
191 211
192 211
193 211
195 211
196 211
197 211
199 211
200 211
181 212
182 212
183 212
185 212
188 212
189 212
190 212
191 212
193 212
195 212
196 212
197 212
198 212
199 212
183 213
184 213
185 213
186 213
187 213
188 213
189 213
192 213
193 213
194 213
195 213
197 213
198 213
199 213
200 213
181 214
183 214
187 214
188 214
189 214
190 214
191 214
192 214
194 214
196 214
197 214
198 214
199 214
181 215
185 215
186 215
187 215
189 215
190 215
191 215
193 215
194 215
195 215
196 215
197 215
198 215
199 215
200 215
181 216
182 216
183 216
184 216
185 216
187 216
188 216
191 216
192 216
193 216
195 216
196 216
197 216
198 216
199 216
200 216
181 217
182 217
183 217
184 217
185 217
188 217
191 217
193 217
194 217
195 217
196 217
197 217
198 217
199 217
200 217
181 218
182 218
183 218
184 218
186 218
187 218
188 218
190 218
191 218
195 218
196 218
197 218
200 218
181 219
183 219
185 219
187 219
188 219
189 219
190 219
191 219
193 219
194 219
195 219
196 219
197 219
198 219
199 219
181 220
184 220
185 220
186 220
187 220
188 220
190 220
191 220
192 220
194 220
195 220
198 220
199 220
202 221
203 221
204 221
206 221
207 221
209 221
211 221
212 221
213 221
214 221
215 221
216 221
217 221
218 221
219 221
201 222
202 222
203 222
206 222
207 222
208 222
210 222
211 222
212 222
213 222
214 222
215 222
216 222
217 222
220 222
201 223
202 223
203 223
204 223
205 223
206 223
209 223
210 223
213 223
215 223
216 223
218 223
219 223
201 224
202 224
203 224
204 224
206 224
207 224
210 224
211 224
212 224
215 224
216 224
217 224
219 224
220 224
201 225
202 225
203 225
204 225
205 225
206 225
208 225
210 225
211 225
213 225
214 225
216 225
219 225
220 225
201 226
202 226
203 226
204 226
205 226
206 226
208 226
210 226
213 226
214 226
215 226
216 226
217 226
218 226
219 226
220 226
202 227
205 227
207 227
208 227
209 227
210 227
211 227
213 227
214 227
215 227
216 227
217 227
219 227
220 227
201 228
202 228
203 228
204 228
205 228
206 228
207 228
208 228
209 228
210 228
211 228
212 228
215 228
217 228
218 228
219 228
202 229
203 229
205 229
206 229
207 229
208 229
209 229
210 229
211 229
212 229
213 229
215 229
216 229
217 229
220 229
201 230
202 230
204 230
205 230
206 230
208 230
209 230
210 230
213 230
215 230
217 230
218 230
219 230
220 230
201 231
202 231
203 231
205 231
206 231
207 231
208 231
209 231
211 231
212 231
213 231
214 231
215 231
216 231
218 231
220 231
201 232
202 232
203 232
205 232
206 232
207 232
208 232
209 232
210 232
211 232
213 232
214 232
215 232
218 232
220 232
202 233
203 233
204 233
206 233
208 233
209 233
210 233
211 233
212 233
213 233
214 233
215 233
216 233
217 233
218 233
219 233
220 233
201 234
203 234
204 234
205 234
207 234
208 234
209 234
210 234
211 234
212 234
213 234
214 234
215 234
216 234
217 234
218 234
201 235
202 235
206 235
207 235
208 235
209 235
210 235
211 235
212 235
213 235
214 235
215 235
217 235
218 235
219 235
202 236
203 236
204 236
205 236
206 236
207 236
208 236
210 236
211 236
212 236
214 236
216 236
217 236
218 236
219 236
201 237
204 237
205 237
206 237
208 237
209 237
210 237
211 237
212 237
214 237
216 237
217 237
218 237
219 237
220 237
202 238
203 238
204 238
205 238
207 238
208 238
210 238
211 238
212 238
213 238
214 238
215 238
217 238
219 238
220 238
201 239
204 239
205 239
206 239
208 239
209 239
210 239
211 239
212 239
213 239
214 239
216 239
217 239
220 239
202 240
203 240
204 240
205 240
207 240
208 240
210 240
211 240
213 240
215 240
216 240
217 240
218 240
219 240
220 240
223 241
225 241
226 241
227 241
229 241
230 241
231 241
232 241
233 241
234 241
235 241
236 241
237 241
238 241
240 241
222 242
223 242
224 242
225 242
227 242
228 242
229 242
230 242
231 242
233 242
234 242
235 242
236 242
237 242
238 242
239 242
221 243
222 243
223 243
225 243
228 243
229 243
230 243
231 243
232 243
233 243
234 243
237 243
238 243
239 243
221 244
222 244
224 244
226 244
227 244
228 244
230 244
233 244
235 244
238 244
221 245
222 245
223 245
225 245
226 245
227 245
228 245
230 245
231 245
233 245
235 245
237 245
238 245
239 245
240 245
221 246
223 246
224 246
226 246
227 246
228 246
229 246
230 246
231 246
232 246
233 246
234 246
235 246
236 246
237 246
238 246
239 246
240 246
223 247
226 247
227 247
230 247
232 247
233 247
234 247
235 247
236 247
237 247
238 247
239 247
240 247
221 248
222 248
223 248
225 248
226 248
227 248
230 248
231 248
232 248
233 248
235 248
236 248
237 248
238 248
240 248
221 249
222 249
223 249
224 249
225 249
226 249
227 249
229 249
230 249
231 249
232 249
234 249
237 249
238 249
222 250
223 250
224 250
225 250
227 250
229 250
230 250
231 250
233 250
234 250
235 250
236 250
237 250
238 250
239 250
240 250
221 251
222 251
223 251
224 251
226 251
228 251
231 251
232 251
233 251
235 251
236 251
237 251
239 251
240 251
221 252
222 252
223 252
224 252
225 252
226 252
227 252
228 252
229 252
230 252
231 252
232 252
233 252
234 252
235 252
236 252
237 252
238 252
239 252
222 253
224 253
225 253
228 253
230 253
231 253
232 253
233 253
234 253
236 253
237 253
238 253
239 253
240 253
221 254
222 254
223 254
224 254
226 254
228 254
229 254
230 254
232 254
233 254
234 254
235 254
236 254
237 254
239 254
240 254
221 255
222 255
223 255
224 255
225 255
228 255
229 255
230 255
231 255
232 255
233 255
235 255
236 255
237 255
238 255
239 255
240 255
221 256
222 256
223 256
224 256
227 256
229 256
230 256
231 256
232 256
233 256
234 256
235 256
236 256
237 256
238 256
239 256
240 256
221 257
222 257
223 257
225 257
226 257
227 257
228 257
229 257
231 257
232 257
233 257
234 257
238 257
239 257
240 257
221 258
222 258
224 258
225 258
227 258
229 258
230 258
231 258
232 258
233 258
234 258
235 258
236 258
238 258
239 258
240 258
223 259
224 259
225 259
226 259
229 259
230 259
231 259
232 259
233 259
234 259
235 259
236 259
237 259
240 259
221 260
222 260
223 260
224 260
226 260
228 260
229 260
230 260
231 260
232 260
233 260
236 260
237 260
238 260
239 260
240 260
242 261
243 261
244 261
246 261
247 261
249 261
250 261
252 261
253 261
254 261
255 261
256 261
258 261
259 261
242 262
243 262
244 262
245 262
246 262
247 262
249 262
250 262
251 262
252 262
253 262
254 262
255 262
256 262
258 262
259 262
260 262
241 263
242 263
245 263
249 263
251 263
252 263
253 263
254 263
255 263
256 263
257 263
258 263
260 263
243 264
244 264
245 264
246 264
247 264
248 264
250 264
251 264
252 264
253 264
255 264
256 264
257 264
258 264
259 264
260 264
241 265
242 265
244 265
245 265
246 265
248 265
249 265
250 265
251 265
252 265
254 265
255 265
257 265
259 265
260 265
241 266
243 266
245 266
246 266
248 266
249 266
252 266
253 266
254 266
255 266
256 266
258 266
259 266
260 266
243 267
244 267
245 267
246 267
247 267
248 267
249 267
250 267
251 267
252 267
253 267
254 267
255 267
256 267
257 267
259 267
260 267
243 268
244 268
245 268
247 268
249 268
250 268
251 268
252 268
253 268
254 268
255 268
256 268
257 268
258 268
259 268
241 269
243 269
246 269
248 269
251 269
253 269
255 269
256 269
257 269
258 269
259 269
242 270
244 270
245 270
248 270
250 270
251 270
252 270
253 270
254 270
255 270
257 270
260 270
241 271
242 271
243 271
244 271
245 271
246 271
247 271
248 271
249 271
250 271
251 271
252 271
254 271
255 271
256 271
257 271
258 271
259 271
241 272
242 272
243 272
245 272
246 272
247 272
248 272
249 272
250 272
251 272
252 272
253 272
255 272
257 272
259 272
260 272
241 273
242 273
243 273
244 273
245 273
246 273
247 273
248 273
249 273
250 273
253 273
254 273
258 273
259 273
260 273
241 274
242 274
243 274
244 274
245 274
246 274
247 274
249 274
250 274
252 274
253 274
254 274
256 274
257 274
258 274
259 274
260 274
241 275
243 275
244 275
245 275
247 275
248 275
249 275
250 275
253 275
254 275
255 275
256 275
257 275
258 275
259 275
260 275
241 276
242 276
243 276
244 276
246 276
247 276
248 276
249 276
250 276
251 276
252 276
253 276
254 276
255 276
256 276
257 276
258 276
260 276
241 277
242 277
243 277
244 277
246 277
247 277
248 277
249 277
250 277
251 277
254 277
255 277
257 277
259 277
260 277
241 278
243 278
244 278
246 278
247 278
248 278
249 278
251 278
252 278
253 278
255 278
256 278
258 278
259 278
260 278
241 279
242 279
243 279
244 279
245 279
246 279
247 279
248 279
249 279
250 279
251 279
252 279
253 279
254 279
255 279
256 279
258 279
259 279
241 280
243 280
244 280
245 280
246 280
248 280
249 280
250 280
251 280
253 280
255 280
256 280
257 280
258 280
259 280
260 280
261 281
262 281
263 281
267 281
268 281
269 281
270 281
271 281
275 281
276 281
277 281
279 281
280 281
261 282
262 282
264 282
265 282
266 282
267 282
268 282
269 282
270 282
271 282
272 282
273 282
275 282
276 282
279 282
280 282
262 283
263 283
265 283
267 283
269 283
270 283
272 283
273 283
274 283
275 283
276 283
277 283
278 283
261 284
263 284
264 284
265 284
266 284
267 284
268 284
270 284
271 284
273 284
275 284
276 284
277 284
278 284
279 284
280 284
261 285
262 285
263 285
264 285
265 285
266 285
267 285
268 285
269 285
270 285
272 285
273 285
275 285
276 285
277 285
279 285
280 285
261 286
262 286
263 286
264 286
265 286
266 286
267 286
268 286
269 286
270 286
273 286
275 286
276 286
278 286
279 286
280 286
262 287
263 287
264 287
265 287
266 287
267 287
268 287
270 287
271 287
272 287
274 287
275 287
278 287
279 287
280 287
261 288
262 288
265 288
266 288
267 288
269 288
273 288
275 288
277 288
278 288
279 288
261 289
263 289
264 289
267 289
269 289
271 289
273 289
274 289
276 289
277 289
278 289
280 289
261 290
262 290
264 290
265 290
267 290
268 290
269 290
270 290
271 290
273 290
275 290
276 290
277 290
278 290
279 290
263 291
264 291
266 291
267 291
268 291
269 291
270 291
272 291
273 291
274 291
275 291
276 291
278 291
280 291
262 292
263 292
265 292
266 292
267 292
268 292
269 292
270 292
271 292
272 292
274 292
275 292
276 292
277 292
278 292
279 292
280 292
261 293
262 293
263 293
264 293
265 293
266 293
267 293
268 293
269 293
271 293
273 293
274 293
276 293
278 293
279 293
280 293
261 294
263 294
264 294
265 294
266 294
267 294
269 294
271 294
272 294
273 294
274 294
275 294
276 294
277 294
278 294
279 294
262 295
263 295
264 295
265 295
266 295
268 295
271 295
272 295
273 295
274 295
275 295
276 295
277 295
278 295
279 295
280 295
262 296
263 296
265 296
266 296
267 296
269 296
270 296
272 296
273 296
274 296
275 296
276 296
277 296
278 296
279 296
280 296
261 297
262 297
263 297
265 297
266 297
268 297
269 297
270 297
272 297
274 297
275 297
276 297
277 297
278 297
279 297
280 297
261 298
263 298
265 298
266 298
268 298
269 298
270 298
273 298
275 298
276 298
277 298
278 298
279 298
261 299
262 299
263 299
264 299
265 299
266 299
267 299
268 299
271 299
272 299
273 299
274 299
275 299
276 299
277 299
279 299
261 300
262 300
263 300
264 300
265 300
266 300
267 300
268 300
269 300
270 300
271 300
274 300
275 300
276 300
277 300
278 300
279 300
