500 7216 25
20 20 20 20 20 20 20 20 20 20 20 20 20 20 20 20 20 20 20 20 20 20 20 20 20 
1 21
2 21
3 21
4 21
5 21
6 21
7 21
8 21
9 21
11 21
12 21
14 21
15 21
16 21
17 21
1 22
2 22
3 22
4 22
5 22
6 22
7 22
8 22
11 22
13 22
15 22
16 22
17 22
18 22
20 22
1 23
2 23
4 23
5 23
6 23
7 23
8 23
10 23
11 23
12 23
13 23
14 23
15 23
16 23
17 23
19 23
20 23
2 24
3 24
4 24
5 24
6 24
7 24
8 24
9 24
10 24
13 24
14 24
15 24
16 24
18 24
20 24
1 25
3 25
4 25
7 25
9 25
10 25
11 25
12 25
13 25
14 25
15 25
16 25
18 25
19 25
20 25
1 26
2 26
3 26
5 26
6 26
8 26
9 26
10 26
11 26
12 26
14 26
16 26
17 26
18 26
19 26
20 26
1 27
2 27
3 27
4 27
5 27
6 27
7 27
8 27
9 27
10 27
11 27
12 27
15 27
16 27
17 27
18 27
19 27
20 27
1 28
2 28
3 28
4 28
5 28
6 28
7 28
8 28
10 28
12 28
13 28
14 28
16 28
17 28
18 28
20 28
1 29
2 29
3 29
4 29
5 29
6 29
7 29
8 29
9 29
10 29
11 29
12 29
13 29
14 29
16 29
17 29
18 29
2 30
3 30
4 30
5 30
6 30
8 30
9 30
12 30
13 30
14 30
15 30
16 30
17 30
18 30
19 30
20 30
1 31
2 31
3 31
4 31
5 31
6 31
7 31
9 31
12 31
13 31
14 31
16 31
17 31
18 31
19 31
20 31
2 32
3 32
4 32
6 32
8 32
9 32
10 32
11 32
12 32
14 32
15 32
16 32
17 32
19 32
20 32
1 33
2 33
5 33
9 33
10 33
11 33
12 33
13 33
14 33
18 33
19 33
20 33
1 34
2 34
3 34
4 34
6 34
7 34
8 34
9 34
10 34
11 34
12 34
13 34
14 34
15 34
16 34
17 34
18 34
19 34
20 34
1 35
3 35
5 35
7 35
8 35
9 35
10 35
12 35
13 35
14 35
16 35
17 35
18 35
19 35
20 35
2 36
3 36
4 36
5 36
7 36
9 36
10 36
12 36
13 36
15 36
16 36
17 36
18 36
19 36
20 36
1 37
2 37
3 37
4 37
5 37
6 37
7 37
8 37
9 37
11 37
12 37
13 37
14 37
15 37
17 37
18 37
19 37
20 37
1 38
2 38
3 38
4 38
6 38
7 38
8 38
9 38
10 38
11 38
13 38
14 38
15 38
16 38
17 38
20 38
2 39
3 39
4 39
5 39
6 39
7 39
8 39
9 39
10 39
12 39
13 39
14 39
15 39
16 39
18 39
20 39
1 40
5 40
6 40
7 40
8 40
9 40
10 40
11 40
13 40
14 40
15 40
17 40
18 40
19 40
21 41
22 41
23 41
24 41
26 41
27 41
28 41
29 41
30 41
32 41
33 41
34 41
35 41
36 41
37 41
38 41
21 42
22 42
23 42
24 42
25 42
26 42
27 42
28 42
32 42
33 42
35 42
37 42
38 42
21 43
22 43
23 43
24 43
26 43
27 43
28 43
29 43
30 43
31 43
32 43
33 43
34 43
36 43
38 43
39 43
40 43
21 44
23 44
24 44
26 44
28 44
30 44
31 44
32 44
33 44
34 44
35 44
36 44
37 44
38 44
39 44
40 44
21 45
22 45
23 45
24 45
26 45
27 45
28 45
30 45
31 45
32 45
34 45
35 45
36 45
37 45
38 45
39 45
40 45
21 46
23 46
24 46
25 46
26 46
27 46
28 46
29 46
30 46
31 46
32 46
33 46
34 46
35 46
37 46
38 46
39 46
40 46
21 47
22 47
23 47
24 47
25 47
26 47
28 47
29 47
30 47
32 47
33 47
35 47
36 47
37 47
38 47
39 47
40 47
23 48
24 48
25 48
26 48
28 48
29 48
30 48
32 48
33 48
34 48
35 48
39 48
40 48
21 49
23 49
25 49
26 49
27 49
28 49
29 49
31 49
32 49
34 49
35 49
36 49
37 49
38 49
39 49
40 49
22 50
23 50
25 50
26 50
29 50
30 50
32 50
33 50
34 50
35 50
36 50
38 50
39 50
40 50
21 51
22 51
23 51
24 51
25 51
27 51
28 51
29 51
31 51
32 51
34 51
35 51
36 51
37 51
40 51
21 52
22 52
27 52
30 52
31 52
32 52
33 52
34 52
35 52
36 52
37 52
39 52
21 53
22 53
23 53
24 53
25 53
27 53
28 53
32 53
33 53
34 53
35 53
36 53
37 53
38 53
40 53
21 54
22 54
24 54
26 54
27 54
29 54
30 54
31 54
32 54
33 54
34 54
35 54
36 54
37 54
38 54
39 54
40 54
23 55
25 55
26 55
27 55
28 55
29 55
31 55
32 55
33 55
34 55
35 55
37 55
38 55
39 55
21 56
22 56
23 56
24 56
25 56
26 56
27 56
28 56
32 56
35 56
37 56
38 56
40 56
21 57
22 57
23 57
24 57
25 57
26 57
28 57
29 57
30 57
32 57
34 57
35 57
36 57
37 57
38 57
39 57
40 57
21 58
24 58
25 58
26 58
27 58
28 58
29 58
30 58
31 58
32 58
35 58
37 58
38 58
39 58
21 59
22 59
23 59
24 59
25 59
27 59
28 59
30 59
31 59
32 59
33 59
34 59
35 59
36 59
37 59
40 59
21 60
22 60
23 60
24 60
25 60
26 60
27 60
28 60
29 60
30 60
31 60
32 60
33 60
34 60
35 60
37 60
38 60
42 61
44 61
45 61
46 61
47 61
49 61
51 61
52 61
53 61
54 61
56 61
58 61
59 61
60 61
41 62
42 62
43 62
44 62
46 62
47 62
48 62
49 62
50 62
52 62
53 62
54 62
55 62
56 62
57 62
59 62
41 63
42 63
43 63
44 63
45 63
46 63
47 63
51 63
53 63
54 63
55 63
56 63
57 63
58 63
59 63
60 63
41 64
42 64
43 64
44 64
45 64
46 64
47 64
48 64
50 64
51 64
52 64
53 64
54 64
56 64
57 64
58 64
41 65
42 65
43 65
44 65
45 65
48 65
49 65
50 65
51 65
52 65
53 65
54 65
57 65
58 65
59 65
60 65
41 66
42 66
43 66
44 66
45 66
46 66
48 66
49 66
50 66
51 66
53 66
54 66
55 66
56 66
57 66
58 66
59 66
41 67
42 67
44 67
46 67
47 67
49 67
50 67
51 67
52 67
55 67
56 67
57 67
59 67
60 67
41 68
42 68
43 68
45 68
46 68
47 68
48 68
49 68
50 68
51 68
54 68
56 68
58 68
59 68
60 68
43 69
44 69
45 69
47 69
48 69
49 69
50 69
53 69
54 69
55 69
56 69
57 69
58 69
59 69
41 70
43 70
44 70
45 70
46 70
48 70
49 70
50 70
51 70
55 70
56 70
57 70
60 70
41 71
42 71
43 71
44 71
45 71
46 71
47 71
48 71
49 71
51 71
52 71
53 71
54 71
55 71
56 71
57 71
60 71
42 72
43 72
44 72
45 72
47 72
48 72
50 72
51 72
52 72
53 72
54 72
57 72
59 72
60 72
42 73
43 73
44 73
45 73
48 73
49 73
50 73
53 73
54 73
55 73
57 73
58 73
59 73
41 74
42 74
43 74
44 74
46 74
47 74
48 74
49 74
51 74
52 74
53 74
55 74
56 74
58 74
59 74
60 74
41 75
42 75
43 75
44 75
47 75
48 75
50 75
51 75
53 75
54 75
55 75
56 75
57 75
60 75
41 76
42 76
43 76
44 76
45 76
46 76
47 76
51 76
52 76
53 76
54 76
55 76
58 76
59 76
60 76
41 77
42 77
43 77
44 77
45 77
48 77
49 77
51 77
52 77
53 77
54 77
55 77
57 77
58 77
59 77
60 77
41 78
42 78
44 78
46 78
47 78
49 78
50 78
51 78
52 78
53 78
54 78
55 78
56 78
57 78
58 78
59 78
60 78
41 79
42 79
43 79
44 79
46 79
48 79
49 79
50 79
51 79
53 79
54 79
56 79
58 79
59 79
60 79
41 80
43 80
44 80
46 80
47 80
49 80
50 80
52 80
53 80
54 80
56 80
58 80
59 80
60 80
61 81
62 81
65 81
66 81
67 81
68 81
69 81
70 81
72 81
73 81
74 81
75 81
76 81
77 81
79 81
80 81
62 82
63 82
64 82
65 82
66 82
67 82
68 82
70 82
71 82
73 82
74 82
75 82
77 82
78 82
80 82
62 83
64 83
66 83
68 83
69 83
70 83
71 83
72 83
73 83
75 83
76 83
77 83
78 83
79 83
61 84
62 84
63 84
64 84
65 84
66 84
68 84
69 84
70 84
71 84
73 84
74 84
76 84
77 84
79 84
80 84
62 85
64 85
65 85
67 85
68 85
69 85
71 85
72 85
73 85
75 85
77 85
78 85
79 85
63 86
64 86
65 86
66 86
67 86
68 86
72 86
74 86
75 86
76 86
78 86
79 86
61 87
62 87
63 87
64 87
65 87
66 87
67 87
68 87
70 87
71 87
72 87
73 87
75 87
78 87
79 87
80 87
62 88
63 88
64 88
65 88
66 88
68 88
69 88
70 88
71 88
72 88
75 88
76 88
77 88
78 88
80 88
62 89
64 89
65 89
66 89
67 89
68 89
69 89
70 89
71 89
72 89
73 89
74 89
75 89
77 89
78 89
79 89
80 89
61 90
62 90
65 90
66 90
67 90
70 90
71 90
72 90
73 90
75 90
76 90
77 90
78 90
79 90
61 91
62 91
63 91
64 91
65 91
66 91
67 91
69 91
70 91
71 91
72 91
75 91
76 91
77 91
78 91
79 91
80 91
61 92
62 92
63 92
64 92
65 92
66 92
67 92
68 92
69 92
70 92
71 92
72 92
73 92
74 92
75 92
76 92
77 92
78 92
80 92
61 93
62 93
66 93
67 93
68 93
69 93
70 93
71 93
74 93
75 93
76 93
77 93
62 94
63 94
64 94
65 94
66 94
67 94
70 94
71 94
74 94
75 94
76 94
79 94
80 94
61 95
62 95
63 95
64 95
65 95
66 95
68 95
70 95
72 95
73 95
75 95
77 95
78 95
79 95
61 96
62 96
63 96
64 96
65 96
66 96
67 96
68 96
69 96
70 96
71 96
72 96
74 96
75 96
76 96
77 96
78 96
79 96
80 96
61 97
62 97
63 97
65 97
66 97
67 97
68 97
71 97
73 97
76 97
77 97
78 97
79 97
80 97
62 98
63 98
64 98
65 98
66 98
69 98
70 98
71 98
72 98
73 98
74 98
75 98
76 98
78 98
79 98
80 98
61 99
62 99
63 99
65 99
66 99
67 99
68 99
70 99
71 99
72 99
74 99
75 99
76 99
77 99
78 99
79 99
80 99
61 100
63 100
65 100
67 100
68 100
69 100
70 100
71 100
72 100
73 100
75 100
78 100
79 100
80 100
82 101
84 101
85 101
87 101
88 101
91 101
92 101
93 101
96 101
97 101
98 101
99 101
100 101
82 102
83 102
84 102
85 102
87 102
89 102
90 102
91 102
92 102
94 102
95 102
96 102
97 102
98 102
99 102
100 102
81 103
82 103
83 103
84 103
85 103
86 103
87 103
88 103
89 103
90 103
91 103
92 103
94 103
95 103
96 103
98 103
100 103
81 104
82 104
83 104
84 104
85 104
86 104
87 104
88 104
89 104
90 104
91 104
92 104
94 104
96 104
97 104
99 104
100 104
81 105
82 105
83 105
85 105
86 105
89 105
90 105
92 105
94 105
95 105
97 105
98 105
99 105
100 105
83 106
84 106
85 106
89 106
91 106
92 106
93 106
95 106
96 106
97 106
99 106
100 106
81 107
82 107
83 107
86 107
88 107
89 107
90 107
91 107
93 107
96 107
97 107
98 107
99 107
100 107
81 108
82 108
84 108
85 108
86 108
89 108
90 108
91 108
92 108
93 108
94 108
95 108
97 108
98 108
99 108
100 108
81 109
82 109
83 109
85 109
86 109
87 109
88 109
90 109
91 109
95 109
96 109
98 109
99 109
100 109
81 110
82 110
84 110
85 110
86 110
87 110
89 110
90 110
91 110
92 110
93 110
94 110
95 110
96 110
97 110
100 110
81 111
83 111
85 111
86 111
87 111
88 111
89 111
93 111
95 111
98 111
99 111
82 112
83 112
84 112
85 112
86 112
87 112
89 112
92 112
95 112
97 112
98 112
99 112
100 112
81 113
84 113
85 113
86 113
88 113
90 113
92 113
93 113
94 113
95 113
96 113
97 113
98 113
99 113
100 113
81 114
83 114
84 114
88 114
89 114
90 114
91 114
92 114
93 114
94 114
96 114
97 114
98 114
100 114
81 115
82 115
83 115
85 115
86 115
87 115
88 115
89 115
90 115
91 115
92 115
93 115
94 115
95 115
96 115
99 115
100 115
81 116
82 116
83 116
84 116
85 116
86 116
89 116
91 116
92 116
93 116
94 116
96 116
97 116
99 116
100 116
81 117
83 117
84 117
85 117
86 117
87 117
89 117
90 117
92 117
94 117
97 117
98 117
99 117
81 118
82 118
84 118
87 118
89 118
92 118
93 118
94 118
95 118
96 118
97 118
98 118
99 118
100 118
81 119
82 119
83 119
84 119
85 119
86 119
89 119
90 119
91 119
92 119
95 119
96 119
97 119
98 119
99 119
100 119
81 120
82 120
83 120
84 120
85 120
87 120
88 120
89 120
90 120
91 120
92 120
95 120
96 120
97 120
100 120
101 121
102 121
104 121
105 121
106 121
107 121
108 121
112 121
113 121
114 121
115 121
116 121
117 121
119 121
120 121
101 122
102 122
104 122
105 122
106 122
108 122
109 122
110 122
111 122
112 122
113 122
114 122
115 122
116 122
117 122
119 122
120 122
103 123
105 123
106 123
107 123
108 123
110 123
112 123
114 123
115 123
116 123
118 123
119 123
120 123
101 124
102 124
103 124
105 124
106 124
108 124
109 124
110 124
112 124
113 124
114 124
115 124
116 124
118 124
120 124
101 125
102 125
103 125
104 125
105 125
106 125
107 125
111 125
113 125
114 125
116 125
118 125
119 125
120 125
101 126
102 126
103 126
104 126
105 126
106 126
107 126
108 126
109 126
110 126
112 126
114 126
116 126
118 126
119 126
120 126
101 127
103 127
104 127
105 127
106 127
107 127
108 127
110 127
111 127
112 127
115 127
116 127
117 127
119 127
120 127
101 128
103 128
104 128
106 128
107 128
108 128
109 128
110 128
111 128
112 128
113 128
116 128
118 128
119 128
101 129
104 129
105 129
107 129
108 129
109 129
110 129
111 129
112 129
113 129
114 129
115 129
118 129
119 129
120 129
101 130
102 130
104 130
105 130
106 130
108 130
110 130
111 130
113 130
114 130
115 130
116 130
117 130
118 130
119 130
120 130
101 131
102 131
103 131
104 131
105 131
106 131
110 131
111 131
112 131
115 131
116 131
118 131
101 132
102 132
103 132
104 132
105 132
106 132
109 132
111 132
112 132
113 132
114 132
115 132
116 132
118 132
119 132
120 132
101 133
102 133
103 133
105 133
106 133
107 133
108 133
109 133
110 133
111 133
112 133
114 133
116 133
118 133
119 133
102 134
104 134
106 134
107 134
108 134
109 134
110 134
111 134
112 134
114 134
115 134
116 134
119 134
101 135
102 135
103 135
104 135
106 135
107 135
109 135
110 135
112 135
113 135
114 135
116 135
117 135
118 135
119 135
101 136
103 136
104 136
106 136
107 136
108 136
111 136
112 136
113 136
114 136
117 136
118 136
120 136
101 137
102 137
103 137
104 137
105 137
106 137
107 137
109 137
110 137
111 137
112 137
113 137
114 137
115 137
116 137
117 137
118 137
119 137
101 138
102 138
103 138
104 138
105 138
106 138
108 138
109 138
110 138
111 138
112 138
113 138
114 138
116 138
117 138
118 138
119 138
120 138
101 139
103 139
104 139
105 139
106 139
108 139
109 139
110 139
111 139
113 139
114 139
115 139
116 139
117 139
118 139
120 139
101 140
102 140
103 140
105 140
107 140
109 140
110 140
112 140
113 140
114 140
116 140
117 140
118 140
119 140
121 141
124 141
125 141
126 141
127 141
128 141
131 141
132 141
135 141
136 141
137 141
138 141
139 141
122 142
123 142
124 142
127 142
128 142
130 142
131 142
132 142
133 142
134 142
135 142
136 142
138 142
139 142
140 142
121 143
123 143
124 143
125 143
127 143
128 143
129 143
130 143
131 143
132 143
134 143
135 143
136 143
137 143
138 143
139 143
140 143
121 144
123 144
124 144
125 144
126 144
127 144
128 144
129 144
130 144
131 144
132 144
133 144
135 144
136 144
137 144
138 144
139 144
123 145
124 145
125 145
126 145
127 145
130 145
131 145
132 145
133 145
134 145
136 145
138 145
139 145
140 145
121 146
122 146
123 146
125 146
126 146
127 146
129 146
130 146
132 146
133 146
135 146
136 146
139 146
140 146
121 147
122 147
123 147
125 147
127 147
129 147
131 147
132 147
133 147
134 147
135 147
137 147
138 147
139 147
122 148
123 148
124 148
125 148
126 148
127 148
128 148
129 148
130 148
132 148
133 148
135 148
136 148
137 148
138 148
139 148
121 149
122 149
123 149
124 149
126 149
127 149
128 149
129 149
130 149
131 149
132 149
133 149
135 149
136 149
137 149
139 149
121 150
122 150
123 150
124 150
125 150
126 150
127 150
128 150
129 150
131 150
132 150
133 150
134 150
135 150
136 150
137 150
138 150
139 150
140 150
121 151
122 151
123 151
124 151
125 151
126 151
127 151
128 151
129 151
131 151
132 151
134 151
135 151
137 151
138 151
139 151
121 152
122 152
123 152
124 152
126 152
132 152
133 152
135 152
136 152
138 152
139 152
140 152
121 153
122 153
123 153
124 153
125 153
126 153
127 153
128 153
129 153
130 153
131 153
134 153
137 153
138 153
140 153
123 154
124 154
126 154
127 154
129 154
130 154
131 154
132 154
133 154
134 154
135 154
136 154
137 154
139 154
140 154
121 155
122 155
123 155
125 155
126 155
127 155
128 155
129 155
130 155
132 155
134 155
135 155
136 155
137 155
138 155
139 155
140 155
121 156
122 156
123 156
124 156
125 156
126 156
128 156
129 156
130 156
132 156
133 156
136 156
137 156
138 156
140 156
121 157
124 157
127 157
131 157
132 157
133 157
134 157
135 157
136 157
137 157
138 157
139 157
121 158
124 158
125 158
128 158
129 158
130 158
131 158
132 158
135 158
137 158
138 158
139 158
140 158
122 159
124 159
125 159
126 159
128 159
132 159
133 159
134 159
135 159
137 159
138 159
139 159
140 159
121 160
122 160
123 160
125 160
126 160
127 160
128 160
132 160
133 160
134 160
136 160
137 160
140 160
141 161
142 161
143 161
144 161
146 161
150 161
151 161
152 161
153 161
154 161
155 161
157 161
158 161
159 161
141 162
144 162
145 162
146 162
147 162
148 162
149 162
151 162
152 162
154 162
155 162
156 162
158 162
159 162
160 162
141 163
143 163
145 163
146 163
147 163
148 163
149 163
152 163
153 163
155 163
157 163
158 163
159 163
160 163
141 164
142 164
144 164
145 164
146 164
147 164
148 164
149 164
150 164
152 164
153 164
155 164
156 164
157 164
158 164
159 164
160 164
141 165
142 165
143 165
144 165
145 165
146 165
147 165
149 165
151 165
153 165
154 165
155 165
156 165
157 165
159 165
160 165
141 166
142 166
143 166
144 166
146 166
147 166
149 166
152 166
153 166
155 166
156 166
157 166
158 166
159 166
160 166
141 167
142 167
143 167
145 167
146 167
147 167
148 167
149 167
150 167
151 167
152 167
153 167
154 167
156 167
157 167
158 167
159 167
160 167
141 168
142 168
143 168
144 168
145 168
146 168
147 168
148 168
149 168
152 168
153 168
154 168
155 168
156 168
157 168
158 168
159 168
160 168
141 169
142 169
143 169
144 169
146 169
148 169
149 169
150 169
151 169
152 169
153 169
154 169
156 169
158 169
159 169
160 169
141 170
142 170
144 170
145 170
146 170
148 170
149 170
150 170
151 170
152 170
154 170
155 170
156 170
158 170
159 170
160 170
141 171
143 171
144 171
145 171
147 171
148 171
149 171
152 171
154 171
155 171
156 171
158 171
159 171
141 172
142 172
143 172
144 172
145 172
147 172
148 172
150 172
151 172
152 172
153 172
154 172
155 172
156 172
157 172
158 172
141 173
143 173
144 173
145 173
147 173
148 173
149 173
150 173
151 173
152 173
153 173
154 173
155 173
156 173
157 173
159 173
160 173
142 174
143 174
144 174
145 174
146 174
149 174
150 174
151 174
152 174
153 174
155 174
156 174
157 174
158 174
160 174
141 175
142 175
143 175
144 175
145 175
146 175
147 175
148 175
150 175
151 175
152 175
153 175
157 175
159 175
141 176
144 176
145 176
146 176
147 176
149 176
150 176
151 176
152 176
154 176
155 176
156 176
157 176
159 176
160 176
142 177
143 177
144 177
145 177
146 177
147 177
150 177
151 177
152 177
154 177
155 177
157 177
160 177
141 178
142 178
145 178
146 178
147 178
149 178
150 178
151 178
152 178
153 178
154 178
156 178
157 178
158 178
159 178
141 179
142 179
144 179
145 179
146 179
148 179
149 179
150 179
151 179
153 179
154 179
156 179
157 179
160 179
142 180
143 180
144 180
145 180
146 180
147 180
149 180
151 180
152 180
153 180
154 180
155 180
156 180
157 180
158 180
159 180
160 180
161 181
162 181
163 181
164 181
165 181
166 181
169 181
170 181
171 181
173 181
174 181
176 181
178 181
179 181
180 181
161 182
163 182
164 182
165 182
166 182
167 182
168 182
169 182
170 182
171 182
172 182
173 182
175 182
176 182
178 182
179 182
180 182
161 183
164 183
165 183
166 183
167 183
168 183
169 183
171 183
172 183
175 183
176 183
178 183
179 183
180 183
161 184
162 184
163 184
164 184
165 184
166 184
167 184
168 184
169 184
170 184
171 184
172 184
173 184
174 184
175 184
176 184
177 184
179 184
180 184
161 185
162 185
163 185
164 185
165 185
166 185
167 185
168 185
170 185
172 185
173 185
175 185
176 185
177 185
178 185
179 185
180 185
161 186
162 186
163 186
165 186
166 186
167 186
169 186
171 186
172 186
173 186
175 186
176 186
177 186
178 186
179 186
161 187
163 187
164 187
165 187
166 187
167 187
168 187
169 187
170 187
171 187
172 187
173 187
174 187
175 187
176 187
177 187
180 187
162 188
163 188
165 188
167 188
168 188
169 188
170 188
171 188
172 188
173 188
175 188
176 188
177 188
178 188
179 188
161 189
162 189
163 189
164 189
165 189
166 189
167 189
168 189
169 189
171 189
172 189
173 189
174 189
175 189
179 189
180 189
162 190
165 190
167 190
169 190
170 190
171 190
172 190
173 190
174 190
175 190
176 190
177 190
178 190
161 191
162 191
163 191
164 191
165 191
166 191
167 191
168 191
169 191
171 191
172 191
175 191
178 191
179 191
180 191
161 192
163 192
164 192
167 192
168 192
169 192
174 192
175 192
176 192
177 192
178 192
179 192
180 192
162 193
164 193
165 193
166 193
167 193
169 193
170 193
171 193
172 193
173 193
174 193
175 193
176 193
177 193
178 193
179 193
180 193
161 194
162 194
163 194
164 194
165 194
166 194
168 194
171 194
172 194
173 194
174 194
176 194
177 194
178 194
179 194
161 195
162 195
163 195
166 195
167 195
168 195
171 195
173 195
174 195
175 195
176 195
177 195
178 195
179 195
180 195
161 196
162 196
164 196
166 196
167 196
168 196
169 196
170 196
173 196
174 196
175 196
176 196
177 196
178 196
179 196
180 196
161 197
162 197
163 197
165 197
166 197
167 197
168 197
169 197
170 197
171 197
172 197
174 197
175 197
176 197
177 197
178 197
179 197
180 197
161 198
162 198
163 198
164 198
165 198
166 198
167 198
169 198
171 198
172 198
173 198
174 198
175 198
178 198
179 198
180 198
161 199
162 199
163 199
164 199
165 199
166 199
168 199
169 199
170 199
172 199
173 199
175 199
177 199
178 199
179 199
180 199
161 200
162 200
163 200
165 200
166 200
168 200
169 200
170 200
171 200
173 200
174 200
177 200
178 200
179 200
181 201
184 201
185 201
186 201
187 201
188 201
190 201
191 201
192 201
193 201
195 201
196 201
197 201
199 201
200 201
181 202
182 202
186 202
188 202
189 202
191 202
195 202
196 202
197 202
199 202
200 202
181 203
182 203
183 203
184 203
185 203
186 203
188 203
189 203
190 203
191 203
194 203
195 203
197 203
198 203
199 203
200 203
181 204
182 204
183 204
184 204
186 204
187 204
188 204
189 204
190 204
191 204
192 204
194 204
195 204
196 204
197 204
198 204
199 204
181 205
182 205
184 205
186 205
187 205
188 205
190 205
191 205
192 205
193 205
194 205
195 205
196 205
198 205
199 205
200 205
181 206
182 206
183 206
184 206
185 206
190 206
191 206
192 206
193 206
194 206
195 206
196 206
197 206
198 206
199 206
181 207
182 207
183 207
184 207
185 207
186 207
187 207
189 207
190 207
191 207
192 207
193 207
194 207
195 207
197 207
199 207
200 207
182 208
183 208
184 208
185 208
186 208
187 208
189 208
190 208
192 208
193 208
195 208
197 208
198 208
199 208
200 208
181 209
183 209
184 209
185 209
187 209
188 209
189 209
190 209
191 209
192 209
194 209
195 209
196 209
199 209
181 210
182 210
183 210
184 210
185 210
186 210
187 210
188 210
189 210
190 210
191 210
195 210
196 210
197 210
199 210
200 210
181 211
182 211
184 211
186 211
187 211
188 211
189 211
190 211
191 211
192 211
193 211
195 211
196 211
197 211
198 211
199 211
200 211
182 212
183 212
184 212
186 212
187 212
188 212
189 212
191 212
192 212
194 212
195 212
196 212
197 212
198 212
199 212
200 212
181 213
182 213
185 213
186 213
187 213
189 213
190 213
191 213
192 213
193 213
194 213
196 213
199 213
181 214
182 214
183 214
186 214
188 214
189 214
190 214
192 214
195 214
196 214
197 214
198 214
199 214
200 214
181 215
182 215
188 215
189 215
190 215
191 215
193 215
194 215
196 215
197 215
198 215
199 215
200 215
181 216
182 216
183 216
185 216
187 216
189 216
190 216
192 216
194 216
195 216
196 216
197 216
198 216
199 216
200 216
182 217
183 217
184 217
185 217
188 217
189 217
190 217
191 217
193 217
195 217
196 217
198 217
199 217
200 217
181 218
182 218
183 218
184 218
185 218
186 218
187 218
190 218
191 218
192 218
193 218
194 218
195 218
196 218
197 218
199 218
181 219
182 219
184 219
186 219
187 219
188 219
189 219
190 219
191 219
193 219
194 219
195 219
198 219
199 219
200 219
182 220
184 220
185 220
186 220
187 220
191 220
193 220
194 220
195 220
196 220
197 220
200 220
201 221
202 221
203 221
204 221
205 221
206 221
207 221
208 221
210 221
213 221
214 221
215 221
218 221
219 221
201 222
202 222
203 222
204 222
205 222
206 222
208 222
209 222
210 222
211 222
212 222
213 222
214 222
215 222
216 222
218 222
219 222
220 222
201 223
202 223
203 223
204 223
205 223
206 223
207 223
208 223
209 223
210 223
211 223
212 223
213 223
214 223
215 223
216 223
217 223
220 223
201 224
202 224
204 224
205 224
207 224
208 224
209 224
210 224
211 224
212 224
213 224
214 224
216 224
217 224
218 224
201 225
203 225
204 225
205 225
207 225
208 225
209 225
210 225
211 225
212 225
213 225
214 225
217 225
218 225
220 225
201 226
202 226
203 226
204 226
205 226
207 226
209 226
210 226
211 226
213 226
214 226
218 226
219 226
220 226
202 227
203 227
204 227
205 227
206 227
207 227
208 227
209 227
210 227
211 227
212 227
213 227
214 227
215 227
217 227
218 227
219 227
220 227
201 228
202 228
203 228
204 228
206 228
207 228
208 228
209 228
210 228
211 228
212 228
213 228
215 228
216 228
217 228
220 228
201 229
202 229
203 229
205 229
206 229
209 229
210 229
212 229
213 229
214 229
215 229
216 229
218 229
219 229
202 230
203 230
204 230
205 230
206 230
208 230
209 230
210 230
211 230
212 230
213 230
214 230
215 230
216 230
217 230
219 230
220 230
202 231
203 231
204 231
205 231
208 231
209 231
210 231
211 231
212 231
213 231
214 231
215 231
216 231
217 231
218 231
220 231
201 232
206 232
207 232
208 232
209 232
213 232
214 232
216 232
217 232
218 232
219 232
220 232
201 233
203 233
204 233
206 233
207 233
208 233
210 233
212 233
213 233
214 233
215 233
216 233
217 233
220 233
202 234
203 234
204 234
205 234
206 234
208 234
209 234
210 234
211 234
212 234
214 234
215 234
217 234
218 234
220 234
201 235
202 235
203 235
204 235
205 235
206 235
208 235
210 235
211 235
212 235
213 235
215 235
216 235
217 235
218 235
219 235
220 235
201 236
202 236
203 236
205 236
206 236
207 236
208 236
209 236
210 236
212 236
213 236
214 236
215 236
216 236
217 236
219 236
220 236
201 237
202 237
203 237
205 237
206 237
209 237
210 237
211 237
212 237
215 237
217 237
218 237
219 237
220 237
201 238
202 238
204 238
205 238
206 238
208 238
210 238
211 238
212 238
214 238
215 238
217 238
218 238
219 238
202 239
203 239
204 239
205 239
206 239
207 239
210 239
212 239
215 239
216 239
217 239
218 239
219 239
220 239
202 240
203 240
204 240
205 240
206 240
207 240
208 240
209 240
210 240
212 240
214 240
215 240
217 240
218 240
220 240
221 241
224 241
226 241
228 241
229 241
230 241
231 241
232 241
233 241
235 241
236 241
238 241
239 241
240 241
221 242
223 242
224 242
227 242
229 242
230 242
231 242
232 242
233 242
234 242
235 242
237 242
238 242
239 242
240 242
221 243
222 243
223 243
224 243
225 243
227 243
229 243
230 243
231 243
232 243
235 243
237 243
238 243
239 243
240 243
221 244
222 244
223 244
224 244
226 244
229 244
231 244
232 244
234 244
235 244
236 244
238 244
239 244
240 244
221 245
222 245
224 245
225 245
226 245
228 245
229 245
230 245
231 245
232 245
233 245
234 245
235 245
236 245
238 245
239 245
240 245
221 246
222 246
223 246
224 246
225 246
226 246
227 246
228 246
229 246
230 246
231 246
233 246
234 246
236 246
240 246
221 247
223 247
225 247
226 247
228 247
229 247
230 247
231 247
232 247
234 247
235 247
236 247
238 247
239 247
240 247
221 248
222 248
223 248
224 248
225 248
226 248
227 248
229 248
230 248
231 248
232 248
233 248
234 248
236 248
239 248
240 248
221 249
222 249
223 249
224 249
225 249
226 249
227 249
228 249
229 249
230 249
231 249
232 249
234 249
237 249
240 249
221 250
223 250
224 250
226 250
227 250
228 250
229 250
230 250
231 250
232 250
234 250
235 250
236 250
238 250
239 250
222 251
223 251
224 251
226 251
227 251
229 251
230 251
232 251
233 251
235 251
236 251
237 251
238 251
239 251
240 251
221 252
224 252
225 252
226 252
227 252
229 252
230 252
231 252
232 252
233 252
236 252
237 252
238 252
239 252
221 253
225 253
226 253
228 253
229 253
230 253
231 253
233 253
234 253
235 253
236 253
237 253
238 253
239 253
221 254
222 254
225 254
227 254
228 254
229 254
231 254
232 254
234 254
236 254
237 254
238 254
239 254
222 255
223 255
224 255
225 255
227 255
228 255
229 255
232 255
233 255
234 255
235 255
237 255
238 255
239 255
221 256
224 256
226 256
227 256
228 256
229 256
230 256
231 256
232 256
233 256
235 256
237 256
238 256
239 256
240 256
222 257
223 257
224 257
225 257
226 257
227 257
228 257
229 257
230 257
231 257
232 257
233 257
236 257
237 257
238 257
239 257
240 257
221 258
222 258
223 258
224 258
225 258
230 258
231 258
232 258
234 258
235 258
236 258
237 258
238 258
239 258
240 258
221 259
222 259
223 259
224 259
226 259
227 259
228 259
230 259
231 259
232 259
233 259
235 259
237 259
238 259
239 259
240 259
221 260
222 260
224 260
226 260
228 260
229 260
230 260
231 260
232 260
233 260
235 260
236 260
237 260
238 260
239 260
240 260
241 261
242 261
245 261
247 261
248 261
249 261
250 261
251 261
252 261
253 261
254 261
255 261
256 261
258 261
259 261
260 261
243 262
247 262
248 262
249 262
250 262
251 262
253 262
256 262
257 262
258 262
259 262
241 263
242 263
243 263
244 263
245 263
246 263
247 263
248 263
251 263
252 263
253 263
254 263
257 263
258 263
259 263
244 264
245 264
247 264
250 264
251 264
252 264
253 264
254 264
255 264
257 264
258 264
242 265
243 265
244 265
246 265
247 265
249 265
254 265
255 265
256 265
258 265
259 265
241 266
242 266
243 266
244 266
245 266
247 266
248 266
249 266
250 266
252 266
253 266
255 266
257 266
258 266
260 266
241 267
242 267
243 267
245 267
247 267
248 267
250 267
251 267
252 267
253 267
254 267
255 267
256 267
258 267
259 267
260 267
241 268
242 268
243 268
244 268
245 268
246 268
248 268
249 268
250 268
251 268
252 268
253 268
254 268
255 268
256 268
257 268
258 268
260 268
241 269
242 269
243 269
245 269
246 269
247 269
248 269
249 269
251 269
252 269
255 269
256 269
259 269
260 269
241 270
242 270
243 270
244 270
245 270
246 270
248 270
250 270
251 270
254 270
255 270
256 270
257 270
258 270
259 270
260 270
241 271
242 271
243 271
245 271
246 271
247 271
248 271
249 271
250 271
251 271
253 271
254 271
256 271
258 271
259 271
241 272
242 272
243 272
248 272
250 272
251 272
252 272
254 272
255 272
256 272
259 272
260 272
241 273
242 273
243 273
244 273
245 273
246 273
247 273
248 273
249 273
250 273
251 273
254 273
255 273
256 273
258 273
259 273
260 273
241 274
245 274
246 274
247 274
249 274
251 274
252 274
253 274
255 274
256 274
257 274
259 274
260 274
241 275
243 275
244 275
245 275
246 275
247 275
248 275
249 275
251 275
252 275
253 275
254 275
255 275
257 275
258 275
259 275
260 275
241 276
242 276
243 276
244 276
245 276
246 276
247 276
249 276
250 276
253 276
257 276
258 276
259 276
260 276
241 277
242 277
243 277
244 277
245 277
246 277
248 277
249 277
250 277
251 277
253 277
255 277
256 277
257 277
259 277
242 278
243 278
244 278
245 278
246 278
247 278
248 278
251 278
252 278
253 278
255 278
256 278
257 278
258 278
259 278
241 279
242 279
243 279
244 279
245 279
246 279
247 279
248 279
249 279
250 279
253 279
254 279
256 279
257 279
259 279
260 279
241 280
243 280
244 280
247 280
250 280
251 280
253 280
255 280
256 280
258 280
259 280
260 280
262 281
263 281
264 281
265 281
266 281
267 281
268 281
269 281
270 281
271 281
272 281
274 281
275 281
276 281
277 281
278 281
279 281
261 282
264 282
265 282
267 282
268 282
269 282
271 282
272 282
273 282
274 282
275 282
276 282
277 282
278 282
279 282
280 282
261 283
262 283
264 283
265 283
267 283
268 283
269 283
270 283
272 283
273 283
274 283
275 283
276 283
277 283
279 283
280 283
261 284
262 284
263 284
264 284
266 284
267 284
268 284
269 284
270 284
272 284
273 284
274 284
275 284
276 284
277 284
279 284
280 284
261 285
262 285
263 285
264 285
266 285
267 285
269 285
271 285
272 285
274 285
275 285
277 285
278 285
279 285
280 285
262 286
263 286
265 286
266 286
267 286
270 286
271 286
272 286
273 286
275 286
276 286
277 286
278 286
279 286
261 287
263 287
264 287
265 287
266 287
268 287
269 287
270 287
271 287
273 287
274 287
275 287
276 287
277 287
279 287
280 287
261 288
262 288
263 288
265 288
266 288
267 288
268 288
270 288
271 288
272 288
273 288
274 288
275 288
276 288
277 288
278 288
279 288
280 288
261 289
262 289
263 289
264 289
265 289
266 289
269 289
270 289
271 289
272 289
273 289
274 289
275 289
276 289
279 289
280 289
261 290
262 290
263 290
264 290
265 290
266 290
267 290
268 290
270 290
271 290
272 290
273 290
274 290
275 290
276 290
277 290
279 290
280 290
261 291
262 291
263 291
264 291
265 291
268 291
269 291
270 291
272 291
274 291
275 291
276 291
277 291
278 291
279 291
263 292
264 292
265 292
266 292
267 292
268 292
269 292
270 292
271 292
273 292
274 292
275 292
276 292
277 292
278 292
279 292
280 292
261 293
262 293
264 293
265 293
267 293
269 293
271 293
272 293
273 293
274 293
275 293
276 293
277 293
278 293
279 293
280 293
262 294
263 294
265 294
267 294
268 294
270 294
272 294
273 294
278 294
279 294
261 295
262 295
263 295
264 295
266 295
268 295
270 295
271 295
272 295
276 295
278 295
280 295
261 296
262 296
264 296
266 296
267 296
268 296
269 296
270 296
271 296
272 296
273 296
275 296
276 296
277 296
279 296
262 297
264 297
265 297
266 297
267 297
270 297
271 297
272 297
274 297
276 297
277 297
278 297
279 297
280 297
261 298
262 298
263 298
265 298
266 298
267 298
269 298
270 298
271 298
273 298
274 298
275 298
276 298
277 298
278 298
279 298
280 298
261 299
262 299
263 299
265 299
266 299
267 299
269 299
270 299
272 299
273 299
275 299
276 299
279 299
264 300
265 300
266 300
267 300
269 300
270 300
272 300
275 300
276 300
278 300
280 300
282 301
283 301
284 301
285 301
287 301
288 301
289 301
293 301
296 301
297 301
298 301
300 301
282 302
283 302
285 302
286 302
288 302
290 302
291 302
292 302
293 302
294 302
295 302
296 302
297 302
298 302
299 302
300 302
281 303
282 303
284 303
285 303
286 303
287 303
289 303
290 303
292 303
293 303
294 303
295 303
296 303
297 303
298 303
300 303
281 304
282 304
284 304
285 304
286 304
287 304
288 304
289 304
290 304
291 304
293 304
294 304
296 304
297 304
298 304
299 304
300 304
281 305
283 305
284 305
286 305
287 305
288 305
289 305
290 305
291 305
292 305
293 305
294 305
295 305
296 305
297 305
298 305
299 305
281 306
282 306
284 306
285 306
288 306
289 306
290 306
292 306
293 306
295 306
296 306
297 306
298 306
300 306
281 307
282 307
283 307
284 307
285 307
286 307
287 307
290 307
292 307
293 307
294 307
296 307
298 307
299 307
300 307
281 308
283 308
284 308
285 308
288 308
289 308
290 308
291 308
292 308
294 308
296 308
297 308
298 308
300 308
281 309
282 309
283 309
286 309
287 309
288 309
289 309
290 309
291 309
293 309
294 309
295 309
296 309
298 309
300 309
281 310
282 310
284 310
285 310
286 310
287 310
288 310
289 310
291 310
292 310
293 310
294 310
296 310
297 310
298 310
299 310
300 310
281 311
282 311
283 311
286 311
287 311
288 311
289 311
290 311
291 311
292 311
293 311
294 311
295 311
297 311
298 311
299 311
300 311
281 312
282 312
283 312
284 312
285 312
286 312
288 312
289 312
290 312
291 312
293 312
294 312
295 312
296 312
297 312
298 312
299 312
300 312
281 313
282 313
283 313
284 313
286 313
287 313
288 313
289 313
290 313
291 313
292 313
293 313
294 313
295 313
296 313
297 313
299 313
300 313
281 314
283 314
284 314
286 314
287 314
288 314
290 314
291 314
292 314
293 314
294 314
296 314
297 314
298 314
299 314
300 314
281 315
283 315
284 315
285 315
286 315
287 315
288 315
289 315
290 315
291 315
292 315
293 315
294 315
298 315
299 315
300 315
281 316
283 316
285 316
286 316
287 316
288 316
289 316
290 316
292 316
295 316
297 316
299 316
300 316
281 317
282 317
285 317
286 317
288 317
290 317
291 317
292 317
293 317
294 317
295 317
296 317
297 317
298 317
299 317
282 318
284 318
285 318
286 318
287 318
288 318
289 318
290 318
291 318
292 318
293 318
296 318
298 318
299 318
281 319
282 319
283 319
284 319
285 319
286 319
287 319
288 319
289 319
290 319
291 319
292 319
295 319
296 319
297 319
298 319
300 319
282 320
283 320
284 320
285 320
286 320
288 320
289 320
290 320
291 320
292 320
294 320
297 320
299 320
300 320
301 321
303 321
304 321
306 321
308 321
309 321
310 321
311 321
313 321
314 321
315 321
316 321
317 321
320 321
301 322
303 322
304 322
305 322
306 322
308 322
309 322
310 322
311 322
312 322
314 322
315 322
316 322
318 322
319 322
320 322
303 323
304 323
305 323
306 323
307 323
308 323
310 323
311 323
312 323
314 323
315 323
316 323
317 323
320 323
301 324
302 324
303 324
305 324
306 324
307 324
308 324
309 324
310 324
311 324
312 324
313 324
314 324
315 324
316 324
317 324
318 324
319 324
320 324
301 325
302 325
303 325
305 325
306 325
307 325
308 325
309 325
310 325
311 325
313 325
316 325
317 325
318 325
319 325
320 325
302 326
303 326
304 326
305 326
306 326
308 326
309 326
310 326
311 326
312 326
313 326
314 326
316 326
317 326
319 326
320 326
302 327
303 327
304 327
305 327
306 327
307 327
308 327
309 327
310 327
311 327
312 327
313 327
314 327
316 327
317 327
318 327
319 327
320 327
301 328
302 328
303 328
305 328
307 328
308 328
309 328
310 328
311 328
312 328
314 328
315 328
316 328
317 328
318 328
320 328
301 329
303 329
304 329
305 329
306 329
307 329
308 329
309 329
311 329
312 329
313 329
314 329
318 329
319 329
320 329
301 330
302 330
303 330
304 330
305 330
306 330
307 330
309 330
312 330
314 330
315 330
316 330
317 330
318 330
319 330
320 330
301 331
302 331
304 331
306 331
307 331
310 331
312 331
313 331
315 331
316 331
317 331
318 331
319 331
320 331
301 332
302 332
304 332
309 332
310 332
312 332
313 332
314 332
315 332
316 332
317 332
318 332
319 332
320 332
301 333
302 333
304 333
305 333
306 333
307 333
309 333
310 333
311 333
312 333
313 333
315 333
316 333
317 333
318 333
319 333
320 333
301 334
302 334
303 334
304 334
305 334
306 334
307 334
308 334
309 334
310 334
311 334
312 334
313 334
314 334
315 334
316 334
319 334
320 334
303 335
305 335
306 335
307 335
309 335
310 335
312 335
313 335
317 335
320 335
301 336
302 336
304 336
305 336
306 336
307 336
308 336
309 336
311 336
313 336
314 336
316 336
317 336
301 337
302 337
303 337
305 337
307 337
308 337
311 337
312 337
314 337
316 337
318 337
319 337
320 337
301 338
303 338
304 338
305 338
306 338
307 338
308 338
309 338
310 338
312 338
313 338
314 338
315 338
316 338
319 338
320 338
303 339
304 339
305 339
308 339
310 339
311 339
312 339
314 339
316 339
317 339
318 339
319 339
320 339
301 340
303 340
304 340
307 340
308 340
310 340
311 340
313 340
314 340
315 340
316 340
318 340
320 340
321 341
322 341
323 341
325 341
327 341
328 341
329 341
331 341
333 341
334 341
335 341
337 341
340 341
322 342
323 342
324 342
327 342
328 342
329 342
331 342
332 342
333 342
335 342
337 342
321 343
322 343
323 343
325 343
326 343
327 343
328 343
329 343
330 343
331 343
332 343
333 343
334 343
336 343
337 343
338 343
321 344
323 344
324 344
325 344
326 344
327 344
328 344
329 344
330 344
331 344
332 344
333 344
334 344
335 344
337 344
338 344
339 344
340 344
321 345
322 345
323 345
324 345
325 345
326 345
327 345
330 345
331 345
332 345
333 345
334 345
335 345
336 345
337 345
338 345
339 345
340 345
321 346
323 346
326 346
331 346
333 346
334 346
337 346
338 346
339 346
322 347
323 347
324 347
326 347
327 347
328 347
329 347
330 347
331 347
333 347
334 347
335 347
336 347
337 347
338 347
339 347
321 348
323 348
324 348
325 348
326 348
327 348
330 348
332 348
333 348
334 348
336 348
337 348
338 348
339 348
340 348
321 349
322 349
323 349
326 349
329 349
330 349
331 349
332 349
335 349
337 349
339 349
340 349
321 350
323 350
324 350
325 350
326 350
328 350
329 350
330 350
332 350
333 350
334 350
335 350
336 350
337 350
338 350
339 350
340 350
321 351
322 351
323 351
325 351
326 351
327 351
328 351
329 351
331 351
333 351
334 351
335 351
337 351
338 351
339 351
322 352
323 352
324 352
325 352
327 352
328 352
329 352
330 352
331 352
332 352
333 352
335 352
336 352
338 352
339 352
321 353
322 353
323 353
324 353
325 353
326 353
327 353
328 353
330 353
332 353
333 353
334 353
337 353
338 353
339 353
323 354
324 354
327 354
328 354
329 354
331 354
333 354
334 354
335 354
336 354
337 354
338 354
339 354
321 355
322 355
323 355
324 355
326 355
327 355
328 355
329 355
330 355
331 355
332 355
333 355
335 355
336 355
337 355
338 355
339 355
340 355
321 356
324 356
325 356
328 356
329 356
330 356
331 356
333 356
334 356
335 356
336 356
337 356
338 356
321 357
322 357
324 357
325 357
326 357
327 357
328 357
329 357
330 357
333 357
334 357
335 357
336 357
337 357
338 357
339 357
321 358
324 358
325 358
327 358
328 358
329 358
331 358
332 358
333 358
334 358
335 358
336 358
337 358
339 358
322 359
323 359
325 359
326 359
327 359
329 359
333 359
334 359
335 359
336 359
337 359
339 359
321 360
322 360
323 360
324 360
325 360
326 360
328 360
330 360
331 360
332 360
334 360
335 360
336 360
337 360
339 360
340 360
341 361
342 361
344 361
345 361
346 361
347 361
348 361
349 361
350 361
351 361
352 361
354 361
357 361
359 361
360 361
341 362
343 362
344 362
345 362
346 362
347 362
348 362
349 362
350 362
352 362
353 362
355 362
356 362
357 362
359 362
360 362
341 363
342 363
343 363
344 363
345 363
346 363
347 363
349 363
350 363
351 363
352 363
353 363
354 363
355 363
357 363
341 364
342 364
344 364
346 364
347 364
348 364
349 364
350 364
351 364
352 364
353 364
354 364
355 364
356 364
357 364
358 364
341 365
343 365
347 365
349 365
350 365
351 365
352 365
353 365
354 365
355 365
356 365
357 365
359 365
360 365
341 366
343 366
344 366
345 366
346 366
348 366
349 366
350 366
352 366
353 366
355 366
356 366
357 366
358 366
359 366
342 367
343 367
344 367
346 367
347 367
348 367
349 367
350 367
352 367
353 367
354 367
355 367
357 367
358 367
360 367
342 368
343 368
344 368
345 368
346 368
347 368
348 368
349 368
350 368
351 368
352 368
353 368
354 368
355 368
356 368
357 368
358 368
360 368
342 369
344 369
345 369
349 369
350 369
351 369
353 369
354 369
355 369
356 369
357 369
341 370
342 370
344 370
345 370
347 370
349 370
351 370
352 370
353 370
355 370
358 370
359 370
360 370
343 371
346 371
347 371
348 371
349 371
350 371
352 371
353 371
354 371
355 371
356 371
357 371
358 371
359 371
360 371
341 372
342 372
344 372
347 372
348 372
349 372
350 372
351 372
352 372
353 372
354 372
355 372
356 372
358 372
359 372
360 372
341 373
342 373
344 373
347 373
350 373
351 373
352 373
353 373
354 373
355 373
356 373
359 373
360 373
342 374
343 374
344 374
345 374
346 374
347 374
348 374
349 374
350 374
351 374
352 374
353 374
354 374
356 374
357 374
358 374
360 374
341 375
345 375
347 375
348 375
349 375
350 375
351 375
352 375
353 375
354 375
355 375
356 375
360 375
341 376
346 376
347 376
348 376
349 376
350 376
351 376
352 376
353 376
354 376
355 376
356 376
357 376
358 376
360 376
343 377
344 377
346 377
347 377
348 377
349 377
350 377
351 377
352 377
353 377
354 377
355 377
359 377
360 377
341 378
342 378
344 378
346 378
347 378
348 378
351 378
353 378
354 378
357 378
358 378
359 378
341 379
342 379
343 379
344 379
345 379
346 379
347 379
348 379
349 379
350 379
351 379
352 379
354 379
355 379
357 379
358 379
342 380
344 380
346 380
348 380
350 380
351 380
352 380
354 380
355 380
356 380
357 380
358 380
360 380
361 381
364 381
365 381
366 381
367 381
370 381
371 381
372 381
373 381
374 381
375 381
376 381
377 381
379 381
380 381
362 382
363 382
364 382
365 382
366 382
369 382
370 382
371 382
372 382
373 382
374 382
375 382
377 382
378 382
379 382
380 382
361 383
362 383
363 383
364 383
365 383
366 383
367 383
368 383
369 383
370 383
372 383
373 383
374 383
375 383
377 383
378 383
379 383
361 384
362 384
363 384
365 384
366 384
368 384
369 384
370 384
371 384
372 384
374 384
375 384
376 384
378 384
379 384
380 384
361 385
363 385
364 385
366 385
368 385
369 385
370 385
372 385
373 385
374 385
375 385
376 385
377 385
378 385
379 385
380 385
362 386
363 386
364 386
365 386
368 386
369 386
370 386
371 386
373 386
374 386
376 386
377 386
380 386
361 387
362 387
363 387
364 387
365 387
366 387
368 387
370 387
372 387
373 387
374 387
375 387
376 387
378 387
379 387
380 387
363 388
364 388
365 388
366 388
367 388
368 388
369 388
370 388
371 388
372 388
374 388
375 388
380 388
362 389
363 389
366 389
367 389
368 389
369 389
371 389
372 389
374 389
375 389
376 389
377 389
380 389
361 390
362 390
364 390
365 390
366 390
368 390
369 390
370 390
374 390
375 390
376 390
378 390
379 390
380 390
361 391
362 391
363 391
366 391
367 391
368 391
369 391
371 391
372 391
373 391
374 391
377 391
378 391
379 391
380 391
361 392
362 392
363 392
364 392
365 392
366 392
367 392
369 392
370 392
372 392
373 392
374 392
377 392
378 392
379 392
380 392
362 393
364 393
365 393
366 393
368 393
369 393
370 393
371 393
372 393
373 393
374 393
375 393
376 393
377 393
378 393
361 394
362 394
364 394
365 394
367 394
368 394
369 394
377 394
378 394
379 394
380 394
361 395
362 395
365 395
368 395
369 395
370 395
371 395
372 395
373 395
374 395
375 395
376 395
377 395
378 395
379 395
380 395
361 396
363 396
365 396
366 396
367 396
369 396
370 396
371 396
372 396
374 396
375 396
376 396
377 396
379 396
380 396
361 397
363 397
367 397
370 397
371 397
373 397
374 397
375 397
376 397
377 397
378 397
379 397
380 397
363 398
364 398
365 398
366 398
368 398
369 398
370 398
371 398
372 398
373 398
374 398
376 398
377 398
379 398
380 398
361 399
363 399
364 399
366 399
367 399
369 399
370 399
371 399
372 399
373 399
374 399
376 399
377 399
378 399
379 399
380 399
362 400
363 400
364 400
365 400
366 400
367 400
368 400
370 400
372 400
373 400
374 400
376 400
378 400
379 400
380 400
381 401
382 401
384 401
385 401
386 401
387 401
389 401
390 401
391 401
392 401
393 401
394 401
396 401
397 401
398 401
399 401
400 401
381 402
382 402
383 402
384 402
387 402
388 402
389 402
390 402
391 402
396 402
397 402
398 402
399 402
400 402
381 403
382 403
383 403
386 403
387 403
388 403
389 403
391 403
392 403
394 403
395 403
397 403
398 403
399 403
400 403
383 404
384 404
386 404
388 404
389 404
390 404
391 404
393 404
394 404
396 404
397 404
398 404
399 404
400 404
381 405
382 405
383 405
385 405
387 405
388 405
391 405
392 405
393 405
394 405
395 405
396 405
397 405
398 405
399 405
381 406
382 406
383 406
384 406
385 406
386 406
387 406
388 406
389 406
390 406
391 406
392 406
393 406
394 406
395 406
396 406
397 406
398 406
399 406
400 406
381 407
382 407
383 407
387 407
388 407
389 407
391 407
392 407
393 407
394 407
395 407
396 407
397 407
398 407
399 407
400 407
381 408
382 408
384 408
387 408
391 408
392 408
394 408
396 408
399 408
400 408
381 409
382 409
383 409
385 409
386 409
388 409
390 409
391 409
392 409
394 409
395 409
396 409
397 409
398 409
400 409
382 410
383 410
384 410
385 410
387 410
388 410
390 410
391 410
392 410
394 410
395 410
398 410
400 410
381 411
382 411
384 411
385 411
386 411
387 411
388 411
390 411
391 411
392 411
394 411
395 411
397 411
399 411
400 411
382 412
383 412
385 412
386 412
387 412
388 412
392 412
393 412
395 412
396 412
399 412
400 412
381 413
382 413
384 413
386 413
387 413
388 413
389 413
391 413
393 413
395 413
396 413
397 413
398 413
399 413
400 413
381 414
384 414
385 414
386 414
387 414
388 414
390 414
392 414
393 414
394 414
396 414
397 414
398 414
399 414
400 414
381 415
386 415
387 415
389 415
393 415
394 415
395 415
396 415
397 415
399 415
400 415
382 416
384 416
387 416
389 416
391 416
392 416
394 416
396 416
399 416
400 416
381 417
382 417
384 417
386 417
389 417
390 417
392 417
393 417
395 417
398 417
399 417
381 418
382 418
383 418
384 418
385 418
386 418
388 418
389 418
391 418
394 418
395 418
396 418
399 418
400 418
381 419
385 419
388 419
390 419
391 419
392 419
393 419
394 419
395 419
396 419
397 419
398 419
399 419
381 420
382 420
383 420
384 420
385 420
387 420
389 420
390 420
391 420
392 420
393 420
396 420
397 420
399 420
400 420
401 421
403 421
404 421
405 421
406 421
407 421
408 421
409 421
410 421
411 421
412 421
413 421
414 421
415 421
416 421
417 421
418 421
419 421
420 421
401 422
403 422
404 422
405 422
406 422
407 422
408 422
409 422
410 422
411 422
413 422
414 422
415 422
417 422
419 422
401 423
402 423
403 423
404 423
405 423
406 423
408 423
409 423
410 423
411 423
413 423
414 423
415 423
416 423
417 423
418 423
419 423
401 424
402 424
403 424
404 424
405 424
406 424
408 424
410 424
415 424
416 424
417 424
419 424
420 424
401 425
402 425
403 425
405 425
406 425
407 425
408 425
409 425
410 425
411 425
413 425
414 425
415 425
416 425
417 425
418 425
419 425
402 426
403 426
404 426
406 426
407 426
408 426
409 426
410 426
411 426
412 426
415 426
416 426
417 426
419 426
420 426
401 427
403 427
405 427
406 427
407 427
409 427
410 427
412 427
413 427
414 427
415 427
416 427
417 427
418 427
419 427
420 427
401 428
402 428
403 428
404 428
405 428
406 428
407 428
408 428
410 428
411 428
412 428
414 428
415 428
416 428
417 428
418 428
419 428
420 428
401 429
402 429
405 429
406 429
407 429
408 429
409 429
410 429
411 429
413 429
414 429
415 429
416 429
417 429
418 429
420 429
401 430
402 430
404 430
405 430
406 430
407 430
408 430
409 430
411 430
412 430
413 430
414 430
415 430
417 430
418 430
419 430
420 430
401 431
402 431
403 431
404 431
405 431
409 431
410 431
411 431
412 431
413 431
414 431
415 431
416 431
417 431
418 431
419 431
401 432
402 432
403 432
404 432
406 432
408 432
409 432
410 432
411 432
412 432
413 432
415 432
416 432
417 432
418 432
419 432
420 432
402 433
404 433
406 433
409 433
410 433
411 433
412 433
413 433
415 433
416 433
417 433
418 433
401 434
402 434
403 434
404 434
405 434
406 434
409 434
410 434
411 434
413 434
414 434
416 434
418 434
420 434
401 435
402 435
403 435
404 435
407 435
410 435
411 435
413 435
414 435
416 435
417 435
418 435
419 435
420 435
401 436
404 436
406 436
407 436
408 436
410 436
412 436
413 436
414 436
415 436
416 436
417 436
418 436
419 436
420 436
401 437
402 437
403 437
404 437
406 437
407 437
408 437
410 437
411 437
412 437
415 437
416 437
417 437
418 437
419 437
401 438
402 438
403 438
404 438
407 438
408 438
409 438
410 438
411 438
412 438
413 438
414 438
415 438
416 438
420 438
401 439
403 439
405 439
406 439
408 439
411 439
412 439
414 439
415 439
416 439
418 439
420 439
401 440
402 440
403 440
404 440
406 440
407 440
408 440
410 440
411 440
412 440
414 440
415 440
416 440
417 440
418 440
421 441
422 441
423 441
424 441
426 441
428 441
430 441
432 441
436 441
437 441
438 441
439 441
440 441
421 442
422 442
424 442
425 442
426 442
429 442
430 442
431 442
433 442
434 442
436 442
437 442
438 442
439 442
440 442
421 443
422 443
423 443
424 443
428 443
430 443
431 443
432 443
434 443
436 443
437 443
439 443
440 443
423 444
425 444
426 444
427 444
428 444
429 444
431 444
433 444
434 444
435 444
436 444
437 444
438 444
439 444
421 445
422 445
423 445
424 445
425 445
427 445
428 445
429 445
430 445
431 445
432 445
433 445
434 445
436 445
438 445
439 445
440 445
421 446
422 446
423 446
424 446
427 446
429 446
430 446
431 446
432 446
434 446
435 446
436 446
438 446
439 446
440 446
422 447
423 447
424 447
425 447
426 447
427 447
429 447
430 447
431 447
433 447
436 447
437 447
439 447
440 447
421 448
422 448
424 448
425 448
426 448
428 448
429 448
431 448
432 448
433 448
434 448
435 448
436 448
437 448
438 448
440 448
421 449
422 449
424 449
426 449
427 449
428 449
429 449
431 449
433 449
435 449
436 449
437 449
438 449
439 449
440 449
422 450
423 450
424 450
425 450
426 450
428 450
430 450
432 450
433 450
434 450
435 450
436 450
438 450
439 450
421 451
422 451
423 451
424 451
425 451
426 451
427 451
428 451
429 451
430 451
431 451
432 451
434 451
435 451
436 451
437 451
440 451
421 452
422 452
423 452
424 452
425 452
426 452
427 452
429 452
430 452
431 452
432 452
433 452
434 452
435 452
436 452
438 452
439 452
440 452
421 453
422 453
423 453
424 453
425 453
426 453
427 453
428 453
429 453
431 453
432 453
434 453
437 453
440 453
426 454
427 454
428 454
429 454
430 454
431 454
432 454
433 454
435 454
436 454
438 454
439 454
440 454
421 455
422 455
424 455
425 455
426 455
427 455
428 455
429 455
430 455
431 455
433 455
434 455
438 455
439 455
440 455
422 456
423 456
424 456
425 456
427 456
428 456
429 456
430 456
431 456
433 456
434 456
435 456
436 456
437 456
439 456
421 457
422 457
424 457
425 457
426 457
427 457
428 457
429 457
431 457
432 457
433 457
434 457
435 457
437 457
438 457
439 457
440 457
421 458
422 458
424 458
425 458
426 458
428 458
429 458
430 458
432 458
433 458
434 458
435 458
436 458
437 458
438 458
439 458
421 459
422 459
423 459
424 459
425 459
426 459
427 459
429 459
430 459
431 459
435 459
439 459
421 460
422 460
423 460
424 460
425 460
426 460
427 460
428 460
431 460
432 460
433 460
437 460
438 460
439 460
440 460
441 461
442 461
443 461
444 461
445 461
446 461
447 461
448 461
450 461
451 461
452 461
453 461
454 461
456 461
457 461
459 461
460 461
441 462
442 462
445 462
446 462
447 462
448 462
450 462
452 462
453 462
454 462
455 462
459 462
460 462
441 463
442 463
443 463
444 463
445 463
446 463
447 463
449 463
451 463
452 463
453 463
454 463
455 463
456 463
458 463
441 464
442 464
443 464
445 464
446 464
449 464
451 464
452 464
453 464
454 464
455 464
456 464
457 464
458 464
459 464
460 464
441 465
442 465
443 465
444 465
445 465
446 465
447 465
449 465
450 465
451 465
452 465
453 465
456 465
457 465
459 465
460 465
441 466
443 466
444 466
445 466
446 466
448 466
450 466
451 466
453 466
454 466
455 466
456 466
457 466
458 466
460 466
441 467
442 467
443 467
445 467
446 467
447 467
449 467
450 467
451 467
452 467
453 467
454 467
455 467
456 467
457 467
460 467
441 468
443 468
444 468
445 468
446 468
447 468
448 468
449 468
451 468
452 468
453 468
454 468
457 468
458 468
459 468
460 468
441 469
442 469
443 469
445 469
446 469
448 469
449 469
452 469
453 469
454 469
455 469
458 469
460 469
442 470
443 470
444 470
445 470
446 470
447 470
448 470
449 470
450 470
451 470
452 470
455 470
456 470
457 470
458 470
459 470
460 470
441 471
442 471
443 471
446 471
447 471
448 471
449 471
450 471
452 471
455 471
456 471
458 471
460 471
442 472
444 472
445 472
446 472
447 472
450 472
452 472
454 472
456 472
457 472
458 472
459 472
460 472
442 473
443 473
444 473
446 473
448 473
450 473
452 473
453 473
455 473
456 473
458 473
459 473
442 474
443 474
444 474
445 474
446 474
447 474
448 474
449 474
451 474
452 474
453 474
454 474
455 474
456 474
458 474
459 474
460 474
441 475
442 475
443 475
444 475
445 475
447 475
448 475
449 475
450 475
451 475
452 475
453 475
454 475
455 475
456 475
457 475
458 475
459 475
460 475
441 476
442 476
443 476
444 476
445 476
446 476
447 476
450 476
453 476
455 476
456 476
458 476
460 476
441 477
442 477
443 477
444 477
445 477
446 477
447 477
450 477
451 477
453 477
455 477
456 477
457 477
458 477
459 477
460 477
441 478
443 478
444 478
446 478
448 478
450 478
451 478
452 478
453 478
454 478
455 478
456 478
457 478
459 478
460 478
443 479
444 479
445 479
446 479
447 479
448 479
450 479
452 479
453 479
454 479
455 479
456 479
460 479
441 480
442 480
443 480
444 480
446 480
447 480
448 480
450 480
452 480
453 480
454 480
455 480
456 480
457 480
458 480
459 480
462 481
463 481
464 481
465 481
469 481
470 481
472 481
473 481
474 481
475 481
476 481
477 481
478 481
479 481
461 482
462 482
463 482
464 482
465 482
466 482
467 482
468 482
469 482
471 482
472 482
473 482
478 482
480 482
461 483
462 483
463 483
464 483
466 483
468 483
469 483
470 483
471 483
472 483
473 483
474 483
475 483
476 483
478 483
479 483
480 483
461 484
464 484
467 484
468 484
470 484
472 484
473 484
475 484
476 484
477 484
462 485
463 485
464 485
465 485
466 485
471 485
472 485
473 485
474 485
475 485
476 485
477 485
478 485
479 485
480 485
461 486
462 486
464 486
466 486
467 486
468 486
469 486
470 486
471 486
472 486
474 486
475 486
476 486
477 486
478 486
479 486
480 486
461 487
463 487
464 487
465 487
466 487
467 487
469 487
470 487
471 487
474 487
476 487
477 487
478 487
479 487
480 487
461 488
462 488
463 488
465 488
466 488
467 488
469 488
470 488
472 488
473 488
475 488
477 488
478 488
479 488
480 488
461 489
463 489
464 489
465 489
466 489
467 489
468 489
469 489
471 489
474 489
476 489
477 489
478 489
479 489
480 489
461 490
462 490
464 490
465 490
466 490
468 490
471 490
475 490
476 490
477 490
478 490
461 491
462 491
463 491
464 491
465 491
466 491
467 491
468 491
470 491
472 491
473 491
474 491
475 491
476 491
479 491
461 492
463 492
468 492
469 492
471 492
472 492
474 492
475 492
476 492
477 492
478 492
479 492
461 493
462 493
463 493
464 493
465 493
467 493
469 493
470 493
471 493
472 493
474 493
475 493
476 493
477 493
478 493
479 493
480 493
461 494
463 494
464 494
465 494
466 494
467 494
468 494
470 494
471 494
472 494
473 494
474 494
475 494
476 494
477 494
478 494
480 494
461 495
462 495
464 495
465 495
466 495
467 495
468 495
469 495
470 495
471 495
473 495
474 495
476 495
477 495
478 495
479 495
480 495
461 496
462 496
463 496
464 496
465 496
466 496
467 496
468 496
469 496
470 496
471 496
472 496
473 496
474 496
475 496
476 496
477 496
478 496
479 496
480 496
462 497
463 497
465 497
466 497
467 497
468 497
469 497
470 497
471 497
472 497
474 497
475 497
476 497
477 497
478 497
479 497
461 498
462 498
463 498
464 498
465 498
466 498
467 498
468 498
469 498
470 498
472 498
473 498
474 498
475 498
476 498
477 498
480 498
461 499
462 499
464 499
465 499
466 499
468 499
469 499
470 499
471 499
472 499
474 499
475 499
476 499
477 499
478 499
461 500
462 500
464 500
466 500
468 500
469 500
470 500
472 500
473 500
474 500
475 500
476 500
477 500
479 500
480 500
