60 610 3
20 20 20 
1 21
2 21
3 21
5 21
6 21
7 21
8 21
9 21
10 21
11 21
12 21
15 21
16 21
17 21
18 21
19 21
20 21
1 22
3 22
4 22
5 22
6 22
7 22
8 22
9 22
11 22
12 22
13 22
14 22
15 22
16 22
17 22
18 22
19 22
1 23
2 23
3 23
4 23
5 23
6 23
7 23
8 23
9 23
12 23
13 23
14 23
15 23
16 23
17 23
19 23
20 23
1 24
4 24
5 24
7 24
8 24
9 24
10 24
11 24
12 24
13 24
14 24
15 24
16 24
18 24
19 24
20 24
1 25
3 25
4 25
5 25
6 25
7 25
10 25
11 25
12 25
13 25
14 25
15 25
16 25
17 25
18 25
19 25
20 25
1 26
2 26
4 26
5 26
10 26
12 26
15 26
18 26
19 26
20 26
1 27
2 27
3 27
4 27
5 27
6 27
7 27
8 27
10 27
11 27
12 27
13 27
14 27
15 27
17 27
19 27
20 27
1 28
2 28
3 28
4 28
7 28
8 28
9 28
12 28
13 28
15 28
16 28
17 28
1 29
3 29
4 29
5 29
8 29
10 29
11 29
12 29
13 29
15 29
16 29
17 29
19 29
20 29
1 30
2 30
3 30
4 30
5 30
6 30
8 30
9 30
10 30
11 30
12 30
14 30
16 30
17 30
18 30
19 30
20 30
1 31
2 31
3 31
4 31
5 31
6 31
9 31
10 31
11 31
12 31
14 31
15 31
17 31
18 31
19 31
20 31
1 32
3 32
5 32
6 32
7 32
8 32
9 32
10 32
12 32
14 32
15 32
16 32
18 32
20 32
1 33
2 33
3 33
4 33
7 33
8 33
9 33
10 33
11 33
12 33
13 33
15 33
16 33
17 33
18 33
20 33
1 34
2 34
3 34
5 34
8 34
10 34
11 34
13 34
16 34
18 34
1 35
2 35
3 35
4 35
6 35
7 35
8 35
10 35
12 35
13 35
14 35
15 35
16 35
17 35
19 35
1 36
2 36
3 36
4 36
5 36
6 36
8 36
9 36
10 36
11 36
12 36
14 36
15 36
16 36
17 36
18 36
19 36
20 36
1 37
2 37
3 37
4 37
5 37
6 37
8 37
9 37
10 37
11 37
12 37
13 37
14 37
15 37
16 37
17 37
18 37
19 37
20 37
4 38
7 38
8 38
11 38
12 38
14 38
15 38
16 38
17 38
18 38
19 38
20 38
2 39
3 39
4 39
5 39
7 39
9 39
11 39
13 39
14 39
15 39
16 39
17 39
18 39
19 39
20 39
2 40
3 40
4 40
5 40
7 40
8 40
9 40
12 40
13 40
14 40
15 40
16 40
17 40
19 40
20 40
21 41
23 41
24 41
25 41
26 41
28 41
29 41
30 41
32 41
33 41
34 41
35 41
38 41
39 41
22 42
23 42
24 42
25 42
26 42
27 42
29 42
30 42
31 42
32 42
33 42
34 42
35 42
37 42
38 42
39 42
40 42
21 43
22 43
23 43
26 43
27 43
28 43
29 43
30 43
31 43
33 43
36 43
37 43
38 43
40 43
21 44
22 44
23 44
25 44
27 44
28 44
29 44
30 44
31 44
32 44
34 44
35 44
36 44
37 44
38 44
21 45
22 45
23 45
24 45
25 45
26 45
27 45
28 45
29 45
32 45
33 45
34 45
35 45
37 45
38 45
39 45
40 45
22 46
23 46
24 46
25 46
26 46
28 46
29 46
31 46
32 46
34 46
35 46
36 46
37 46
39 46
40 46
21 47
22 47
23 47
25 47
26 47
27 47
29 47
30 47
31 47
33 47
34 47
35 47
38 47
22 48
23 48
24 48
25 48
27 48
29 48
31 48
33 48
35 48
36 48
37 48
38 48
39 48
40 48
21 49
22 49
23 49
25 49
27 49
28 49
29 49
30 49
33 49
34 49
35 49
36 49
37 49
38 49
39 49
21 50
23 50
25 50
26 50
28 50
30 50
31 50
32 50
33 50
34 50
35 50
36 50
37 50
39 50
40 50
21 51
22 51
24 51
25 51
26 51
27 51
28 51
30 51
31 51
32 51
33 51
35 51
36 51
37 51
38 51
39 51
40 51
21 52
24 52
26 52
27 52
28 52
29 52
31 52
32 52
33 52
34 52
35 52
36 52
37 52
38 52
39 52
22 53
23 53
24 53
25 53
26 53
27 53
31 53
32 53
33 53
34 53
35 53
36 53
37 53
38 53
22 54
23 54
24 54
26 54
27 54
28 54
30 54
31 54
32 54
34 54
35 54
36 54
37 54
39 54
40 54
22 55
23 55
24 55
25 55
26 55
27 55
28 55
29 55
30 55
31 55
32 55
33 55
34 55
36 55
37 55
38 55
39 55
40 55
21 56
22 56
23 56
25 56
26 56
27 56
31 56
34 56
35 56
36 56
38 56
39 56
40 56
21 57
22 57
23 57
24 57
25 57
27 57
31 57
33 57
34 57
35 57
36 57
37 57
38 57
39 57
21 58
22 58
24 58
26 58
27 58
28 58
29 58
30 58
31 58
32 58
33 58
34 58
35 58
36 58
38 58
39 58
40 58
21 59
23 59
24 59
25 59
26 59
27 59
29 59
30 59
31 59
32 59
33 59
34 59
35 59
36 59
37 59
38 59
39 59
40 59
22 60
23 60
24 60
25 60
26 60
28 60
29 60
30 60
31 60
32 60
33 60
34 60
35 60
36 60
37 60
38 60
