1000 9893 50
20 20 20 20 20 20 20 20 20 20 20 20 20 20 20 20 20 20 20 20 20 20 20 20 20 20 20 20 20 20 20 20 20 20 20 20 20 20 20 20 20 20 20 20 20 20 20 20 20 20 
7 21
8 21
9 21
10 21
11 21
12 21
13 21
14 21
17 21
18 21
20 21
2 22
4 22
6 22
8 22
11 22
12 22
15 22
18 22
19 22
20 22
5 23
7 23
9 23
10 23
16 23
17 23
20 23
1 24
4 24
6 24
7 24
9 24
10 24
11 24
12 24
13 24
18 24
20 24
1 25
4 25
7 25
12 25
14 25
15 25
19 25
20 25
1 26
3 26
5 26
10 26
11 26
12 26
14 26
16 26
17 26
18 26
20 26
2 27
3 27
5 27
6 27
8 27
9 27
10 27
14 27
15 27
18 27
19 27
20 27
1 28
2 28
4 28
6 28
9 28
12 28
15 28
16 28
18 28
20 28
5 29
7 29
11 29
12 29
13 29
14 29
15 29
18 29
19 29
20 29
1 30
3 30
5 30
6 30
10 30
11 30
13 30
16 30
18 30
2 31
3 31
4 31
6 31
9 31
10 31
13 31
14 31
16 31
18 31
19 31
20 31
1 32
4 32
5 32
9 32
10 32
13 32
14 32
15 32
18 32
20 32
2 33
4 33
5 33
10 33
11 33
13 33
15 33
17 33
20 33
1 34
2 34
4 34
6 34
7 34
10 34
14 34
15 34
16 34
17 34
19 34
20 34
2 35
3 35
4 35
7 35
9 35
10 35
11 35
12 35
18 35
19 35
20 35
4 36
6 36
7 36
10 36
12 36
13 36
14 36
16 36
17 36
18 36
20 36
1 37
3 37
6 37
7 37
8 37
10 37
11 37
15 37
16 37
18 37
1 38
3 38
11 38
12 38
13 38
14 38
18 38
19 38
20 38
3 39
5 39
6 39
7 39
8 39
10 39
11 39
12 39
13 39
14 39
15 39
16 39
17 39
1 40
2 40
5 40
8 40
9 40
10 40
11 40
12 40
13 40
15 40
20 40
21 41
22 41
23 41
24 41
25 41
26 41
31 41
32 41
33 41
35 41
36 41
37 41
39 41
23 42
27 42
28 42
31 42
32 42
33 42
34 42
35 42
39 42
40 42
22 43
23 43
24 43
25 43
26 43
28 43
30 43
31 43
32 43
33 43
37 43
40 43
21 44
22 44
23 44
24 44
25 44
26 44
29 44
32 44
33 44
35 44
39 44
40 44
21 45
26 45
31 45
35 45
36 45
22 46
26 46
27 46
29 46
30 46
31 46
32 46
33 46
34 46
35 46
36 46
39 46
21 47
26 47
27 47
29 47
36 47
37 47
39 47
40 47
21 48
23 48
26 48
27 48
33 48
34 48
35 48
36 48
37 48
38 48
21 49
22 49
24 49
29 49
30 49
31 49
32 49
33 49
37 49
38 49
39 49
40 49
26 50
29 50
31 50
35 50
36 50
37 50
21 51
23 51
25 51
29 51
33 51
34 51
37 51
38 51
39 51
24 52
27 52
29 52
30 52
31 52
33 52
34 52
35 52
36 52
37 52
38 52
21 53
22 53
23 53
24 53
25 53
26 53
27 53
28 53
31 53
32 53
34 53
36 53
37 53
21 54
24 54
25 54
27 54
29 54
30 54
32 54
36 54
37 54
38 54
39 54
40 54
24 55
25 55
26 55
29 55
30 55
31 55
33 55
40 55
23 56
24 56
27 56
28 56
31 56
33 56
34 56
35 56
36 56
37 56
39 56
40 56
23 57
25 57
27 57
29 57
31 57
32 57
33 57
36 57
40 57
21 58
25 58
26 58
27 58
30 58
31 58
34 58
35 58
36 58
37 58
38 58
40 58
21 59
22 59
26 59
29 59
30 59
31 59
32 59
36 59
38 59
40 59
21 60
22 60
24 60
25 60
26 60
31 60
32 60
33 60
34 60
35 60
38 60
41 61
43 61
44 61
45 61
47 61
48 61
50 61
52 61
53 61
56 61
59 61
60 61
43 62
44 62
45 62
47 62
49 62
55 62
58 62
60 62
41 63
42 63
44 63
48 63
51 63
53 63
55 63
57 63
58 63
41 64
42 64
43 64
44 64
46 64
50 64
51 64
53 64
55 64
58 64
59 64
60 64
46 65
47 65
48 65
50 65
54 65
55 65
56 65
57 65
41 66
42 66
43 66
47 66
48 66
50 66
51 66
52 66
55 66
57 66
58 66
43 67
47 67
50 67
55 67
59 67
42 68
48 68
49 68
50 68
52 68
58 68
59 68
41 69
43 69
45 69
47 69
48 69
49 69
50 69
51 69
52 69
54 69
56 69
57 69
58 69
59 69
60 69
41 70
44 70
46 70
47 70
48 70
50 70
53 70
55 70
56 70
58 70
59 70
42 71
43 71
44 71
45 71
46 71
47 71
49 71
56 71
57 71
58 71
59 71
60 71
42 72
45 72
46 72
47 72
48 72
49 72
51 72
52 72
53 72
55 72
57 72
58 72
59 72
41 73
47 73
48 73
50 73
54 73
55 73
58 73
59 73
41 74
43 74
44 74
45 74
48 74
50 74
51 74
53 74
54 74
55 74
56 74
59 74
60 74
41 75
44 75
48 75
49 75
54 75
55 75
58 75
60 75
42 76
43 76
44 76
47 76
50 76
54 76
55 76
58 76
59 76
43 77
44 77
45 77
46 77
48 77
50 77
53 77
56 77
57 77
58 77
42 78
43 78
44 78
45 78
46 78
47 78
50 78
51 78
56 78
57 78
59 78
60 78
43 79
44 79
45 79
46 79
47 79
48 79
49 79
50 79
51 79
52 79
53 79
55 79
57 79
58 79
59 79
42 80
43 80
46 80
50 80
59 80
60 80
61 81
62 81
63 81
64 81
66 81
67 81
68 81
69 81
72 81
74 81
76 81
79 81
61 82
62 82
65 82
66 82
70 82
71 82
72 82
73 82
75 82
76 82
78 82
79 82
80 82
61 83
63 83
64 83
67 83
68 83
69 83
71 83
73 83
76 83
77 83
78 83
79 83
61 84
62 84
63 84
64 84
65 84
66 84
67 84
69 84
71 84
72 84
73 84
74 84
78 84
63 85
64 85
70 85
72 85
73 85
74 85
75 85
76 85
79 85
61 86
62 86
63 86
64 86
65 86
66 86
67 86
72 86
73 86
74 86
77 86
80 86
62 87
63 87
64 87
65 87
66 87
68 87
69 87
70 87
71 87
72 87
73 87
74 87
77 87
78 87
79 87
80 87
61 88
63 88
69 88
70 88
72 88
74 88
77 88
79 88
61 89
63 89
64 89
71 89
73 89
77 89
79 89
61 90
62 90
66 90
67 90
68 90
70 90
71 90
73 90
74 90
75 90
76 90
78 90
61 91
62 91
63 91
66 91
68 91
69 91
70 91
71 91
74 91
77 91
79 91
80 91
61 92
62 92
64 92
65 92
67 92
69 92
70 92
75 92
76 92
61 93
65 93
66 93
68 93
69 93
72 93
73 93
74 93
75 93
78 93
80 93
61 94
63 94
64 94
65 94
66 94
67 94
68 94
75 94
78 94
79 94
80 94
61 95
62 95
67 95
71 95
73 95
79 95
80 95
61 96
64 96
66 96
67 96
69 96
70 96
73 96
76 96
77 96
79 96
80 96
62 97
63 97
64 97
66 97
68 97
74 97
75 97
76 97
78 97
79 97
61 98
63 98
64 98
65 98
68 98
70 98
71 98
73 98
75 98
79 98
80 98
62 99
64 99
67 99
68 99
71 99
72 99
74 99
76 99
77 99
78 99
63 100
65 100
66 100
67 100
68 100
73 100
75 100
78 100
79 100
83 101
85 101
86 101
89 101
92 101
93 101
94 101
95 101
96 101
98 101
81 102
82 102
83 102
84 102
85 102
86 102
88 102
90 102
91 102
93 102
95 102
97 102
98 102
99 102
100 102
82 103
84 103
85 103
88 103
89 103
91 103
92 103
93 103
97 103
100 103
82 104
83 104
84 104
86 104
89 104
92 104
93 104
94 104
97 104
98 104
84 105
85 105
88 105
89 105
90 105
92 105
93 105
94 105
95 105
96 105
98 105
81 106
82 106
84 106
87 106
92 106
96 106
97 106
100 106
81 107
85 107
86 107
92 107
93 107
95 107
97 107
81 108
83 108
84 108
88 108
92 108
93 108
97 108
98 108
99 108
100 108
83 109
84 109
86 109
87 109
88 109
90 109
93 109
95 109
97 109
98 109
100 109
81 110
83 110
84 110
86 110
88 110
90 110
91 110
92 110
94 110
96 110
99 110
100 110
81 111
82 111
83 111
85 111
86 111
90 111
91 111
98 111
99 111
100 111
81 112
82 112
83 112
85 112
86 112
88 112
93 112
94 112
97 112
98 112
100 112
81 113
85 113
92 113
94 113
95 113
96 113
97 113
98 113
81 114
83 114
87 114
88 114
89 114
90 114
94 114
96 114
97 114
98 114
99 114
100 114
81 115
83 115
84 115
87 115
89 115
90 115
93 115
94 115
96 115
97 115
98 115
99 115
82 116
83 116
84 116
87 116
90 116
92 116
93 116
94 116
96 116
98 116
100 116
81 117
83 117
86 117
87 117
88 117
90 117
92 117
93 117
95 117
96 117
82 118
85 118
88 118
91 118
92 118
94 118
95 118
98 118
100 118
81 119
82 119
84 119
86 119
88 119
89 119
91 119
93 119
96 119
100 119
84 120
85 120
87 120
89 120
92 120
96 120
97 120
98 120
99 120
107 121
108 121
109 121
110 121
114 121
119 121
120 121
104 122
107 122
108 122
109 122
110 122
117 122
118 122
119 122
120 122
104 123
107 123
108 123
109 123
110 123
114 123
117 123
118 123
119 123
102 124
103 124
104 124
105 124
106 124
107 124
111 124
112 124
113 124
114 124
115 124
117 124
109 125
112 125
116 125
117 125
118 125
119 125
120 125
102 126
107 126
113 126
114 126
115 126
119 126
104 127
105 127
107 127
108 127
111 127
113 127
114 127
117 127
103 128
104 128
105 128
106 128
107 128
108 128
112 128
114 128
118 128
101 129
103 129
104 129
106 129
107 129
109 129
110 129
111 129
114 129
117 129
101 130
102 130
104 130
105 130
112 130
117 130
118 130
119 130
120 130
101 131
102 131
103 131
104 131
105 131
106 131
107 131
108 131
109 131
111 131
114 131
116 131
119 131
120 131
101 132
103 132
107 132
108 132
109 132
110 132
111 132
112 132
114 132
116 132
117 132
118 132
119 132
101 133
107 133
108 133
109 133
110 133
114 133
116 133
119 133
120 133
101 134
106 134
107 134
109 134
111 134
112 134
114 134
115 134
119 134
120 134
101 135
103 135
104 135
105 135
106 135
107 135
108 135
111 135
112 135
115 135
120 135
101 136
103 136
104 136
106 136
109 136
111 136
112 136
113 136
114 136
115 136
116 136
118 136
119 136
101 137
102 137
104 137
105 137
106 137
108 137
114 137
115 137
119 137
101 138
102 138
103 138
104 138
105 138
106 138
108 138
109 138
110 138
113 138
114 138
116 138
118 138
119 138
120 138
102 139
103 139
104 139
110 139
115 139
117 139
118 139
119 139
101 140
102 140
103 140
104 140
105 140
106 140
109 140
111 140
113 140
114 140
115 140
116 140
118 140
119 140
122 141
124 141
127 141
128 141
129 141
133 141
134 141
135 141
137 141
125 142
127 142
130 142
132 142
133 142
136 142
139 142
123 143
125 143
126 143
128 143
130 143
134 143
135 143
136 143
137 143
138 143
139 143
122 144
123 144
125 144
127 144
128 144
129 144
130 144
131 144
132 144
133 144
134 144
140 144
121 145
122 145
123 145
124 145
126 145
127 145
128 145
129 145
131 145
132 145
133 145
134 145
135 145
136 145
138 145
139 145
140 145
121 146
122 146
126 146
127 146
128 146
132 146
134 146
135 146
121 147
123 147
125 147
127 147
128 147
129 147
130 147
133 147
134 147
135 147
138 147
140 147
122 148
128 148
129 148
130 148
131 148
132 148
135 148
136 148
138 148
139 148
121 149
122 149
125 149
126 149
129 149
132 149
134 149
137 149
138 149
125 150
126 150
127 150
130 150
133 150
139 150
140 150
123 151
124 151
125 151
126 151
127 151
128 151
135 151
136 151
137 151
139 151
140 151
121 152
122 152
123 152
126 152
127 152
131 152
132 152
133 152
134 152
136 152
137 152
138 152
139 152
122 153
123 153
125 153
126 153
132 153
139 153
140 153
122 154
123 154
125 154
126 154
128 154
131 154
132 154
135 154
137 154
139 154
121 155
124 155
127 155
129 155
131 155
136 155
140 155
122 156
123 156
129 156
131 156
132 156
133 156
134 156
135 156
136 156
139 156
140 156
123 157
124 157
125 157
126 157
130 157
132 157
135 157
136 157
137 157
138 157
139 157
122 158
124 158
125 158
127 158
128 158
131 158
132 158
135 158
136 158
137 158
122 159
124 159
126 159
127 159
129 159
131 159
134 159
135 159
138 159
140 159
123 160
124 160
125 160
126 160
127 160
128 160
129 160
130 160
133 160
136 160
137 160
138 160
140 160
142 161
144 161
145 161
147 161
149 161
150 161
151 161
153 161
154 161
155 161
157 161
160 161
141 162
145 162
147 162
152 162
154 162
155 162
156 162
159 162
142 163
143 163
144 163
145 163
146 163
150 163
151 163
152 163
153 163
154 163
155 163
159 163
142 164
144 164
145 164
149 164
150 164
151 164
152 164
153 164
154 164
155 164
158 164
159 164
160 164
141 165
143 165
144 165
146 165
147 165
149 165
151 165
152 165
154 165
155 165
158 165
159 165
145 166
149 166
150 166
154 166
156 166
142 167
144 167
145 167
146 167
150 167
151 167
154 167
156 167
158 167
160 167
141 168
143 168
144 168
145 168
147 168
149 168
150 168
151 168
152 168
153 168
156 168
157 168
159 168
160 168
141 169
147 169
148 169
149 169
152 169
155 169
156 169
141 170
143 170
144 170
146 170
147 170
149 170
150 170
152 170
153 170
154 170
155 170
156 170
160 170
143 171
144 171
146 171
148 171
150 171
153 171
155 171
156 171
157 171
159 171
160 171
145 172
146 172
149 172
152 172
153 172
154 172
155 172
156 172
157 172
159 172
141 173
143 173
144 173
147 173
148 173
151 173
152 173
154 173
159 173
160 173
142 174
144 174
145 174
146 174
147 174
148 174
149 174
150 174
151 174
152 174
153 174
154 174
156 174
158 174
159 174
160 174
141 175
143 175
145 175
146 175
147 175
151 175
153 175
158 175
159 175
143 176
145 176
146 176
148 176
149 176
150 176
152 176
157 176
158 176
141 177
142 177
145 177
150 177
152 177
159 177
160 177
142 178
144 178
145 178
147 178
149 178
150 178
152 178
154 178
156 178
157 178
160 178
143 179
144 179
146 179
147 179
150 179
151 179
152 179
154 179
155 179
156 179
157 179
158 179
159 179
141 180
142 180
143 180
147 180
151 180
152 180
153 180
154 180
155 180
159 180
162 181
163 181
172 181
173 181
174 181
176 181
178 181
179 181
180 181
161 182
162 182
163 182
164 182
165 182
166 182
167 182
168 182
171 182
172 182
173 182
176 182
177 182
179 182
180 182
161 183
162 183
164 183
167 183
171 183
173 183
174 183
175 183
166 184
172 184
173 184
175 184
176 184
177 184
161 185
163 185
167 185
170 185
171 185
172 185
173 185
178 185
180 185
163 186
167 186
171 186
172 186
173 186
174 186
175 186
176 186
177 186
178 186
179 186
180 186
161 187
163 187
166 187
167 187
169 187
170 187
171 187
172 187
173 187
175 187
178 187
179 187
161 188
162 188
163 188
165 188
168 188
171 188
172 188
174 188
175 188
176 188
178 188
161 189
163 189
164 189
165 189
166 189
168 189
169 189
171 189
172 189
173 189
175 189
176 189
180 189
161 190
167 190
168 190
170 190
173 190
176 190
179 190
161 191
169 191
170 191
173 191
178 191
180 191
161 192
163 192
167 192
168 192
169 192
170 192
175 192
178 192
179 192
180 192
168 193
170 193
172 193
175 193
177 193
179 193
162 194
163 194
166 194
168 194
169 194
171 194
173 194
174 194
176 194
177 194
178 194
180 194
164 195
165 195
167 195
168 195
169 195
171 195
172 195
173 195
178 195
180 195
161 196
162 196
163 196
164 196
167 196
171 196
173 196
174 196
175 196
176 196
178 196
179 196
180 196
161 197
163 197
166 197
169 197
171 197
172 197
177 197
178 197
179 197
180 197
161 198
166 198
167 198
168 198
169 198
172 198
173 198
175 198
176 198
177 198
180 198
161 199
162 199
163 199
164 199
165 199
166 199
167 199
169 199
170 199
171 199
173 199
176 199
177 199
178 199
179 199
164 200
165 200
167 200
168 200
175 200
176 200
178 200
182 201
183 201
184 201
185 201
186 201
187 201
191 201
192 201
195 201
196 201
197 201
198 201
181 202
182 202
183 202
185 202
186 202
188 202
189 202
191 202
192 202
196 202
198 202
200 202
181 203
182 203
185 203
186 203
187 203
197 203
199 203
181 204
182 204
185 204
187 204
192 204
195 204
196 204
198 204
200 204
181 205
182 205
183 205
184 205
186 205
187 205
188 205
191 205
192 205
193 205
194 205
198 205
199 205
200 205
182 206
185 206
189 206
193 206
196 206
197 206
198 206
199 206
200 206
182 207
183 207
184 207
188 207
189 207
190 207
191 207
193 207
195 207
197 207
198 207
199 207
200 207
184 208
185 208
187 208
188 208
191 208
192 208
193 208
195 208
196 208
197 208
199 208
181 209
185 209
188 209
190 209
191 209
192 209
193 209
195 209
196 209
197 209
200 209
181 210
183 210
184 210
185 210
188 210
191 210
192 210
193 210
197 210
198 210
200 210
184 211
186 211
189 211
191 211
192 211
193 211
194 211
195 211
196 211
198 211
199 211
200 211
182 212
183 212
186 212
190 212
192 212
193 212
194 212
196 212
199 212
200 212
181 213
184 213
187 213
188 213
189 213
191 213
193 213
194 213
182 214
183 214
186 214
189 214
192 214
194 214
196 214
198 214
185 215
187 215
188 215
190 215
191 215
192 215
193 215
195 215
199 215
181 216
182 216
184 216
186 216
188 216
191 216
196 216
198 216
199 216
181 217
183 217
185 217
187 217
188 217
190 217
191 217
193 217
194 217
195 217
199 217
200 217
183 218
188 218
189 218
190 218
193 218
195 218
196 218
197 218
199 218
200 218
184 219
186 219
187 219
189 219
190 219
191 219
192 219
197 219
181 220
183 220
184 220
187 220
188 220
191 220
192 220
193 220
194 220
195 220
200 220
201 221
202 221
203 221
204 221
205 221
208 221
210 221
211 221
217 221
218 221
220 221
201 222
207 222
208 222
211 222
216 222
219 222
201 223
203 223
211 223
212 223
215 223
218 223
201 224
205 224
206 224
208 224
211 224
212 224
213 224
217 224
201 225
202 225
203 225
204 225
205 225
210 225
211 225
212 225
214 225
215 225
216 225
220 225
201 226
202 226
203 226
204 226
211 226
213 226
216 226
217 226
218 226
205 227
208 227
209 227
210 227
211 227
213 227
214 227
215 227
220 227
204 228
205 228
206 228
207 228
208 228
210 228
211 228
212 228
213 228
214 228
215 228
216 228
217 228
219 228
201 229
202 229
204 229
205 229
207 229
209 229
210 229
211 229
212 229
213 229
214 229
217 229
219 229
220 229
201 230
202 230
204 230
205 230
209 230
210 230
211 230
212 230
214 230
216 230
217 230
201 231
202 231
203 231
207 231
208 231
209 231
211 231
212 231
215 231
216 231
220 231
201 232
202 232
203 232
205 232
206 232
207 232
208 232
209 232
210 232
213 232
219 232
220 232
202 233
204 233
207 233
208 233
209 233
217 233
218 233
220 233
201 234
202 234
207 234
211 234
212 234
219 234
220 234
201 235
202 235
204 235
205 235
208 235
209 235
211 235
215 235
216 235
219 235
220 235
205 236
206 236
211 236
213 236
214 236
219 236
220 236
201 237
202 237
204 237
206 237
208 237
209 237
210 237
211 237
212 237
213 237
214 237
215 237
216 237
217 237
218 237
219 237
220 237
203 238
207 238
208 238
209 238
211 238
218 238
219 238
201 239
202 239
203 239
209 239
214 239
215 239
216 239
217 239
219 239
202 240
203 240
204 240
205 240
207 240
208 240
210 240
212 240
214 240
215 240
219 240
220 240
222 241
226 241
227 241
228 241
233 241
236 241
237 241
239 241
221 242
225 242
226 242
231 242
232 242
233 242
235 242
240 242
223 243
224 243
226 243
227 243
228 243
229 243
230 243
231 243
232 243
233 243
236 243
237 243
239 243
240 243
222 244
223 244
224 244
225 244
229 244
231 244
232 244
236 244
237 244
238 244
239 244
240 244
224 245
226 245
227 245
229 245
232 245
234 245
238 245
239 245
221 246
223 246
224 246
225 246
232 246
236 246
239 246
223 247
224 247
225 247
229 247
234 247
235 247
236 247
221 248
222 248
226 248
227 248
230 248
231 248
232 248
234 248
239 248
221 249
222 249
223 249
225 249
227 249
228 249
229 249
231 249
232 249
233 249
234 249
237 249
240 249
223 250
225 250
228 250
237 250
227 251
228 251
232 251
233 251
235 251
236 251
237 251
238 251
239 251
240 251
221 252
222 252
226 252
227 252
228 252
231 252
232 252
233 252
234 252
238 252
239 252
240 252
221 253
222 253
224 253
227 253
230 253
234 253
235 253
236 253
238 253
239 253
240 253
223 254
225 254
226 254
232 254
234 254
235 254
236 254
237 254
238 254
239 254
223 255
224 255
225 255
229 255
230 255
231 255
232 255
236 255
237 255
238 255
239 255
240 255
221 256
223 256
224 256
228 256
230 256
232 256
233 256
239 256
222 257
223 257
224 257
226 257
227 257
230 257
231 257
232 257
234 257
239 257
240 257
224 258
228 258
229 258
231 258
233 258
234 258
235 258
236 258
238 258
239 258
240 258
221 259
223 259
224 259
225 259
226 259
228 259
236 259
238 259
239 259
221 260
223 260
226 260
227 260
230 260
231 260
234 260
239 260
240 260
243 261
245 261
246 261
247 261
248 261
251 261
252 261
254 261
255 261
260 261
242 262
243 262
246 262
251 262
252 262
253 262
255 262
256 262
242 263
244 263
245 263
246 263
248 263
249 263
251 263
252 263
256 263
257 263
242 264
243 264
246 264
247 264
248 264
249 264
250 264
253 264
256 264
258 264
259 264
241 265
244 265
245 265
246 265
248 265
249 265
251 265
252 265
253 265
256 265
257 265
259 265
242 266
243 266
244 266
245 266
246 266
247 266
250 266
251 266
255 266
258 266
259 266
241 267
243 267
245 267
246 267
248 267
249 267
250 267
251 267
252 267
253 267
256 267
258 267
242 268
244 268
246 268
247 268
248 268
249 268
251 268
253 268
255 268
256 268
257 268
258 268
242 269
245 269
249 269
252 269
254 269
256 269
260 269
244 270
245 270
246 270
247 270
249 270
251 270
253 270
254 270
255 270
257 270
260 270
242 271
246 271
249 271
251 271
254 271
255 271
257 271
259 271
260 271
241 272
242 272
243 272
244 272
250 272
253 272
254 272
256 272
257 272
259 272
260 272
244 273
245 273
247 273
248 273
252 273
253 273
255 273
257 273
258 273
260 273
242 274
244 274
245 274
246 274
253 274
254 274
255 274
257 274
258 274
260 274
243 275
246 275
247 275
249 275
251 275
255 275
258 275
259 275
260 275
242 276
244 276
246 276
247 276
248 276
251 276
252 276
255 276
258 276
245 277
246 277
248 277
249 277
250 277
253 277
256 277
258 277
259 277
241 278
242 278
246 278
247 278
251 278
252 278
255 278
258 278
260 278
242 279
245 279
246 279
249 279
257 279
258 279
259 279
260 279
241 280
245 280
246 280
247 280
248 280
251 280
252 280
254 280
255 280
257 280
258 280
259 280
260 280
261 281
262 281
267 281
269 281
271 281
272 281
273 281
274 281
275 281
278 281
261 282
264 282
265 282
266 282
267 282
268 282
269 282
270 282
277 282
279 282
280 282
261 283
262 283
264 283
270 283
272 283
273 283
275 283
276 283
280 283
262 284
264 284
265 284
267 284
268 284
270 284
271 284
273 284
274 284
275 284
261 285
262 285
263 285
264 285
265 285
266 285
267 285
268 285
269 285
270 285
272 285
277 285
280 285
261 286
265 286
267 286
268 286
270 286
271 286
273 286
274 286
277 286
279 286
263 287
264 287
267 287
269 287
271 287
272 287
275 287
276 287
279 287
280 287
262 288
263 288
264 288
266 288
267 288
268 288
271 288
272 288
277 288
262 289
263 289
265 289
266 289
269 289
270 289
274 289
276 289
277 289
279 289
262 290
263 290
265 290
266 290
267 290
269 290
270 290
272 290
273 290
275 290
276 290
277 290
278 290
279 290
261 291
264 291
267 291
269 291
270 291
271 291
272 291
273 291
274 291
275 291
280 291
262 292
263 292
264 292
265 292
266 292
267 292
270 292
272 292
275 292
277 292
278 292
279 292
262 293
264 293
265 293
269 293
271 293
272 293
273 293
274 293
278 293
279 293
280 293
262 294
264 294
265 294
271 294
272 294
273 294
275 294
276 294
277 294
270 295
271 295
272 295
276 295
277 295
279 295
262 296
263 296
264 296
267 296
268 296
271 296
273 296
274 296
277 296
279 296
280 296
263 297
264 297
266 297
267 297
268 297
272 297
279 297
280 297
262 298
265 298
267 298
268 298
269 298
272 298
273 298
275 298
276 298
277 298
278 298
280 298
265 299
266 299
267 299
270 299
272 299
274 299
275 299
276 299
277 299
278 299
280 299
261 300
263 300
264 300
265 300
267 300
268 300
269 300
272 300
273 300
276 300
279 300
281 301
284 301
285 301
286 301
290 301
291 301
292 301
295 301
296 301
297 301
300 301
281 302
282 302
284 302
291 302
292 302
294 302
299 302
300 302
281 303
283 303
284 303
286 303
288 303
290 303
291 303
292 303
294 303
299 303
300 303
282 304
283 304
284 304
287 304
289 304
290 304
291 304
292 304
297 304
300 304
281 305
282 305
283 305
286 305
287 305
290 305
293 305
294 305
295 305
298 305
299 305
300 305
281 306
282 306
283 306
288 306
290 306
292 306
294 306
295 306
298 306
281 307
282 307
283 307
284 307
285 307
287 307
288 307
289 307
291 307
292 307
293 307
294 307
295 307
296 307
297 307
299 307
300 307
281 308
282 308
286 308
287 308
289 308
291 308
294 308
295 308
299 308
300 308
284 309
285 309
288 309
289 309
291 309
296 309
297 309
298 309
299 309
281 310
283 310
284 310
285 310
286 310
287 310
288 310
292 310
295 310
296 310
283 311
287 311
289 311
292 311
293 311
296 311
298 311
300 311
281 312
282 312
283 312
284 312
286 312
287 312
290 312
292 312
293 312
294 312
295 312
296 312
297 312
298 312
281 313
282 313
283 313
284 313
286 313
290 313
291 313
292 313
293 313
296 313
297 313
298 313
299 313
282 314
284 314
285 314
286 314
289 314
290 314
292 314
295 314
297 314
299 314
300 314
285 315
286 315
289 315
290 315
291 315
293 315
294 315
297 315
298 315
300 315
282 316
285 316
287 316
288 316
290 316
291 316
293 316
294 316
297 316
298 316
283 317
285 317
287 317
289 317
291 317
292 317
293 317
295 317
296 317
297 317
298 317
299 317
300 317
283 318
286 318
289 318
291 318
297 318
281 319
283 319
285 319
286 319
287 319
289 319
290 319
293 319
294 319
298 319
300 319
283 320
284 320
286 320
288 320
289 320
290 320
291 320
292 320
293 320
294 320
295 320
296 320
298 320
299 320
303 321
304 321
306 321
308 321
311 321
312 321
315 321
316 321
301 322
302 322
305 322
314 322
316 322
317 322
319 322
304 323
307 323
308 323
310 323
313 323
315 323
317 323
318 323
319 323
301 324
303 324
308 324
312 324
313 324
314 324
320 324
304 325
305 325
306 325
307 325
308 325
309 325
310 325
311 325
314 325
315 325
317 325
320 325
303 326
305 326
306 326
312 326
313 326
316 326
317 326
318 326
320 326
310 327
314 327
316 327
318 327
303 328
304 328
305 328
308 328
309 328
310 328
312 328
314 328
316 328
317 328
319 328
320 328
306 329
311 329
318 329
319 329
301 330
302 330
303 330
304 330
305 330
306 330
307 330
312 330
314 330
319 330
320 330
301 331
302 331
304 331
306 331
308 331
314 331
317 331
318 331
301 332
304 332
305 332
308 332
309 332
311 332
313 332
315 332
316 332
301 333
302 333
304 333
305 333
306 333
317 333
301 334
302 334
304 334
305 334
311 334
315 334
316 334
320 334
304 335
306 335
307 335
309 335
312 335
315 335
318 335
319 335
301 336
302 336
303 336
304 336
305 336
307 336
308 336
309 336
310 336
314 336
315 336
316 336
317 336
318 336
319 336
320 336
301 337
304 337
305 337
306 337
307 337
308 337
311 337
312 337
313 337
315 337
317 337
318 337
301 338
302 338
305 338
307 338
312 338
313 338
314 338
315 338
318 338
319 338
320 338
301 339
303 339
305 339
312 339
315 339
316 339
318 339
302 340
303 340
305 340
307 340
308 340
309 340
310 340
311 340
313 340
318 340
320 340
324 341
328 341
329 341
331 341
334 341
339 341
340 341
321 342
322 342
323 342
324 342
325 342
326 342
327 342
329 342
331 342
332 342
336 342
340 342
321 343
322 343
325 343
326 343
328 343
331 343
332 343
333 343
334 343
336 343
340 343
322 344
326 344
328 344
332 344
334 344
335 344
336 344
340 344
324 345
327 345
329 345
331 345
336 345
338 345
321 346
328 346
330 346
335 346
338 346
340 346
321 347
323 347
327 347
329 347
332 347
334 347
337 347
340 347
322 348
327 348
328 348
329 348
335 348
336 348
338 348
339 348
321 349
322 349
327 349
328 349
332 349
333 349
334 349
336 349
339 349
321 350
323 350
325 350
326 350
327 350
328 350
329 350
330 350
332 350
335 350
336 350
339 350
323 351
324 351
325 351
326 351
331 351
332 351
333 351
339 351
340 351
321 352
327 352
331 352
333 352
335 352
336 352
337 352
338 352
339 352
340 352
326 353
327 353
329 353
332 353
333 353
334 353
335 353
336 353
337 353
339 353
340 353
322 354
324 354
325 354
326 354
327 354
329 354
332 354
334 354
339 354
340 354
322 355
323 355
324 355
327 355
328 355
329 355
330 355
332 355
336 355
337 355
338 355
340 355
321 356
322 356
326 356
327 356
328 356
330 356
333 356
334 356
340 356
321 357
323 357
324 357
328 357
331 357
332 357
333 357
338 357
339 357
340 357
321 358
325 358
327 358
329 358
332 358
333 358
334 358
336 358
338 358
326 359
327 359
329 359
332 359
333 359
334 359
335 359
337 359
339 359
340 359
322 360
323 360
324 360
325 360
331 360
333 360
334 360
336 360
338 360
340 360
341 361
343 361
345 361
346 361
347 361
349 361
350 361
351 361
355 361
357 361
358 361
342 362
343 362
344 362
345 362
346 362
347 362
348 362
349 362
350 362
351 362
352 362
353 362
356 362
357 362
358 362
359 362
344 363
345 363
346 363
347 363
348 363
352 363
353 363
355 363
357 363
358 363
360 363
346 364
348 364
349 364
350 364
351 364
352 364
354 364
355 364
358 364
360 364
342 365
343 365
344 365
345 365
347 365
348 365
349 365
350 365
352 365
354 365
356 365
357 365
358 365
360 365
342 366
344 366
349 366
352 366
356 366
357 366
359 366
360 366
341 367
344 367
347 367
349 367
352 367
353 367
356 367
358 367
359 367
341 368
342 368
343 368
345 368
348 368
350 368
356 368
357 368
358 368
341 369
342 369
344 369
345 369
347 369
348 369
350 369
351 369
352 369
353 369
354 369
355 369
356 369
357 369
360 369
341 370
342 370
343 370
344 370
345 370
346 370
349 370
351 370
352 370
353 370
357 370
342 371
343 371
344 371
346 371
349 371
353 371
354 371
357 371
358 371
359 371
360 371
346 372
347 372
348 372
349 372
351 372
355 372
356 372
357 372
360 372
341 373
342 373
345 373
346 373
347 373
350 373
352 373
353 373
355 373
356 373
358 373
341 374
344 374
345 374
346 374
347 374
348 374
350 374
351 374
352 374
355 374
358 374
359 374
342 375
344 375
345 375
348 375
351 375
353 375
357 375
358 375
359 375
360 375
345 376
348 376
350 376
351 376
352 376
353 376
354 376
355 376
356 376
358 376
359 376
343 377
344 377
345 377
349 377
352 377
353 377
355 377
356 377
357 377
360 377
341 378
342 378
344 378
346 378
347 378
348 378
349 378
351 378
352 378
358 378
359 378
343 379
344 379
345 379
346 379
348 379
349 379
352 379
355 379
356 379
359 379
342 380
343 380
345 380
347 380
348 380
349 380
350 380
352 380
353 380
354 380
355 380
356 380
357 380
360 380
361 381
363 381
366 381
369 381
370 381
372 381
374 381
375 381
376 381
377 381
379 381
362 382
363 382
364 382
365 382
367 382
371 382
372 382
377 382
361 383
364 383
367 383
368 383
369 383
371 383
372 383
376 383
377 383
378 383
379 383
380 383
361 384
363 384
369 384
370 384
373 384
374 384
375 384
377 384
379 384
362 385
363 385
364 385
365 385
367 385
368 385
371 385
372 385
373 385
378 385
380 385
367 386
368 386
369 386
374 386
375 386
377 386
380 386
362 387
364 387
365 387
368 387
372 387
374 387
375 387
379 387
380 387
364 388
365 388
366 388
369 388
371 388
374 388
361 389
362 389
363 389
364 389
366 389
368 389
369 389
370 389
372 389
373 389
374 389
375 389
376 389
377 389
378 389
379 389
380 389
363 390
364 390
366 390
367 390
372 390
375 390
377 390
378 390
379 390
361 391
363 391
368 391
375 391
376 391
377 391
379 391
380 391
363 392
367 392
370 392
371 392
372 392
373 392
374 392
375 392
378 392
379 392
380 392
361 393
364 393
365 393
366 393
369 393
370 393
371 393
372 393
374 393
376 393
377 393
363 394
368 394
372 394
380 394
361 395
362 395
363 395
364 395
366 395
369 395
371 395
372 395
375 395
376 395
377 395
378 395
362 396
365 396
368 396
375 396
376 396
377 396
379 396
380 396
363 397
365 397
366 397
367 397
368 397
369 397
370 397
371 397
373 397
374 397
377 397
361 398
363 398
364 398
367 398
368 398
369 398
370 398
371 398
378 398
362 399
363 399
365 399
366 399
367 399
368 399
371 399
372 399
376 399
378 399
379 399
361 400
362 400
363 400
365 400
366 400
367 400
370 400
371 400
374 400
379 400
381 401
382 401
384 401
387 401
389 401
391 401
392 401
395 401
396 401
398 401
400 401
381 402
382 402
383 402
384 402
387 402
388 402
389 402
392 402
394 402
399 402
381 403
383 403
386 403
388 403
389 403
390 403
391 403
392 403
396 403
397 403
398 403
400 403
390 404
392 404
393 404
394 404
396 404
399 404
384 405
386 405
388 405
390 405
391 405
393 405
394 405
395 405
396 405
397 405
398 405
399 405
400 405
382 406
383 406
385 406
386 406
387 406
391 406
395 406
396 406
398 406
400 406
383 407
385 407
386 407
387 407
393 407
394 407
395 407
398 407
399 407
383 408
384 408
385 408
386 408
387 408
389 408
390 408
391 408
392 408
393 408
397 408
398 408
399 408
382 409
386 409
388 409
389 409
390 409
393 409
394 409
399 409
382 410
384 410
385 410
390 410
392 410
393 410
394 410
395 410
396 410
397 410
399 410
382 411
384 411
386 411
388 411
390 411
392 411
394 411
396 411
400 411
381 412
383 412
385 412
388 412
391 412
392 412
393 412
396 412
397 412
400 412
384 413
388 413
393 413
395 413
396 413
397 413
398 413
399 413
381 414
383 414
385 414
388 414
389 414
390 414
391 414
392 414
395 414
396 414
398 414
400 414
381 415
383 415
384 415
387 415
389 415
394 415
395 415
396 415
398 415
381 416
383 416
384 416
385 416
386 416
387 416
388 416
389 416
391 416
392 416
393 416
395 416
399 416
400 416
383 417
386 417
388 417
394 417
395 417
382 418
388 418
389 418
390 418
391 418
392 418
395 418
396 418
397 418
399 418
400 418
381 419
384 419
388 419
392 419
394 419
395 419
399 419
381 420
386 420
388 420
389 420
390 420
392 420
394 420
397 420
399 420
401 421
406 421
407 421
408 421
409 421
411 421
412 421
414 421
415 421
418 421
401 422
403 422
405 422
407 422
410 422
416 422
417 422
418 422
419 422
401 423
403 423
404 423
405 423
406 423
407 423
412 423
413 423
417 423
419 423
406 424
407 424
408 424
412 424
415 424
417 424
401 425
403 425
405 425
407 425
408 425
409 425
410 425
412 425
415 425
418 425
403 426
405 426
409 426
413 426
416 426
419 426
401 427
404 427
405 427
406 427
407 427
409 427
410 427
412 427
416 427
417 427
418 427
419 427
401 428
404 428
409 428
411 428
413 428
416 428
417 428
420 428
405 429
407 429
413 429
414 429
415 429
416 429
417 429
419 429
420 429
402 430
404 430
406 430
407 430
409 430
411 430
412 430
413 430
414 430
417 430
418 430
420 430
401 431
402 431
403 431
405 431
406 431
408 431
410 431
411 431
413 431
414 431
417 431
419 431
420 431
403 432
407 432
408 432
409 432
411 432
413 432
415 432
416 432
417 432
418 432
419 432
402 433
403 433
404 433
405 433
408 433
411 433
413 433
414 433
417 433
403 434
407 434
408 434
409 434
410 434
413 434
414 434
415 434
417 434
418 434
419 434
420 434
403 435
406 435
409 435
411 435
412 435
413 435
414 435
415 435
416 435
419 435
420 435
404 436
409 436
411 436
412 436
413 436
414 436
415 436
416 436
417 436
403 437
404 437
405 437
406 437
407 437
408 437
409 437
410 437
417 437
420 437
401 438
402 438
404 438
408 438
410 438
414 438
415 438
419 438
420 438
403 439
406 439
407 439
409 439
410 439
411 439
412 439
413 439
415 439
416 439
420 439
402 440
403 440
406 440
408 440
409 440
410 440
412 440
413 440
414 440
415 440
421 441
423 441
424 441
425 441
431 441
432 441
433 441
434 441
435 441
436 441
438 441
439 441
421 442
422 442
424 442
425 442
433 442
435 442
436 442
437 442
438 442
439 442
421 443
422 443
424 443
426 443
431 443
432 443
434 443
436 443
439 443
440 443
422 444
424 444
425 444
428 444
429 444
431 444
435 444
436 444
439 444
440 444
422 445
426 445
427 445
428 445
432 445
436 445
437 445
421 446
422 446
426 446
431 446
435 446
439 446
422 447
423 447
425 447
429 447
432 447
433 447
434 447
435 447
439 447
422 448
423 448
426 448
427 448
429 448
430 448
431 448
433 448
436 448
437 448
440 448
421 449
422 449
424 449
425 449
426 449
434 449
435 449
436 449
439 449
440 449
423 450
424 450
428 450
430 450
431 450
434 450
435 450
436 450
438 450
440 450
422 451
424 451
425 451
426 451
427 451
428 451
429 451
430 451
434 451
437 451
439 451
440 451
421 452
422 452
425 452
426 452
428 452
429 452
430 452
431 452
432 452
434 452
435 452
436 452
438 452
440 452
427 453
429 453
430 453
431 453
433 453
438 453
421 454
424 454
426 454
427 454
428 454
431 454
432 454
433 454
435 454
436 454
437 454
438 454
440 454
422 455
423 455
425 455
426 455
427 455
428 455
431 455
432 455
433 455
435 455
437 455
422 456
423 456
424 456
426 456
427 456
429 456
431 456
432 456
437 456
440 456
421 457
425 457
427 457
428 457
433 457
434 457
437 457
438 457
439 457
440 457
425 458
427 458
428 458
429 458
430 458
431 458
434 458
439 458
421 459
422 459
424 459
425 459
427 459
428 459
439 459
440 459
422 460
423 460
430 460
432 460
434 460
435 460
437 460
438 460
440 460
441 461
442 461
443 461
444 461
446 461
447 461
449 461
451 461
452 461
453 461
455 461
456 461
460 461
441 462
442 462
443 462
444 462
446 462
449 462
450 462
451 462
452 462
454 462
455 462
456 462
457 462
460 462
445 463
446 463
449 463
451 463
452 463
453 463
459 463
460 463
447 464
448 464
452 464
454 464
455 464
457 464
459 464
460 464
442 465
443 465
445 465
448 465
449 465
452 465
454 465
455 465
456 465
458 465
441 466
444 466
446 466
449 466
452 466
456 466
458 466
459 466
441 467
442 467
443 467
445 467
450 467
452 467
453 467
454 467
455 467
456 467
457 467
459 467
442 468
443 468
444 468
445 468
446 468
447 468
449 468
452 468
453 468
455 468
456 468
457 468
459 468
445 469
446 469
447 469
448 469
452 469
456 469
457 469
460 469
441 470
447 470
449 470
452 470
453 470
455 470
456 470
458 470
441 471
442 471
444 471
446 471
448 471
452 471
453 471
456 471
457 471
458 471
447 472
448 472
450 472
451 472
454 472
458 472
460 472
442 473
444 473
445 473
447 473
448 473
449 473
450 473
451 473
452 473
453 473
454 473
455 473
460 473
442 474
443 474
446 474
449 474
450 474
451 474
455 474
456 474
457 474
458 474
459 474
445 475
446 475
447 475
448 475
456 475
442 476
444 476
445 476
448 476
449 476
450 476
451 476
453 476
454 476
455 476
456 476
458 476
460 476
442 477
444 477
445 477
448 477
455 477
456 477
458 477
459 477
460 477
441 478
442 478
443 478
445 478
447 478
450 478
453 478
454 478
455 478
456 478
458 478
459 478
460 478
443 479
446 479
450 479
451 479
453 479
454 479
458 479
459 479
460 479
443 480
444 480
446 480
450 480
451 480
454 480
455 480
456 480
458 480
461 481
468 481
471 481
472 481
473 481
474 481
477 481
463 482
464 482
466 482
467 482
470 482
471 482
473 482
476 482
477 482
478 482
479 482
480 482
461 483
464 483
465 483
466 483
467 483
468 483
469 483
470 483
471 483
472 483
473 483
476 483
477 483
478 483
479 483
480 483
461 484
463 484
467 484
468 484
472 484
476 484
477 484
478 484
480 484
462 485
464 485
466 485
469 485
470 485
472 485
474 485
477 485
461 486
463 486
464 486
465 486
466 486
468 486
469 486
471 486
472 486
473 486
475 486
477 486
479 486
480 486
464 487
466 487
468 487
476 487
478 487
480 487
463 488
464 488
466 488
467 488
468 488
469 488
470 488
471 488
472 488
474 488
476 488
477 488
479 488
480 488
462 489
463 489
464 489
470 489
474 489
477 489
478 489
480 489
461 490
462 490
463 490
468 490
473 490
475 490
477 490
478 490
479 490
461 491
465 491
466 491
467 491
468 491
473 491
475 491
476 491
477 491
480 491
463 492
468 492
469 492
471 492
473 492
475 492
479 492
461 493
464 493
465 493
472 493
473 493
475 493
477 493
480 493
463 494
467 494
469 494
470 494
476 494
462 495
464 495
467 495
470 495
474 495
475 495
462 496
464 496
465 496
466 496
467 496
469 496
470 496
471 496
474 496
475 496
478 496
480 496
461 497
466 497
467 497
469 497
471 497
473 497
475 497
479 497
462 498
463 498
465 498
466 498
467 498
468 498
470 498
471 498
472 498
474 498
476 498
477 498
478 498
479 498
462 499
463 499
464 499
466 499
467 499
469 499
470 499
474 499
475 499
477 499
479 499
464 500
466 500
467 500
468 500
469 500
471 500
474 500
475 500
476 500
479 500
481 501
482 501
483 501
485 501
487 501
488 501
490 501
495 501
497 501
498 501
500 501
482 502
483 502
484 502
487 502
488 502
489 502
490 502
492 502
495 502
497 502
498 502
500 502
481 503
484 503
485 503
486 503
488 503
490 503
491 503
496 503
499 503
500 503
481 504
482 504
483 504
484 504
485 504
486 504
488 504
489 504
490 504
492 504
493 504
494 504
495 504
498 504
499 504
483 505
484 505
490 505
491 505
492 505
493 505
494 505
495 505
497 505
499 505
500 505
481 506
486 506
488 506
489 506
490 506
491 506
492 506
494 506
496 506
497 506
498 506
500 506
481 507
483 507
485 507
486 507
490 507
491 507
492 507
494 507
495 507
499 507
481 508
482 508
484 508
485 508
487 508
492 508
494 508
495 508
496 508
498 508
499 508
482 509
483 509
485 509
487 509
492 509
493 509
495 509
496 509
497 509
500 509
481 510
483 510
485 510
487 510
490 510
492 510
493 510
494 510
495 510
496 510
497 510
498 510
500 510
481 511
483 511
484 511
485 511
487 511
488 511
491 511
493 511
494 511
495 511
496 511
497 511
498 511
499 511
500 511
486 512
490 512
492 512
493 512
495 512
496 512
499 512
481 513
482 513
483 513
491 513
495 513
496 513
500 513
482 514
484 514
485 514
487 514
489 514
490 514
492 514
494 514
500 514
482 515
484 515
485 515
486 515
487 515
488 515
490 515
493 515
495 515
497 515
481 516
482 516
483 516
484 516
485 516
486 516
488 516
489 516
495 516
496 516
497 516
499 516
486 517
487 517
497 517
498 517
483 518
486 518
487 518
488 518
489 518
492 518
494 518
495 518
497 518
499 518
500 518
484 519
485 519
486 519
488 519
489 519
490 519
491 519
492 519
500 519
482 520
484 520
485 520
486 520
487 520
489 520
491 520
492 520
493 520
495 520
498 520
499 520
501 521
503 521
504 521
505 521
507 521
512 521
513 521
515 521
516 521
517 521
520 521
502 522
504 522
509 522
510 522
512 522
513 522
514 522
517 522
502 523
503 523
504 523
509 523
510 523
512 523
513 523
516 523
501 524
502 524
503 524
506 524
510 524
512 524
507 525
509 525
510 525
512 525
513 525
514 525
516 525
519 525
520 525
501 526
502 526
503 526
506 526
508 526
509 526
511 526
512 526
513 526
514 526
517 526
518 526
519 526
520 526
501 527
502 527
504 527
505 527
508 527
510 527
512 527
514 527
517 527
518 527
519 527
520 527
501 528
506 528
508 528
509 528
510 528
512 528
513 528
514 528
515 528
518 528
520 528
502 529
503 529
507 529
508 529
509 529
511 529
512 529
513 529
516 529
517 529
518 529
519 529
520 529
501 530
503 530
504 530
505 530
506 530
511 530
512 530
513 530
514 530
516 530
517 530
518 530
520 530
504 531
507 531
508 531
511 531
512 531
513 531
514 531
516 531
517 531
519 531
502 532
505 532
509 532
510 532
513 532
514 532
515 532
516 532
504 533
508 533
509 533
514 533
515 533
516 533
517 533
518 533
519 533
503 534
507 534
513 534
515 534
519 534
520 534
503 535
506 535
508 535
511 535
512 535
515 535
518 535
520 535
501 536
502 536
503 536
504 536
506 536
508 536
509 536
511 536
513 536
514 536
515 536
516 536
517 536
520 536
501 537
503 537
504 537
505 537
508 537
509 537
510 537
511 537
513 537
514 537
516 537
518 537
520 537
501 538
506 538
508 538
515 538
516 538
518 538
501 539
502 539
503 539
504 539
505 539
508 539
510 539
511 539
512 539
513 539
514 539
515 539
516 539
517 539
518 539
519 539
520 539
501 540
502 540
506 540
509 540
511 540
513 540
515 540
516 540
518 540
520 540
522 541
523 541
526 541
527 541
528 541
532 541
533 541
534 541
535 541
536 541
537 541
523 542
527 542
528 542
531 542
532 542
533 542
534 542
535 542
536 542
539 542
540 542
522 543
524 543
525 543
527 543
528 543
522 544
523 544
525 544
530 544
532 544
534 544
536 544
537 544
539 544
521 545
524 545
525 545
526 545
528 545
532 545
533 545
535 545
536 545
537 545
523 546
529 546
530 546
537 546
539 546
540 546
522 547
523 547
524 547
526 547
528 547
529 547
533 547
535 547
537 547
538 547
521 548
522 548
524 548
525 548
526 548
529 548
533 548
534 548
537 548
538 548
539 548
521 549
523 549
524 549
525 549
528 549
529 549
531 549
533 549
534 549
535 549
536 549
537 549
539 549
521 550
523 550
524 550
525 550
528 550
530 550
533 550
536 550
537 550
539 550
540 550
523 551
524 551
525 551
526 551
528 551
529 551
530 551
531 551
533 551
534 551
535 551
537 551
538 551
522 552
523 552
524 552
525 552
526 552
529 552
530 552
532 552
536 552
538 552
521 553
522 553
523 553
525 553
527 553
528 553
533 553
534 553
536 553
540 553
521 554
522 554
525 554
526 554
527 554
528 554
530 554
533 554
534 554
521 555
522 555
524 555
525 555
526 555
527 555
528 555
529 555
532 555
533 555
535 555
536 555
539 555
540 555
525 556
526 556
529 556
530 556
531 556
533 556
535 556
537 556
538 556
539 556
540 556
522 557
527 557
530 557
531 557
532 557
533 557
534 557
535 557
536 557
537 557
538 557
539 557
524 558
527 558
530 558
532 558
538 558
539 558
522 559
523 559
524 559
525 559
527 559
529 559
530 559
531 559
535 559
522 560
523 560
524 560
527 560
528 560
529 560
536 560
537 560
538 560
539 560
540 560
543 561
549 561
552 561
553 561
556 561
558 561
559 561
542 562
543 562
544 562
546 562
551 562
553 562
555 562
556 562
558 562
559 562
560 562
541 563
546 563
549 563
551 563
553 563
555 563
541 564
542 564
544 564
547 564
550 564
551 564
552 564
554 564
543 565
549 565
550 565
551 565
552 565
553 565
554 565
556 565
559 565
560 565
541 566
542 566
543 566
544 566
546 566
549 566
551 566
554 566
556 566
557 566
558 566
559 566
542 567
545 567
546 567
547 567
550 567
551 567
552 567
555 567
556 567
558 567
560 567
541 568
542 568
543 568
545 568
546 568
547 568
549 568
552 568
554 568
555 568
556 568
557 568
559 568
541 569
542 569
544 569
545 569
549 569
551 569
552 569
553 569
555 569
556 569
558 569
559 569
560 569
543 570
545 570
546 570
547 570
549 570
550 570
557 570
559 570
560 570
541 571
545 571
550 571
551 571
554 571
556 571
557 571
558 571
560 571
541 572
542 572
544 572
548 572
549 572
550 572
553 572
554 572
555 572
556 572
557 572
560 572
541 573
542 573
543 573
546 573
548 573
550 573
552 573
553 573
558 573
559 573
542 574
543 574
544 574
546 574
549 574
553 574
554 574
555 574
556 574
557 574
544 575
545 575
547 575
549 575
555 575
557 575
541 576
544 576
549 576
550 576
552 576
553 576
555 576
557 576
558 576
541 577
543 577
544 577
546 577
548 577
554 577
542 578
543 578
544 578
545 578
548 578
550 578
551 578
552 578
558 578
541 579
542 579
544 579
548 579
550 579
551 579
553 579
554 579
556 579
560 579
541 580
543 580
545 580
546 580
547 580
548 580
550 580
551 580
555 580
558 580
559 580
561 581
565 581
569 581
570 581
574 581
575 581
578 581
580 581
569 582
573 582
575 582
577 582
578 582
561 583
565 583
569 583
571 583
576 583
578 583
579 583
561 584
563 584
564 584
565 584
567 584
570 584
574 584
575 584
578 584
580 584
562 585
564 585
565 585
567 585
571 585
576 585
578 585
579 585
580 585
563 586
564 586
565 586
566 586
568 586
569 586
570 586
572 586
574 586
575 586
576 586
577 586
578 586
579 586
580 586
563 587
564 587
565 587
566 587
571 587
575 587
577 587
579 587
580 587
563 588
565 588
566 588
569 588
570 588
571 588
572 588
573 588
575 588
576 588
577 588
578 588
580 588
562 589
563 589
564 589
566 589
567 589
570 589
573 589
577 589
578 589
561 590
562 590
563 590
564 590
565 590
566 590
567 590
569 590
572 590
574 590
575 590
579 590
563 591
564 591
569 591
570 591
572 591
578 591
579 591
580 591
562 592
565 592
566 592
567 592
571 592
572 592
573 592
574 592
575 592
576 592
577 592
578 592
579 592
561 593
562 593
563 593
568 593
570 593
572 593
574 593
576 593
577 593
578 593
579 593
563 594
565 594
567 594
570 594
571 594
572 594
573 594
574 594
575 594
576 594
577 594
578 594
579 594
580 594
561 595
562 595
564 595
565 595
567 595
568 595
569 595
573 595
576 595
578 595
579 595
561 596
562 596
564 596
565 596
566 596
568 596
570 596
571 596
573 596
575 596
578 596
580 596
562 597
563 597
565 597
567 597
569 597
571 597
575 597
576 597
578 597
579 597
580 597
561 598
563 598
567 598
569 598
571 598
572 598
574 598
576 598
577 598
578 598
579 598
580 598
561 599
562 599
567 599
568 599
569 599
572 599
574 599
575 599
578 599
579 599
561 600
563 600
564 600
565 600
566 600
568 600
569 600
570 600
571 600
573 600
577 600
579 600
582 601
583 601
588 601
589 601
590 601
591 601
595 601
596 601
597 601
598 601
600 601
581 602
582 602
583 602
584 602
586 602
589 602
591 602
593 602
596 602
597 602
598 602
599 602
600 602
583 603
584 603
586 603
587 603
590 603
592 603
595 603
597 603
598 603
600 603
581 604
583 604
584 604
585 604
587 604
590 604
595 604
596 604
597 604
598 604
600 604
582 605
583 605
584 605
585 605
587 605
589 605
590 605
591 605
596 605
597 605
599 605
600 605
582 606
585 606
587 606
589 606
592 606
594 606
595 606
598 606
600 606
581 607
582 607
583 607
584 607
585 607
586 607
587 607
589 607
591 607
596 607
600 607
581 608
583 608
586 608
587 608
588 608
589 608
592 608
593 608
595 608
596 608
598 608
599 608
581 609
583 609
584 609
585 609
586 609
591 609
592 609
593 609
595 609
597 609
598 609
599 609
600 609
583 610
584 610
587 610
592 610
593 610
598 610
583 611
584 611
585 611
587 611
590 611
592 611
596 611
600 611
583 612
586 612
587 612
590 612
591 612
592 612
593 612
594 612
595 612
596 612
599 612
600 612
583 613
584 613
586 613
587 613
592 613
594 613
596 613
597 613
598 613
581 614
582 614
584 614
585 614
589 614
590 614
591 614
594 614
596 614
597 614
598 614
600 614
581 615
585 615
587 615
591 615
592 615
596 615
597 615
599 615
581 616
583 616
584 616
587 616
588 616
591 616
593 616
594 616
597 616
599 616
600 616
584 617
585 617
586 617
587 617
588 617
590 617
593 617
597 617
581 618
582 618
583 618
584 618
586 618
587 618
590 618
592 618
593 618
594 618
595 618
596 618
600 618
582 619
585 619
587 619
588 619
590 619
591 619
597 619
599 619
584 620
586 620
588 620
590 620
592 620
595 620
600 620
602 621
603 621
605 621
606 621
607 621
608 621
609 621
611 621
614 621
616 621
617 621
602 622
604 622
606 622
607 622
611 622
613 622
615 622
616 622
618 622
620 622
603 623
604 623
605 623
607 623
615 623
616 623
619 623
601 624
602 624
604 624
605 624
607 624
608 624
610 624
611 624
615 624
618 624
619 624
601 625
606 625
607 625
608 625
609 625
610 625
612 625
613 625
614 625
617 625
603 626
606 626
609 626
611 626
613 626
614 626
616 626
618 626
619 626
601 627
604 627
606 627
609 627
612 627
614 627
615 627
616 627
617 627
618 627
602 628
604 628
609 628
613 628
615 628
617 628
618 628
604 629
605 629
606 629
607 629
608 629
609 629
610 629
611 629
613 629
615 629
617 629
618 629
619 629
620 629
602 630
603 630
608 630
609 630
612 630
613 630
614 630
616 630
617 630
620 630
601 631
602 631
603 631
604 631
605 631
607 631
608 631
609 631
615 631
617 631
618 631
619 631
602 632
604 632
606 632
607 632
609 632
613 632
615 632
616 632
617 632
618 632
619 632
602 633
604 633
605 633
610 633
614 633
616 633
618 633
619 633
620 633
601 634
605 634
607 634
608 634
615 634
616 634
618 634
619 634
602 635
603 635
606 635
607 635
608 635
601 636
602 636
603 636
604 636
605 636
607 636
609 636
611 636
616 636
617 636
619 636
620 636
603 637
608 637
610 637
611 637
612 637
613 637
614 637
615 637
617 637
618 637
602 638
603 638
604 638
608 638
609 638
610 638
611 638
612 638
613 638
614 638
617 638
619 638
620 638
601 639
603 639
604 639
606 639
607 639
608 639
609 639
610 639
611 639
613 639
614 639
616 639
617 639
618 639
601 640
604 640
606 640
608 640
609 640
611 640
613 640
614 640
615 640
617 640
618 640
620 640
621 641
622 641
623 641
625 641
631 641
632 641
635 641
638 641
621 642
629 642
631 642
633 642
634 642
636 642
637 642
638 642
639 642
625 643
626 643
627 643
628 643
629 643
631 643
632 643
636 643
637 643
638 643
623 644
630 644
631 644
633 644
634 644
635 644
622 645
623 645
625 645
629 645
631 645
633 645
635 645
636 645
637 645
638 645
639 645
640 645
621 646
625 646
629 646
630 646
632 646
634 646
635 646
621 647
625 647
627 647
629 647
630 647
632 647
634 647
635 647
637 647
638 647
639 647
621 648
622 648
623 648
624 648
626 648
627 648
628 648
631 648
636 648
637 648
638 648
623 649
627 649
628 649
629 649
633 649
634 649
636 649
639 649
640 649
623 650
626 650
627 650
628 650
630 650
633 650
635 650
637 650
638 650
639 650
640 650
621 651
622 651
623 651
624 651
626 651
627 651
629 651
633 651
634 651
637 651
621 652
623 652
624 652
625 652
626 652
631 652
633 652
634 652
636 652
638 652
623 653
624 653
629 653
633 653
634 653
623 654
624 654
626 654
627 654
628 654
629 654
631 654
632 654
634 654
637 654
638 654
640 654
621 655
622 655
624 655
631 655
634 655
635 655
639 655
621 656
624 656
628 656
629 656
630 656
631 656
632 656
633 656
634 656
635 656
636 656
637 656
638 656
623 657
624 657
627 657
629 657
631 657
632 657
636 657
637 657
638 657
639 657
621 658
626 658
627 658
629 658
630 658
631 658
632 658
633 658
636 658
637 658
621 659
622 659
628 659
629 659
630 659
631 659
633 659
638 659
639 659
625 660
627 660
628 660
632 660
634 660
635 660
638 660
639 660
640 660
643 661
645 661
646 661
647 661
648 661
650 661
651 661
652 661
653 661
655 661
656 661
657 661
658 661
659 661
660 661
642 662
644 662
647 662
649 662
650 662
651 662
653 662
654 662
655 662
657 662
660 662
642 663
643 663
647 663
649 663
650 663
651 663
654 663
657 663
658 663
659 663
660 663
641 664
642 664
643 664
648 664
651 664
652 664
653 664
654 664
657 664
658 664
641 665
642 665
643 665
644 665
645 665
649 665
651 665
653 665
656 665
659 665
641 666
645 666
648 666
650 666
652 666
653 666
654 666
655 666
656 666
657 666
658 666
659 666
641 667
642 667
646 667
651 667
652 667
655 667
657 667
659 667
641 668
642 668
643 668
644 668
645 668
646 668
647 668
650 668
652 668
654 668
655 668
656 668
657 668
641 669
643 669
645 669
652 669
653 669
654 669
657 669
660 669
641 670
642 670
643 670
644 670
645 670
646 670
649 670
651 670
652 670
653 670
655 670
657 670
658 670
659 670
646 671
647 671
648 671
650 671
651 671
653 671
656 671
659 671
642 672
644 672
651 672
652 672
653 672
655 672
658 672
659 672
641 673
642 673
644 673
646 673
650 673
651 673
652 673
655 673
656 673
657 673
658 673
659 673
641 674
642 674
643 674
645 674
647 674
650 674
651 674
652 674
653 674
657 674
659 674
660 674
641 675
642 675
643 675
644 675
645 675
646 675
650 675
653 675
655 675
659 675
643 676
644 676
645 676
647 676
649 676
650 676
652 676
655 676
658 676
659 676
641 677
644 677
647 677
649 677
652 677
653 677
654 677
655 677
657 677
658 677
659 677
641 678
642 678
643 678
647 678
648 678
651 678
654 678
641 679
642 679
645 679
647 679
648 679
650 679
655 679
657 679
659 679
660 679
642 680
643 680
644 680
646 680
651 680
654 680
658 680
663 681
664 681
668 681
671 681
675 681
677 681
678 681
680 681
661 682
662 682
664 682
669 682
671 682
674 682
675 682
676 682
677 682
678 682
680 682
661 683
663 683
666 683
667 683
673 683
674 683
675 683
676 683
678 683
680 683
664 684
666 684
668 684
669 684
670 684
671 684
672 684
674 684
677 684
678 684
679 684
661 685
663 685
666 685
669 685
670 685
672 685
677 685
680 685
662 686
663 686
664 686
670 686
672 686
674 686
676 686
680 686
663 687
665 687
668 687
670 687
672 687
674 687
680 687
661 688
662 688
663 688
664 688
667 688
671 688
673 688
674 688
675 688
676 688
679 688
680 688
661 689
662 689
666 689
667 689
670 689
672 689
674 689
663 690
664 690
665 690
668 690
669 690
670 690
671 690
672 690
677 690
679 690
680 690
661 691
664 691
666 691
668 691
669 691
670 691
671 691
672 691
673 691
675 691
661 692
664 692
665 692
666 692
667 692
668 692
671 692
673 692
677 692
679 692
680 692
662 693
664 693
667 693
668 693
670 693
674 693
675 693
678 693
679 693
680 693
662 694
670 694
671 694
672 694
673 694
676 694
678 694
663 695
664 695
668 695
670 695
671 695
675 695
676 695
680 695
663 696
664 696
665 696
666 696
668 696
672 696
676 696
678 696
679 696
680 696
665 697
666 697
669 697
671 697
672 697
673 697
674 697
676 697
677 697
678 697
661 698
667 698
668 698
671 698
674 698
675 698
677 698
678 698
679 698
680 698
663 699
666 699
667 699
669 699
670 699
671 699
675 699
678 699
680 699
661 700
662 700
663 700
664 700
666 700
667 700
669 700
671 700
673 700
676 700
681 701
682 701
684 701
686 701
687 701
688 701
689 701
691 701
695 701
696 701
699 701
700 701
682 702
683 702
684 702
686 702
689 702
690 702
691 702
693 702
698 702
699 702
682 703
683 703
684 703
685 703
688 703
689 703
691 703
694 703
695 703
697 703
699 703
700 703
681 704
682 704
686 704
688 704
689 704
691 704
695 704
699 704
700 704
683 705
684 705
685 705
686 705
688 705
689 705
690 705
692 705
693 705
695 705
696 705
698 705
699 705
683 706
686 706
687 706
689 706
690 706
691 706
693 706
695 706
697 706
700 706
684 707
687 707
688 707
689 707
692 707
694 707
696 707
698 707
700 707
681 708
682 708
685 708
688 708
689 708
692 708
693 708
694 708
695 708
697 708
700 708
681 709
684 709
685 709
688 709
689 709
690 709
691 709
694 709
695 709
698 709
699 709
682 710
683 710
684 710
685 710
688 710
690 710
694 710
695 710
696 710
697 710
681 711
684 711
685 711
688 711
689 711
690 711
693 711
694 711
698 711
699 711
700 711
681 712
682 712
683 712
684 712
685 712
686 712
689 712
690 712
691 712
695 712
696 712
697 712
699 712
681 713
682 713
685 713
686 713
687 713
690 713
692 713
693 713
697 713
699 713
700 713
685 714
690 714
692 714
695 714
697 714
698 714
699 714
685 715
686 715
691 715
698 715
699 715
700 715
683 716
684 716
686 716
688 716
692 716
698 716
699 716
700 716
681 717
684 717
685 717
686 717
687 717
689 717
692 717
694 717
695 717
697 717
698 717
699 717
681 718
683 718
685 718
687 718
688 718
689 718
692 718
693 718
695 718
696 718
698 718
681 719
682 719
684 719
686 719
687 719
689 719
690 719
691 719
694 719
695 719
698 719
699 719
700 719
681 720
684 720
685 720
687 720
691 720
692 720
696 720
701 721
702 721
703 721
706 721
707 721
708 721
709 721
711 721
712 721
713 721
714 721
715 721
718 721
720 721
702 722
704 722
705 722
706 722
707 722
712 722
713 722
714 722
715 722
716 722
719 722
720 722
701 723
702 723
703 723
704 723
705 723
706 723
707 723
709 723
710 723
716 723
717 723
719 723
720 723
702 724
703 724
704 724
705 724
706 724
711 724
713 724
714 724
718 724
702 725
703 725
705 725
708 725
709 725
710 725
711 725
712 725
713 725
714 725
715 725
718 725
720 725
702 726
706 726
708 726
710 726
711 726
713 726
717 726
719 726
720 726
701 727
703 727
704 727
705 727
706 727
709 727
711 727
712 727
713 727
714 727
718 727
719 727
720 727
703 728
705 728
707 728
708 728
710 728
711 728
714 728
715 728
716 728
717 728
720 728
702 729
705 729
708 729
710 729
712 729
716 729
701 730
702 730
707 730
708 730
709 730
710 730
712 730
713 730
714 730
715 730
717 730
718 730
720 730
706 731
707 731
709 731
710 731
712 731
713 731
717 731
719 731
720 731
704 732
705 732
706 732
708 732
710 732
712 732
715 732
718 732
719 732
720 732
701 733
703 733
706 733
708 733
709 733
710 733
712 733
715 733
702 734
703 734
704 734
706 734
707 734
709 734
712 734
713 734
703 735
707 735
709 735
710 735
714 735
715 735
719 735
701 736
702 736
706 736
707 736
712 736
713 736
715 736
719 736
701 737
704 737
706 737
708 737
710 737
713 737
717 737
718 737
720 737
703 738
707 738
708 738
709 738
710 738
711 738
714 738
715 738
719 738
720 738
702 739
703 739
704 739
705 739
707 739
709 739
710 739
711 739
712 739
714 739
717 739
719 739
720 739
702 740
705 740
708 740
712 740
713 740
715 740
718 740
720 740
724 741
725 741
726 741
729 741
732 741
733 741
734 741
735 741
737 741
739 741
740 741
721 742
723 742
726 742
727 742
728 742
729 742
733 742
736 742
738 742
740 742
721 743
723 743
724 743
726 743
727 743
731 743
732 743
735 743
736 743
737 743
739 743
740 743
725 744
726 744
730 744
731 744
737 744
738 744
739 744
723 745
724 745
729 745
731 745
732 745
733 745
734 745
737 745
738 745
723 746
724 746
726 746
733 746
734 746
736 746
737 746
739 746
721 747
722 747
727 747
728 747
729 747
733 747
738 747
739 747
740 747
721 748
722 748
723 748
725 748
726 748
728 748
734 748
736 748
739 748
740 748
721 749
722 749
723 749
726 749
728 749
729 749
732 749
735 749
736 749
737 749
738 749
739 749
740 749
724 750
725 750
726 750
730 750
733 750
735 750
736 750
737 750
738 750
721 751
722 751
724 751
726 751
727 751
729 751
730 751
731 751
732 751
733 751
734 751
736 751
740 751
721 752
722 752
724 752
725 752
726 752
729 752
734 752
735 752
736 752
737 752
738 752
739 752
740 752
723 753
725 753
726 753
729 753
731 753
733 753
735 753
737 753
739 753
740 753
721 754
726 754
727 754
731 754
735 754
736 754
737 754
738 754
739 754
721 755
722 755
725 755
729 755
733 755
734 755
738 755
739 755
722 756
724 756
725 756
728 756
730 756
732 756
734 756
735 756
736 756
738 756
739 756
722 757
723 757
724 757
726 757
727 757
729 757
735 757
737 757
738 757
722 758
723 758
725 758
726 758
729 758
732 758
733 758
734 758
735 758
738 758
739 758
740 758
721 759
722 759
724 759
725 759
726 759
727 759
729 759
730 759
732 759
733 759
734 759
735 759
737 759
721 760
723 760
725 760
726 760
727 760
729 760
730 760
733 760
738 760
740 760
742 761
743 761
744 761
745 761
746 761
747 761
748 761
749 761
751 761
754 761
755 761
756 761
758 761
759 761
741 762
742 762
743 762
744 762
746 762
748 762
749 762
753 762
755 762
756 762
759 762
760 762
741 763
742 763
745 763
746 763
748 763
751 763
752 763
753 763
754 763
755 763
756 763
757 763
743 764
746 764
747 764
748 764
752 764
753 764
755 764
756 764
757 764
741 765
745 765
746 765
747 765
748 765
749 765
752 765
754 765
756 765
758 765
741 766
742 766
744 766
745 766
746 766
747 766
751 766
753 766
757 766
759 766
741 767
744 767
745 767
746 767
747 767
748 767
749 767
750 767
751 767
753 767
756 767
758 767
743 768
744 768
747 768
748 768
749 768
752 768
754 768
755 768
757 768
741 769
744 769
745 769
748 769
749 769
751 769
759 769
742 770
749 770
750 770
751 770
752 770
753 770
754 770
755 770
756 770
757 770
759 770
760 770
741 771
745 771
752 771
754 771
755 771
743 772
744 772
745 772
746 772
747 772
749 772
750 772
751 772
753 772
755 772
758 772
760 772
741 773
742 773
743 773
746 773
749 773
751 773
754 773
756 773
759 773
741 774
744 774
748 774
750 774
752 774
756 774
757 774
758 774
759 774
760 774
742 775
743 775
744 775
747 775
748 775
749 775
752 775
754 775
755 775
756 775
757 775
741 776
742 776
743 776
744 776
745 776
748 776
749 776
751 776
752 776
753 776
755 776
756 776
757 776
758 776
759 776
742 777
745 777
746 777
748 777
749 777
751 777
753 777
754 777
755 777
757 777
758 777
743 778
745 778
746 778
747 778
749 778
750 778
752 778
753 778
754 778
755 778
756 778
758 778
760 778
741 779
742 779
744 779
747 779
751 779
752 779
753 779
754 779
758 779
760 779
742 780
743 780
744 780
746 780
749 780
750 780
751 780
752 780
753 780
755 780
756 780
757 780
760 780
761 781
762 781
764 781
765 781
771 781
774 781
776 781
777 781
778 781
779 781
780 781
761 782
762 782
764 782
765 782
766 782
767 782
768 782
772 782
775 782
779 782
780 782
762 783
763 783
764 783
767 783
768 783
771 783
773 783
774 783
776 783
777 783
779 783
763 784
765 784
771 784
776 784
778 784
779 784
761 785
763 785
767 785
769 785
771 785
772 785
773 785
774 785
776 785
777 785
761 786
762 786
763 786
767 786
769 786
771 786
772 786
773 786
774 786
775 786
777 786
778 786
780 786
763 787
765 787
767 787
768 787
769 787
771 787
773 787
778 787
779 787
780 787
762 788
767 788
768 788
769 788
772 788
774 788
775 788
776 788
778 788
761 789
765 789
770 789
771 789
772 789
773 789
774 789
775 789
776 789
778 789
780 789
763 790
765 790
766 790
767 790
769 790
774 790
778 790
779 790
780 790
762 791
763 791
764 791
768 791
774 791
776 791
777 791
779 791
780 791
761 792
767 792
771 792
772 792
774 792
775 792
777 792
779 792
761 793
762 793
764 793
765 793
767 793
768 793
769 793
771 793
772 793
774 793
775 793
776 793
764 794
766 794
769 794
770 794
772 794
775 794
776 794
778 794
779 794
761 795
765 795
768 795
770 795
771 795
772 795
775 795
776 795
777 795
779 795
780 795
763 796
764 796
766 796
771 796
772 796
780 796
761 797
762 797
763 797
767 797
771 797
772 797
773 797
774 797
778 797
761 798
764 798
769 798
770 798
771 798
773 798
776 798
779 798
780 798
761 799
763 799
765 799
766 799
768 799
769 799
770 799
771 799
774 799
775 799
778 799
780 799
762 800
763 800
765 800
766 800
770 800
774 800
777 800
781 801
784 801
785 801
786 801
789 801
790 801
792 801
793 801
794 801
796 801
797 801
799 801
781 802
783 802
787 802
788 802
790 802
792 802
793 802
796 802
797 802
798 802
781 803
785 803
787 803
788 803
793 803
782 804
783 804
784 804
785 804
786 804
790 804
792 804
793 804
794 804
798 804
799 804
800 804
781 805
783 805
784 805
785 805
786 805
787 805
789 805
790 805
792 805
793 805
794 805
796 805
797 805
798 805
781 806
783 806
785 806
786 806
788 806
789 806
792 806
793 806
796 806
798 806
800 806
781 807
783 807
784 807
786 807
787 807
790 807
793 807
794 807
796 807
797 807
800 807
782 808
787 808
788 808
789 808
790 808
793 808
794 808
795 808
796 808
797 808
798 808
799 808
800 808
783 809
784 809
789 809
790 809
792 809
793 809
796 809
800 809
788 810
789 810
790 810
798 810
782 811
784 811
785 811
786 811
787 811
789 811
793 811
794 811
800 811
782 812
785 812
786 812
787 812
788 812
791 812
792 812
793 812
794 812
796 812
797 812
798 812
799 812
785 813
786 813
788 813
792 813
794 813
796 813
799 813
800 813
782 814
783 814
788 814
792 814
794 814
796 814
799 814
800 814
785 815
786 815
788 815
791 815
793 815
797 815
799 815
800 815
781 816
782 816
783 816
786 816
787 816
788 816
789 816
790 816
793 816
794 816
797 816
785 817
786 817
787 817
788 817
790 817
792 817
793 817
794 817
795 817
796 817
799 817
785 818
786 818
789 818
790 818
791 818
792 818
795 818
796 818
798 818
781 819
782 819
783 819
784 819
785 819
791 819
792 819
793 819
794 819
796 819
798 819
800 819
783 820
785 820
787 820
790 820
791 820
792 820
795 820
796 820
798 820
799 820
801 821
802 821
803 821
805 821
806 821
807 821
808 821
809 821
810 821
812 821
814 821
805 822
807 822
808 822
810 822
811 822
814 822
815 822
817 822
818 822
819 822
820 822
801 823
802 823
803 823
805 823
807 823
808 823
811 823
812 823
813 823
814 823
816 823
817 823
801 824
802 824
805 824
807 824
808 824
809 824
812 824
814 824
815 824
817 824
820 824
802 825
803 825
804 825
806 825
808 825
810 825
811 825
814 825
815 825
818 825
819 825
820 825
802 826
803 826
805 826
809 826
810 826
812 826
818 826
802 827
804 827
805 827
806 827
808 827
810 827
811 827
817 827
819 827
820 827
801 828
802 828
804 828
805 828
806 828
807 828
812 828
813 828
814 828
815 828
817 828
818 828
820 828
801 829
802 829
803 829
806 829
808 829
809 829
810 829
811 829
814 829
815 829
816 829
818 829
819 829
820 829
801 830
802 830
803 830
809 830
811 830
812 830
813 830
814 830
815 830
816 830
817 830
819 830
801 831
803 831
805 831
806 831
807 831
809 831
811 831
815 831
816 831
818 831
819 831
801 832
802 832
811 832
812 832
813 832
815 832
817 832
818 832
802 833
803 833
804 833
807 833
809 833
810 833
813 833
819 833
801 834
802 834
803 834
804 834
806 834
807 834
808 834
816 834
819 834
801 835
802 835
803 835
810 835
812 835
813 835
818 835
819 835
802 836
804 836
808 836
809 836
810 836
815 836
816 836
817 836
818 836
801 837
802 837
803 837
804 837
805 837
806 837
807 837
810 837
812 837
813 837
817 837
801 838
802 838
804 838
807 838
809 838
810 838
812 838
814 838
817 838
801 839
803 839
808 839
810 839
811 839
813 839
815 839
817 839
819 839
804 840
807 840
810 840
811 840
812 840
814 840
818 840
825 841
826 841
827 841
830 841
831 841
832 841
834 841
835 841
836 841
838 841
840 841
826 842
827 842
828 842
833 842
834 842
835 842
837 842
838 842
839 842
840 842
822 843
823 843
825 843
827 843
828 843
829 843
831 843
833 843
834 843
836 843
840 843
821 844
823 844
824 844
826 844
828 844
829 844
833 844
834 844
839 844
840 844
821 845
822 845
823 845
824 845
825 845
826 845
829 845
830 845
831 845
832 845
833 845
837 845
838 845
839 845
840 845
821 846
822 846
824 846
827 846
828 846
829 846
830 846
831 846
832 846
834 846
838 846
839 846
840 846
822 847
825 847
828 847
829 847
830 847
831 847
833 847
834 847
837 847
838 847
839 847
821 848
823 848
824 848
826 848
828 848
830 848
831 848
832 848
833 848
835 848
837 848
838 848
839 848
840 848
822 849
823 849
827 849
828 849
829 849
830 849
833 849
835 849
837 849
840 849
821 850
822 850
824 850
830 850
831 850
836 850
837 850
821 851
823 851
824 851
827 851
833 851
835 851
838 851
839 851
840 851
821 852
822 852
828 852
830 852
834 852
835 852
838 852
824 853
825 853
827 853
828 853
835 853
839 853
840 853
821 854
823 854
825 854
826 854
827 854
829 854
834 854
835 854
836 854
839 854
840 854
822 855
825 855
826 855
828 855
832 855
834 855
839 855
822 856
824 856
825 856
827 856
828 856
829 856
830 856
833 856
835 856
838 856
839 856
840 856
821 857
822 857
823 857
824 857
825 857
829 857
830 857
832 857
834 857
836 857
838 857
840 857
821 858
823 858
824 858
825 858
826 858
828 858
829 858
832 858
834 858
835 858
836 858
837 858
838 858
840 858
824 859
825 859
826 859
829 859
833 859
834 859
835 859
836 859
839 859
821 860
822 860
823 860
824 860
825 860
826 860
827 860
828 860
830 860
833 860
835 860
839 860
840 860
841 861
842 861
843 861
844 861
845 861
846 861
847 861
850 861
852 861
853 861
854 861
855 861
856 861
842 862
845 862
846 862
849 862
850 862
852 862
854 862
855 862
857 862
860 862
844 863
846 863
847 863
849 863
851 863
852 863
854 863
855 863
856 863
857 863
858 863
859 863
845 864
848 864
849 864
850 864
851 864
853 864
854 864
855 864
859 864
843 865
845 865
846 865
850 865
851 865
852 865
853 865
854 865
856 865
857 865
859 865
860 865
841 866
843 866
845 866
847 866
849 866
851 866
852 866
854 866
855 866
857 866
859 866
841 867
845 867
846 867
849 867
853 867
854 867
841 868
843 868
845 868
846 868
848 868
850 868
851 868
855 868
860 868
841 869
842 869
843 869
844 869
845 869
847 869
850 869
851 869
853 869
856 869
841 870
843 870
846 870
848 870
849 870
851 870
852 870
853 870
855 870
856 870
858 870
859 870
842 871
843 871
844 871
845 871
847 871
850 871
851 871
852 871
854 871
856 871
857 871
858 871
860 871
846 872
847 872
851 872
854 872
855 872
857 872
858 872
860 872
843 873
844 873
846 873
848 873
850 873
857 873
858 873
859 873
841 874
842 874
845 874
847 874
848 874
849 874
852 874
859 874
841 875
842 875
846 875
848 875
855 875
860 875
844 876
845 876
846 876
848 876
852 876
859 876
841 877
843 877
847 877
849 877
851 877
853 877
854 877
856 877
845 878
846 878
847 878
848 878
849 878
851 878
853 878
854 878
855 878
857 878
858 878
841 879
842 879
846 879
848 879
849 879
850 879
851 879
852 879
853 879
856 879
860 879
841 880
842 880
843 880
847 880
850 880
852 880
854 880
855 880
859 880
861 881
865 881
866 881
867 881
868 881
869 881
870 881
871 881
872 881
877 881
878 881
880 881
861 882
863 882
865 882
867 882
869 882
872 882
876 882
878 882
861 883
866 883
868 883
874 883
878 883
879 883
861 884
862 884
863 884
865 884
867 884
869 884
870 884
871 884
872 884
879 884
880 884
863 885
865 885
867 885
868 885
869 885
870 885
871 885
877 885
878 885
880 885
862 886
863 886
865 886
866 886
869 886
870 886
872 886
874 886
879 886
880 886
861 887
862 887
863 887
865 887
866 887
867 887
868 887
869 887
870 887
871 887
873 887
879 887
863 888
864 888
865 888
866 888
868 888
869 888
871 888
873 888
876 888
878 888
879 888
880 888
864 889
865 889
867 889
869 889
874 889
879 889
880 889
861 890
863 890
864 890
866 890
870 890
871 890
873 890
874 890
877 890
880 890
862 891
864 891
865 891
870 891
872 891
873 891
874 891
875 891
876 891
877 891
879 891
880 891
861 892
864 892
865 892
866 892
868 892
874 892
876 892
877 892
861 893
865 893
866 893
867 893
869 893
870 893
871 893
872 893
874 893
875 893
878 893
880 893
861 894
867 894
873 894
875 894
877 894
879 894
864 895
866 895
867 895
868 895
870 895
871 895
876 895
877 895
864 896
867 896
869 896
870 896
871 896
872 896
873 896
874 896
876 896
878 896
880 896
862 897
865 897
866 897
868 897
870 897
875 897
876 897
877 897
880 897
864 898
866 898
867 898
869 898
870 898
872 898
873 898
875 898
876 898
879 898
880 898
867 899
869 899
870 899
871 899
872 899
876 899
878 899
880 899
861 900
862 900
865 900
867 900
870 900
872 900
874 900
875 900
876 900
877 900
879 900
880 900
881 901
882 901
883 901
888 901
889 901
890 901
891 901
892 901
894 901
895 901
881 902
883 902
884 902
886 902
889 902
890 902
891 902
892 902
894 902
895 902
900 902
883 903
885 903
890 903
893 903
895 903
898 903
899 903
881 904
883 904
889 904
890 904
891 904
892 904
895 904
897 904
898 904
900 904
881 905
882 905
884 905
885 905
887 905
891 905
892 905
894 905
895 905
896 905
898 905
881 906
882 906
885 906
890 906
891 906
894 906
895 906
896 906
898 906
899 906
900 906
881 907
882 907
887 907
888 907
890 907
892 907
896 907
898 907
900 907
882 908
885 908
890 908
891 908
893 908
895 908
897 908
881 909
883 909
884 909
890 909
892 909
895 909
897 909
883 910
885 910
886 910
890 910
892 910
893 910
894 910
895 910
900 910
881 911
885 911
886 911
887 911
888 911
891 911
892 911
894 911
895 911
896 911
898 911
899 911
900 911
882 912
883 912
884 912
885 912
886 912
887 912
889 912
891 912
895 912
881 913
882 913
885 913
886 913
888 913
889 913
890 913
895 913
898 913
899 913
900 913
882 914
883 914
885 914
887 914
888 914
890 914
892 914
894 914
895 914
897 914
898 914
899 914
900 914
886 915
887 915
888 915
889 915
894 915
895 915
897 915
898 915
881 916
883 916
885 916
886 916
887 916
888 916
889 916
890 916
891 916
893 916
894 916
895 916
896 916
897 916
898 916
900 916
883 917
889 917
890 917
893 917
894 917
899 917
900 917
882 918
883 918
884 918
886 918
888 918
889 918
890 918
892 918
893 918
896 918
897 918
898 918
900 918
881 919
889 919
891 919
894 919
896 919
900 919
881 920
882 920
886 920
890 920
892 920
893 920
896 920
897 920
898 920
899 920
903 921
904 921
905 921
908 921
909 921
910 921
914 921
916 921
919 921
920 921
901 922
904 922
905 922
908 922
909 922
911 922
912 922
913 922
917 922
918 922
920 922
901 923
904 923
907 923
909 923
911 923
914 923
917 923
918 923
919 923
904 924
905 924
907 924
909 924
910 924
912 924
913 924
915 924
918 924
904 925
905 925
906 925
908 925
912 925
913 925
915 925
916 925
918 925
901 926
902 926
903 926
907 926
912 926
917 926
918 926
919 926
907 927
910 927
914 927
915 927
916 927
918 927
920 927
901 928
902 928
903 928
904 928
908 928
909 928
910 928
911 928
914 928
915 928
917 928
920 928
901 929
902 929
903 929
906 929
908 929
912 929
914 929
915 929
916 929
917 929
918 929
902 930
903 930
904 930
905 930
907 930
909 930
911 930
913 930
917 930
919 930
902 931
903 931
905 931
906 931
907 931
908 931
910 931
911 931
912 931
913 931
915 931
917 931
920 931
904 932
905 932
906 932
908 932
910 932
912 932
913 932
914 932
920 932
908 933
909 933
916 933
917 933
918 933
920 933
903 934
905 934
908 934
911 934
914 934
916 934
901 935
904 935
905 935
906 935
907 935
908 935
909 935
910 935
911 935
912 935
913 935
915 935
917 935
920 935
903 936
904 936
905 936
909 936
911 936
912 936
917 936
918 936
920 936
901 937
903 937
904 937
905 937
907 937
909 937
910 937
911 937
913 937
914 937
915 937
917 937
918 937
901 938
904 938
905 938
906 938
909 938
911 938
913 938
914 938
915 938
917 938
918 938
919 938
920 938
901 939
904 939
905 939
908 939
909 939
911 939
912 939
913 939
914 939
919 939
920 939
901 940
903 940
904 940
905 940
908 940
909 940
911 940
912 940
913 940
914 940
915 940
916 940
918 940
919 940
921 941
922 941
924 941
925 941
926 941
930 941
931 941
933 941
936 941
938 941
939 941
922 942
923 942
928 942
929 942
933 942
934 942
936 942
938 942
921 943
923 943
927 943
929 943
930 943
931 943
932 943
934 943
935 943
936 943
938 943
940 943
924 944
925 944
927 944
928 944
929 944
930 944
931 944
932 944
933 944
935 944
936 944
937 944
921 945
922 945
926 945
929 945
930 945
931 945
937 945
939 945
922 946
923 946
924 946
926 946
928 946
929 946
933 946
934 946
935 946
936 946
937 946
938 946
939 946
921 947
923 947
924 947
927 947
928 947
930 947
931 947
932 947
933 947
934 947
937 947
921 948
923 948
926 948
927 948
929 948
930 948
931 948
932 948
934 948
935 948
937 948
938 948
921 949
923 949
924 949
926 949
928 949
931 949
933 949
934 949
935 949
936 949
937 949
938 949
939 949
921 950
923 950
925 950
929 950
931 950
933 950
934 950
940 950
922 951
924 951
925 951
928 951
931 951
932 951
934 951
935 951
936 951
937 951
921 952
923 952
930 952
931 952
935 952
936 952
937 952
938 952
940 952
921 953
924 953
925 953
931 953
933 953
936 953
938 953
940 953
929 954
932 954
934 954
935 954
921 955
922 955
923 955
925 955
926 955
927 955
930 955
931 955
934 955
936 955
937 955
939 955
940 955
921 956
922 956
923 956
927 956
928 956
931 956
932 956
933 956
934 956
935 956
937 956
938 956
940 956
921 957
922 957
924 957
928 957
931 957
933 957
934 957
936 957
939 957
940 957
921 958
922 958
923 958
924 958
933 958
935 958
939 958
940 958
921 959
923 959
925 959
932 959
936 959
937 959
938 959
939 959
940 959
921 960
923 960
926 960
927 960
928 960
929 960
930 960
936 960
937 960
942 961
944 961
945 961
947 961
952 961
954 961
955 961
957 961
960 961
946 962
947 962
948 962
949 962
953 962
954 962
960 962
946 963
947 963
948 963
952 963
953 963
956 963
959 963
942 964
946 964
948 964
950 964
951 964
954 964
955 964
956 964
957 964
958 964
959 964
960 964
941 965
942 965
946 965
949 965
950 965
954 965
955 965
957 965
942 966
945 966
946 966
947 966
950 966
951 966
952 966
953 966
955 966
957 966
960 966
941 967
943 967
946 967
947 967
950 967
951 967
952 967
953 967
956 967
957 967
958 967
959 967
945 968
946 968
952 968
953 968
955 968
960 968
942 969
944 969
947 969
948 969
949 969
950 969
951 969
953 969
957 969
960 969
942 970
946 970
947 970
948 970
949 970
951 970
954 970
955 970
956 970
957 970
960 970
941 971
943 971
944 971
946 971
948 971
953 971
954 971
956 971
958 971
959 971
941 972
944 972
945 972
947 972
948 972
949 972
954 972
955 972
956 972
941 973
943 973
945 973
953 973
954 973
957 973
959 973
941 974
942 974
943 974
944 974
945 974
946 974
947 974
948 974
950 974
952 974
955 974
956 974
959 974
960 974
941 975
942 975
945 975
950 975
953 975
954 975
957 975
942 976
943 976
944 976
948 976
951 976
953 976
954 976
955 976
956 976
957 976
958 976
960 976
944 977
946 977
947 977
948 977
949 977
951 977
953 977
955 977
956 977
941 978
944 978
945 978
947 978
948 978
949 978
957 978
958 978
959 978
945 979
946 979
948 979
949 979
950 979
952 979
954 979
956 979
958 979
959 979
941 980
942 980
944 980
946 980
949 980
950 980
957 980
958 980
960 980
961 981
963 981
964 981
965 981
967 981
968 981
969 981
973 981
974 981
976 981
979 981
980 981
962 982
963 982
964 982
965 982
966 982
967 982
968 982
970 982
972 982
974 982
976 982
978 982
962 983
963 983
966 983
967 983
970 983
975 983
976 983
978 983
979 983
980 983
961 984
962 984
963 984
965 984
968 984
969 984
970 984
971 984
972 984
974 984
977 984
978 984
979 984
961 985
965 985
967 985
972 985
974 985
975 985
976 985
962 986
963 986
964 986
966 986
967 986
968 986
969 986
970 986
973 986
976 986
977 986
978 986
979 986
980 986
961 987
962 987
964 987
966 987
968 987
969 987
972 987
973 987
975 987
976 987
977 987
978 987
980 987
961 988
963 988
967 988
970 988
972 988
973 988
979 988
963 989
966 989
967 989
969 989
971 989
973 989
975 989
977 989
978 989
980 989
963 990
965 990
967 990
969 990
970 990
974 990
976 990
978 990
964 991
965 991
966 991
968 991
969 991
972 991
975 991
976 991
977 991
978 991
980 991
961 992
963 992
964 992
965 992
966 992
967 992
968 992
969 992
972 992
974 992
976 992
977 992
979 992
980 992
963 993
966 993
967 993
970 993
972 993
973 993
976 993
978 993
979 993
964 994
966 994
967 994
972 994
973 994
974 994
975 994
976 994
978 994
979 994
961 995
964 995
970 995
972 995
973 995
974 995
977 995
978 995
979 995
961 996
963 996
964 996
968 996
969 996
970 996
979 996
962 997
963 997
964 997
970 997
972 997
973 997
974 997
975 997
976 997
977 997
978 997
980 997
961 998
962 998
965 998
966 998
968 998
970 998
971 998
973 998
974 998
975 998
976 998
977 998
963 999
965 999
967 999
968 999
969 999
973 999
979 999
980 999
966 1000
970 1000
971 1000
972 1000
973 1000
974 1000
977 1000
978 1000
979 1000
980 1000
