100 1209 5
20 20 20 20 20 
1 21
4 21
6 21
9 21
10 21
12 21
13 21
14 21
15 21
16 21
17 21
18 21
19 21
1 22
2 22
3 22
4 22
5 22
6 22
7 22
9 22
10 22
11 22
12 22
13 22
15 22
16 22
18 22
19 22
20 22
1 23
2 23
3 23
4 23
5 23
6 23
7 23
8 23
10 23
13 23
15 23
16 23
18 23
19 23
20 23
1 24
4 24
5 24
6 24
7 24
8 24
9 24
10 24
11 24
13 24
14 24
15 24
16 24
17 24
18 24
19 24
20 24
1 25
3 25
4 25
5 25
7 25
9 25
10 25
11 25
12 25
13 25
14 25
15 25
16 25
17 25
18 25
1 26
2 26
4 26
5 26
6 26
7 26
8 26
11 26
12 26
13 26
14 26
15 26
17 26
18 26
19 26
20 26
1 27
2 27
3 27
4 27
5 27
8 27
10 27
11 27
12 27
13 27
14 27
15 27
17 27
18 27
19 27
20 27
3 28
4 28
5 28
6 28
7 28
8 28
9 28
10 28
11 28
12 28
15 28
16 28
17 28
18 28
19 28
20 28
2 29
3 29
4 29
5 29
6 29
7 29
8 29
9 29
10 29
11 29
12 29
13 29
14 29
15 29
16 29
18 29
20 29
1 30
2 30
3 30
4 30
7 30
8 30
9 30
10 30
11 30
12 30
15 30
16 30
17 30
19 30
20 30
1 31
2 31
3 31
4 31
5 31
7 31
8 31
9 31
12 31
13 31
14 31
16 31
17 31
18 31
20 31
1 32
2 32
3 32
4 32
5 32
6 32
7 32
10 32
11 32
12 32
14 32
15 32
17 32
19 32
20 32
2 33
3 33
4 33
5 33
7 33
8 33
10 33
11 33
12 33
13 33
16 33
17 33
18 33
20 33
1 34
2 34
3 34
4 34
5 34
6 34
7 34
8 34
9 34
10 34
11 34
12 34
13 34
14 34
15 34
17 34
18 34
19 34
20 34
1 35
2 35
3 35
4 35
8 35
10 35
12 35
14 35
15 35
17 35
19 35
1 36
2 36
3 36
6 36
10 36
11 36
12 36
13 36
14 36
15 36
16 36
17 36
18 36
19 36
20 36
5 37
6 37
7 37
9 37
11 37
12 37
13 37
15 37
18 37
19 37
20 37
2 38
3 38
4 38
5 38
6 38
7 38
8 38
9 38
11 38
12 38
13 38
14 38
15 38
16 38
17 38
18 38
19 38
20 38
1 39
2 39
3 39
4 39
6 39
7 39
8 39
9 39
10 39
13 39
14 39
15 39
16 39
18 39
19 39
20 39
3 40
4 40
5 40
8 40
9 40
10 40
11 40
13 40
14 40
16 40
17 40
18 40
20 40
21 41
23 41
25 41
27 41
28 41
29 41
30 41
31 41
32 41
34 41
36 41
37 41
38 41
40 41
24 42
25 42
26 42
27 42
30 42
31 42
33 42
34 42
35 42
37 42
39 42
25 43
26 43
27 43
28 43
29 43
30 43
31 43
32 43
33 43
36 43
38 43
39 43
40 43
22 44
23 44
24 44
25 44
26 44
27 44
29 44
30 44
31 44
32 44
35 44
36 44
37 44
40 44
21 45
22 45
23 45
24 45
25 45
26 45
27 45
29 45
31 45
32 45
33 45
36 45
37 45
38 45
39 45
21 46
22 46
23 46
24 46
25 46
26 46
28 46
29 46
30 46
31 46
32 46
33 46
34 46
36 46
37 46
39 46
40 46
22 47
23 47
24 47
26 47
27 47
28 47
29 47
30 47
31 47
32 47
34 47
35 47
36 47
37 47
38 47
39 47
21 48
22 48
23 48
24 48
25 48
26 48
28 48
32 48
34 48
35 48
38 48
39 48
40 48
21 49
22 49
23 49
24 49
26 49
27 49
28 49
29 49
30 49
31 49
32 49
33 49
34 49
36 49
38 49
39 49
40 49
21 50
22 50
23 50
24 50
25 50
27 50
28 50
29 50
30 50
31 50
32 50
33 50
34 50
35 50
36 50
37 50
38 50
39 50
40 50
21 51
22 51
23 51
24 51
26 51
27 51
28 51
29 51
31 51
32 51
33 51
34 51
36 51
37 51
39 51
40 51
22 52
23 52
24 52
25 52
26 52
27 52
28 52
29 52
30 52
32 52
33 52
34 52
35 52
36 52
37 52
38 52
39 52
22 53
23 53
24 53
26 53
27 53
29 53
30 53
32 53
33 53
34 53
37 53
38 53
21 54
24 54
25 54
26 54
27 54
28 54
29 54
30 54
31 54
32 54
33 54
34 54
35 54
36 54
37 54
38 54
40 54
21 55
22 55
23 55
24 55
25 55
27 55
28 55
30 55
31 55
33 55
34 55
35 55
37 55
39 55
40 55
21 56
23 56
24 56
25 56
26 56
27 56
28 56
29 56
30 56
31 56
32 56
34 56
35 56
36 56
37 56
39 56
21 57
22 57
23 57
24 57
26 57
27 57
29 57
30 57
32 57
33 57
34 57
35 57
38 57
40 57
21 58
22 58
23 58
24 58
25 58
26 58
28 58
29 58
30 58
35 58
36 58
37 58
39 58
21 59
22 59
24 59
25 59
29 59
31 59
32 59
33 59
34 59
35 59
36 59
37 59
38 59
39 59
40 59
23 60
24 60
25 60
26 60
27 60
28 60
29 60
30 60
31 60
32 60
35 60
36 60
37 60
38 60
39 60
40 60
41 61
42 61
44 61
45 61
46 61
47 61
48 61
50 61
52 61
53 61
55 61
56 61
59 61
60 61
43 62
44 62
47 62
48 62
49 62
51 62
55 62
56 62
58 62
59 62
60 62
42 63
44 63
46 63
48 63
49 63
50 63
51 63
53 63
54 63
55 63
57 63
58 63
60 63
41 64
42 64
43 64
44 64
45 64
46 64
47 64
49 64
50 64
52 64
56 64
57 64
58 64
59 64
60 64
41 65
42 65
43 65
44 65
47 65
48 65
50 65
51 65
52 65
55 65
56 65
60 65
41 66
42 66
43 66
44 66
45 66
46 66
47 66
48 66
49 66
50 66
51 66
52 66
54 66
55 66
56 66
57 66
58 66
59 66
60 66
45 67
46 67
47 67
48 67
49 67
51 67
52 67
54 67
55 67
56 67
57 67
58 67
59 67
60 67
41 68
42 68
43 68
45 68
46 68
48 68
49 68
50 68
51 68
52 68
53 68
54 68
55 68
56 68
58 68
59 68
60 68
41 69
42 69
43 69
44 69
46 69
48 69
49 69
50 69
51 69
54 69
56 69
58 69
59 69
60 69
41 70
42 70
43 70
44 70
45 70
48 70
52 70
53 70
54 70
57 70
58 70
59 70
60 70
42 71
43 71
44 71
46 71
48 71
49 71
51 71
52 71
53 71
54 71
56 71
58 71
59 71
60 71
41 72
42 72
44 72
45 72
48 72
50 72
52 72
54 72
55 72
56 72
57 72
58 72
59 72
41 73
42 73
43 73
44 73
45 73
46 73
47 73
48 73
50 73
51 73
54 73
55 73
56 73
57 73
58 73
59 73
41 74
42 74
43 74
45 74
46 74
48 74
49 74
51 74
52 74
53 74
54 74
55 74
56 74
57 74
58 74
59 74
60 74
41 75
42 75
43 75
46 75
47 75
48 75
50 75
51 75
52 75
53 75
54 75
55 75
57 75
60 75
41 76
42 76
43 76
44 76
45 76
46 76
47 76
49 76
50 76
51 76
52 76
53 76
54 76
55 76
56 76
57 76
58 76
59 76
60 76
41 77
43 77
44 77
45 77
46 77
47 77
48 77
52 77
54 77
55 77
58 77
59 77
60 77
41 78
42 78
43 78
45 78
47 78
48 78
49 78
50 78
51 78
53 78
54 78
55 78
56 78
57 78
58 78
59 78
41 79
42 79
44 79
46 79
47 79
48 79
50 79
51 79
54 79
55 79
56 79
57 79
58 79
59 79
60 79
41 80
42 80
43 80
44 80
45 80
46 80
48 80
49 80
51 80
52 80
53 80
54 80
55 80
56 80
57 80
58 80
59 80
60 80
61 81
62 81
63 81
67 81
68 81
69 81
70 81
71 81
72 81
73 81
74 81
75 81
76 81
79 81
80 81
61 82
62 82
63 82
64 82
65 82
66 82
67 82
70 82
71 82
72 82
73 82
74 82
75 82
77 82
78 82
79 82
80 82
61 83
63 83
64 83
66 83
67 83
68 83
69 83
70 83
71 83
72 83
74 83
75 83
76 83
77 83
78 83
61 84
62 84
63 84
65 84
66 84
67 84
68 84
69 84
72 84
74 84
77 84
79 84
61 85
62 85
63 85
64 85
65 85
67 85
68 85
69 85
71 85
73 85
74 85
75 85
76 85
77 85
78 85
63 86
64 86
67 86
68 86
69 86
72 86
73 86
76 86
77 86
78 86
79 86
61 87
62 87
63 87
64 87
66 87
67 87
68 87
69 87
70 87
71 87
72 87
74 87
75 87
77 87
78 87
79 87
80 87
61 88
62 88
64 88
65 88
66 88
67 88
70 88
71 88
72 88
73 88
74 88
75 88
76 88
77 88
78 88
79 88
61 89
62 89
64 89
65 89
66 89
67 89
68 89
69 89
70 89
71 89
73 89
74 89
75 89
77 89
78 89
80 89
65 90
66 90
67 90
68 90
69 90
71 90
75 90
76 90
78 90
79 90
80 90
61 91
62 91
63 91
64 91
65 91
66 91
68 91
70 91
71 91
72 91
73 91
74 91
75 91
76 91
77 91
78 91
79 91
63 92
64 92
66 92
67 92
68 92
69 92
70 92
71 92
72 92
73 92
74 92
75 92
76 92
77 92
78 92
80 92
61 93
62 93
63 93
64 93
65 93
66 93
67 93
68 93
69 93
70 93
71 93
72 93
73 93
74 93
76 93
77 93
78 93
79 93
80 93
61 94
62 94
63 94
64 94
65 94
66 94
67 94
68 94
69 94
70 94
71 94
72 94
74 94
75 94
76 94
77 94
78 94
79 94
80 94
61 95
62 95
63 95
64 95
66 95
67 95
68 95
69 95
70 95
72 95
73 95
74 95
75 95
76 95
77 95
78 95
79 95
80 95
61 96
62 96
63 96
64 96
65 96
67 96
68 96
72 96
73 96
74 96
75 96
78 96
79 96
80 96
61 97
64 97
65 97
66 97
68 97
69 97
70 97
71 97
72 97
73 97
75 97
76 97
77 97
78 97
79 97
80 97
63 98
64 98
66 98
68 98
71 98
72 98
73 98
74 98
75 98
76 98
77 98
78 98
79 98
80 98
61 99
63 99
64 99
66 99
67 99
68 99
69 99
71 99
72 99
73 99
76 99
77 99
78 99
61 100
62 100
64 100
65 100
66 100
67 100
68 100
69 100
70 100
72 100
73 100
74 100
75 100
76 100
77 100
79 100
80 100
