300 4249 15
20 20 20 20 20 20 20 20 20 20 20 20 20 20 20 
1 21
4 21
6 21
9 21
10 21
12 21
13 21
14 21
15 21
16 21
17 21
18 21
19 21
1 22
2 22
3 22
4 22
5 22
6 22
7 22
9 22
10 22
11 22
12 22
13 22
15 22
16 22
18 22
19 22
20 22
1 23
2 23
3 23
4 23
5 23
6 23
7 23
8 23
10 23
13 23
15 23
16 23
18 23
19 23
20 23
1 24
4 24
5 24
6 24
7 24
8 24
9 24
10 24
11 24
13 24
14 24
15 24
16 24
17 24
18 24
19 24
20 24
1 25
3 25
4 25
5 25
7 25
9 25
10 25
11 25
12 25
13 25
14 25
15 25
16 25
17 25
18 25
1 26
2 26
4 26
5 26
6 26
7 26
8 26
11 26
12 26
13 26
14 26
15 26
17 26
18 26
19 26
20 26
1 27
2 27
3 27
4 27
5 27
8 27
10 27
11 27
12 27
13 27
14 27
15 27
17 27
18 27
19 27
20 27
3 28
4 28
5 28
6 28
7 28
8 28
9 28
10 28
11 28
12 28
15 28
16 28
17 28
18 28
19 28
20 28
2 29
3 29
4 29
5 29
6 29
7 29
8 29
9 29
10 29
11 29
12 29
13 29
14 29
15 29
16 29
18 29
20 29
1 30
2 30
3 30
4 30
7 30
8 30
9 30
10 30
11 30
12 30
15 30
16 30
17 30
19 30
20 30
1 31
2 31
3 31
4 31
5 31
7 31
8 31
9 31
12 31
13 31
14 31
16 31
17 31
18 31
20 31
1 32
2 32
3 32
4 32
5 32
6 32
7 32
10 32
11 32
12 32
14 32
15 32
17 32
19 32
20 32
2 33
3 33
4 33
5 33
7 33
8 33
10 33
11 33
12 33
13 33
16 33
17 33
18 33
20 33
1 34
2 34
3 34
4 34
5 34
6 34
7 34
8 34
9 34
10 34
11 34
12 34
13 34
14 34
15 34
17 34
18 34
19 34
20 34
1 35
2 35
3 35
4 35
8 35
10 35
12 35
14 35
15 35
17 35
19 35
1 36
2 36
3 36
6 36
10 36
11 36
12 36
13 36
14 36
15 36
16 36
17 36
18 36
19 36
20 36
5 37
6 37
7 37
9 37
11 37
12 37
13 37
15 37
18 37
19 37
20 37
2 38
3 38
4 38
5 38
6 38
7 38
8 38
9 38
11 38
12 38
13 38
14 38
15 38
16 38
17 38
18 38
19 38
20 38
1 39
2 39
3 39
4 39
6 39
7 39
8 39
9 39
10 39
13 39
14 39
15 39
16 39
18 39
19 39
20 39
3 40
4 40
5 40
8 40
9 40
10 40
11 40
13 40
14 40
16 40
17 40
18 40
20 40
21 41
23 41
25 41
27 41
28 41
29 41
30 41
31 41
32 41
34 41
36 41
37 41
38 41
40 41
24 42
25 42
26 42
27 42
30 42
31 42
33 42
34 42
35 42
37 42
39 42
25 43
26 43
27 43
28 43
29 43
30 43
31 43
32 43
33 43
36 43
38 43
39 43
40 43
22 44
23 44
24 44
25 44
26 44
27 44
29 44
30 44
31 44
32 44
35 44
36 44
37 44
40 44
21 45
22 45
23 45
24 45
25 45
26 45
27 45
29 45
31 45
32 45
33 45
36 45
37 45
38 45
39 45
21 46
22 46
23 46
24 46
25 46
26 46
28 46
29 46
30 46
31 46
32 46
33 46
34 46
36 46
37 46
39 46
40 46
22 47
23 47
24 47
26 47
27 47
28 47
29 47
30 47
31 47
32 47
34 47
35 47
36 47
37 47
38 47
39 47
21 48
22 48
23 48
24 48
25 48
26 48
28 48
32 48
34 48
35 48
38 48
39 48
40 48
21 49
22 49
23 49
24 49
26 49
27 49
28 49
29 49
30 49
31 49
32 49
33 49
34 49
36 49
38 49
39 49
40 49
21 50
22 50
23 50
24 50
25 50
27 50
28 50
29 50
30 50
31 50
32 50
33 50
34 50
35 50
36 50
37 50
38 50
39 50
40 50
21 51
22 51
23 51
24 51
26 51
27 51
28 51
29 51
31 51
32 51
33 51
34 51
36 51
37 51
39 51
40 51
22 52
23 52
24 52
25 52
26 52
27 52
28 52
29 52
30 52
32 52
33 52
34 52
35 52
36 52
37 52
38 52
39 52
22 53
23 53
24 53
26 53
27 53
29 53
30 53
32 53
33 53
34 53
37 53
38 53
21 54
24 54
25 54
26 54
27 54
28 54
29 54
30 54
31 54
32 54
33 54
34 54
35 54
36 54
37 54
38 54
40 54
21 55
22 55
23 55
24 55
25 55
27 55
28 55
30 55
31 55
33 55
34 55
35 55
37 55
39 55
40 55
21 56
23 56
24 56
25 56
26 56
27 56
28 56
29 56
30 56
31 56
32 56
34 56
35 56
36 56
37 56
39 56
21 57
22 57
23 57
24 57
26 57
27 57
29 57
30 57
32 57
33 57
34 57
35 57
38 57
40 57
21 58
22 58
23 58
24 58
25 58
26 58
28 58
29 58
30 58
35 58
36 58
37 58
39 58
21 59
22 59
24 59
25 59
29 59
31 59
32 59
33 59
34 59
35 59
36 59
37 59
38 59
39 59
40 59
23 60
24 60
25 60
26 60
27 60
28 60
29 60
30 60
31 60
32 60
35 60
36 60
37 60
38 60
39 60
40 60
41 61
42 61
44 61
45 61
46 61
47 61
48 61
50 61
52 61
53 61
55 61
56 61
59 61
60 61
43 62
44 62
47 62
48 62
49 62
51 62
55 62
56 62
58 62
59 62
60 62
42 63
44 63
46 63
48 63
49 63
50 63
51 63
53 63
54 63
55 63
57 63
58 63
60 63
41 64
42 64
43 64
44 64
45 64
46 64
47 64
49 64
50 64
52 64
56 64
57 64
58 64
59 64
60 64
41 65
42 65
43 65
44 65
47 65
48 65
50 65
51 65
52 65
55 65
56 65
60 65
41 66
42 66
43 66
44 66
45 66
46 66
47 66
48 66
49 66
50 66
51 66
52 66
54 66
55 66
56 66
57 66
58 66
59 66
60 66
45 67
46 67
47 67
48 67
49 67
51 67
52 67
54 67
55 67
56 67
57 67
58 67
59 67
60 67
41 68
42 68
43 68
45 68
46 68
48 68
49 68
50 68
51 68
52 68
53 68
54 68
55 68
56 68
58 68
59 68
60 68
41 69
42 69
43 69
44 69
46 69
48 69
49 69
50 69
51 69
54 69
56 69
58 69
59 69
60 69
41 70
42 70
43 70
44 70
45 70
48 70
52 70
53 70
54 70
57 70
58 70
59 70
60 70
42 71
43 71
44 71
46 71
48 71
49 71
51 71
52 71
53 71
54 71
56 71
58 71
59 71
60 71
41 72
42 72
44 72
45 72
48 72
50 72
52 72
54 72
55 72
56 72
57 72
58 72
59 72
41 73
42 73
43 73
44 73
45 73
46 73
47 73
48 73
50 73
51 73
54 73
55 73
56 73
57 73
58 73
59 73
41 74
42 74
43 74
45 74
46 74
48 74
49 74
51 74
52 74
53 74
54 74
55 74
56 74
57 74
58 74
59 74
60 74
41 75
42 75
43 75
46 75
47 75
48 75
50 75
51 75
52 75
53 75
54 75
55 75
57 75
60 75
41 76
42 76
43 76
44 76
45 76
46 76
47 76
49 76
50 76
51 76
52 76
53 76
54 76
55 76
56 76
57 76
58 76
59 76
60 76
41 77
43 77
44 77
45 77
46 77
47 77
48 77
52 77
54 77
55 77
58 77
59 77
60 77
41 78
42 78
43 78
45 78
47 78
48 78
49 78
50 78
51 78
53 78
54 78
55 78
56 78
57 78
58 78
59 78
41 79
42 79
44 79
46 79
47 79
48 79
50 79
51 79
54 79
55 79
56 79
57 79
58 79
59 79
60 79
41 80
42 80
43 80
44 80
45 80
46 80
48 80
49 80
51 80
52 80
53 80
54 80
55 80
56 80
57 80
58 80
59 80
60 80
61 81
62 81
63 81
67 81
68 81
69 81
70 81
71 81
72 81
73 81
74 81
75 81
76 81
79 81
80 81
61 82
62 82
63 82
64 82
65 82
66 82
67 82
70 82
71 82
72 82
73 82
74 82
75 82
77 82
78 82
79 82
80 82
61 83
63 83
64 83
66 83
67 83
68 83
69 83
70 83
71 83
72 83
74 83
75 83
76 83
77 83
78 83
61 84
62 84
63 84
65 84
66 84
67 84
68 84
69 84
72 84
74 84
77 84
79 84
61 85
62 85
63 85
64 85
65 85
67 85
68 85
69 85
71 85
73 85
74 85
75 85
76 85
77 85
78 85
63 86
64 86
67 86
68 86
69 86
72 86
73 86
76 86
77 86
78 86
79 86
61 87
62 87
63 87
64 87
66 87
67 87
68 87
69 87
70 87
71 87
72 87
74 87
75 87
77 87
78 87
79 87
80 87
61 88
62 88
64 88
65 88
66 88
67 88
70 88
71 88
72 88
73 88
74 88
75 88
76 88
77 88
78 88
79 88
61 89
62 89
64 89
65 89
66 89
67 89
68 89
69 89
70 89
71 89
73 89
74 89
75 89
77 89
78 89
80 89
65 90
66 90
67 90
68 90
69 90
71 90
75 90
76 90
78 90
79 90
80 90
61 91
62 91
63 91
64 91
65 91
66 91
68 91
70 91
71 91
72 91
73 91
74 91
75 91
76 91
77 91
78 91
79 91
63 92
64 92
66 92
67 92
68 92
69 92
70 92
71 92
72 92
73 92
74 92
75 92
76 92
77 92
78 92
80 92
61 93
62 93
63 93
64 93
65 93
66 93
67 93
68 93
69 93
70 93
71 93
72 93
73 93
74 93
76 93
77 93
78 93
79 93
80 93
61 94
62 94
63 94
64 94
65 94
66 94
67 94
68 94
69 94
70 94
71 94
72 94
74 94
75 94
76 94
77 94
78 94
79 94
80 94
61 95
62 95
63 95
64 95
66 95
67 95
68 95
69 95
70 95
72 95
73 95
74 95
75 95
76 95
77 95
78 95
79 95
80 95
61 96
62 96
63 96
64 96
65 96
67 96
68 96
72 96
73 96
74 96
75 96
78 96
79 96
80 96
61 97
64 97
65 97
66 97
68 97
69 97
70 97
71 97
72 97
73 97
75 97
76 97
77 97
78 97
79 97
80 97
63 98
64 98
66 98
68 98
71 98
72 98
73 98
74 98
75 98
76 98
77 98
78 98
79 98
80 98
61 99
63 99
64 99
66 99
67 99
68 99
69 99
71 99
72 99
73 99
76 99
77 99
78 99
61 100
62 100
64 100
65 100
66 100
67 100
68 100
69 100
70 100
72 100
73 100
74 100
75 100
76 100
77 100
79 100
80 100
81 101
82 101
84 101
85 101
86 101
87 101
88 101
89 101
90 101
94 101
95 101
96 101
97 101
98 101
81 102
82 102
83 102
84 102
86 102
87 102
88 102
89 102
90 102
91 102
92 102
94 102
95 102
96 102
97 102
99 102
100 102
81 103
82 103
83 103
84 103
86 103
87 103
88 103
89 103
90 103
91 103
93 103
94 103
95 103
96 103
98 103
100 103
81 104
82 104
83 104
84 104
85 104
86 104
87 104
89 104
90 104
91 104
92 104
93 104
94 104
95 104
96 104
97 104
98 104
81 105
82 105
85 105
86 105
87 105
88 105
90 105
91 105
92 105
94 105
95 105
96 105
98 105
99 105
81 106
82 106
83 106
84 106
85 106
87 106
88 106
89 106
90 106
91 106
92 106
93 106
96 106
97 106
99 106
100 106
83 107
85 107
86 107
87 107
88 107
89 107
90 107
91 107
92 107
93 107
94 107
95 107
96 107
97 107
98 107
99 107
81 108
82 108
83 108
84 108
85 108
86 108
87 108
88 108
89 108
90 108
91 108
92 108
94 108
95 108
96 108
97 108
98 108
99 108
100 108
82 109
83 109
84 109
86 109
87 109
88 109
89 109
91 109
92 109
93 109
94 109
96 109
97 109
98 109
100 109
81 110
82 110
83 110
84 110
85 110
87 110
89 110
90 110
92 110
93 110
95 110
96 110
97 110
98 110
100 110
81 111
82 111
84 111
85 111
86 111
87 111
88 111
91 111
92 111
93 111
94 111
95 111
96 111
97 111
98 111
99 111
100 111
81 112
85 112
87 112
88 112
90 112
91 112
93 112
96 112
97 112
98 112
99 112
100 112
81 113
83 113
84 113
86 113
87 113
88 113
89 113
90 113
91 113
94 113
95 113
96 113
97 113
98 113
99 113
100 113
81 114
82 114
83 114
84 114
85 114
88 114
89 114
90 114
91 114
93 114
94 114
95 114
97 114
81 115
84 115
85 115
86 115
87 115
89 115
90 115
91 115
94 115
96 115
97 115
99 115
100 115
82 116
83 116
85 116
87 116
88 116
91 116
94 116
96 116
98 116
99 116
82 117
83 117
84 117
86 117
87 117
89 117
91 117
92 117
94 117
95 117
96 117
97 117
99 117
100 117
82 118
83 118
84 118
85 118
88 118
89 118
90 118
93 118
95 118
96 118
97 118
98 118
99 118
100 118
81 119
82 119
84 119
86 119
87 119
88 119
89 119
90 119
93 119
96 119
97 119
99 119
81 120
82 120
83 120
84 120
85 120
86 120
87 120
88 120
89 120
90 120
91 120
92 120
94 120
95 120
96 120
97 120
98 120
99 120
101 121
103 121
104 121
105 121
106 121
107 121
108 121
110 121
111 121
113 121
115 121
116 121
119 121
120 121
101 122
102 122
103 122
104 122
105 122
106 122
108 122
109 122
110 122
111 122
112 122
113 122
114 122
115 122
116 122
117 122
118 122
119 122
120 122
101 123
102 123
104 123
105 123
106 123
107 123
108 123
109 123
110 123
111 123
112 123
113 123
114 123
115 123
116 123
117 123
120 123
101 124
102 124
104 124
105 124
107 124
109 124
110 124
111 124
112 124
113 124
115 124
116 124
117 124
119 124
120 124
101 125
102 125
103 125
104 125
105 125
107 125
108 125
109 125
110 125
111 125
112 125
113 125
114 125
115 125
116 125
117 125
118 125
120 125
101 126
102 126
103 126
104 126
107 126
108 126
111 126
112 126
113 126
114 126
116 126
118 126
119 126
120 126
104 127
105 127
106 127
108 127
110 127
111 127
112 127
113 127
115 127
116 127
117 127
120 127
101 128
102 128
104 128
105 128
106 128
107 128
108 128
110 128
112 128
114 128
115 128
116 128
117 128
119 128
120 128
101 129
102 129
103 129
104 129
105 129
106 129
108 129
109 129
111 129
112 129
113 129
114 129
116 129
117 129
118 129
119 129
120 129
102 130
103 130
104 130
105 130
106 130
107 130
108 130
109 130
110 130
111 130
112 130
113 130
114 130
116 130
117 130
118 130
119 130
120 130
101 131
102 131
103 131
104 131
105 131
106 131
107 131
108 131
109 131
110 131
112 131
113 131
114 131
115 131
116 131
117 131
118 131
101 132
102 132
103 132
104 132
105 132
106 132
107 132
109 132
110 132
111 132
112 132
113 132
115 132
116 132
117 132
118 132
119 132
102 133
103 133
105 133
106 133
108 133
110 133
112 133
113 133
114 133
115 133
116 133
117 133
118 133
119 133
120 133
101 134
102 134
103 134
104 134
105 134
106 134
108 134
111 134
112 134
113 134
114 134
115 134
116 134
117 134
118 134
119 134
101 135
102 135
104 135
105 135
108 135
109 135
110 135
111 135
112 135
114 135
115 135
116 135
118 135
120 135
101 136
102 136
103 136
104 136
105 136
106 136
108 136
109 136
110 136
111 136
112 136
113 136
114 136
116 136
118 136
119 136
120 136
101 137
102 137
104 137
105 137
106 137
109 137
110 137
114 137
115 137
116 137
117 137
118 137
119 137
103 138
107 138
108 138
109 138
113 138
114 138
115 138
117 138
118 138
119 138
120 138
102 139
103 139
104 139
105 139
106 139
107 139
108 139
109 139
110 139
112 139
113 139
114 139
116 139
117 139
118 139
119 139
120 139
101 140
102 140
103 140
104 140
105 140
106 140
108 140
110 140
111 140
112 140
113 140
114 140
116 140
117 140
118 140
119 140
120 140
122 141
123 141
124 141
125 141
126 141
127 141
128 141
129 141
130 141
131 141
132 141
133 141
134 141
136 141
137 141
138 141
139 141
140 141
121 142
122 142
123 142
124 142
125 142
126 142
127 142
130 142
131 142
133 142
134 142
135 142
136 142
138 142
139 142
121 143
122 143
123 143
124 143
125 143
126 143
127 143
128 143
130 143
131 143
132 143
134 143
135 143
136 143
138 143
139 143
121 144
122 144
124 144
125 144
127 144
128 144
129 144
130 144
132 144
134 144
135 144
137 144
139 144
140 144
121 145
122 145
123 145
125 145
126 145
127 145
128 145
129 145
130 145
133 145
134 145
135 145
137 145
138 145
139 145
121 146
122 146
123 146
124 146
125 146
127 146
128 146
130 146
131 146
132 146
133 146
134 146
135 146
136 146
138 146
139 146
140 146
121 147
122 147
123 147
124 147
125 147
126 147
127 147
128 147
130 147
131 147
134 147
135 147
136 147
137 147
138 147
139 147
121 148
122 148
123 148
125 148
126 148
127 148
128 148
129 148
130 148
131 148
132 148
135 148
136 148
137 148
139 148
140 148
123 149
124 149
125 149
126 149
127 149
128 149
130 149
131 149
132 149
134 149
135 149
136 149
139 149
140 149
121 150
123 150
124 150
125 150
126 150
128 150
129 150
130 150
131 150
132 150
133 150
134 150
135 150
139 150
140 150
121 151
123 151
124 151
126 151
127 151
128 151
129 151
130 151
131 151
132 151
135 151
136 151
137 151
139 151
121 152
122 152
123 152
124 152
127 152
128 152
129 152
130 152
131 152
132 152
133 152
134 152
135 152
137 152
138 152
139 152
140 152
121 153
122 153
123 153
124 153
125 153
126 153
127 153
129 153
130 153
131 153
134 153
135 153
138 153
126 154
127 154
130 154
131 154
132 154
134 154
135 154
136 154
137 154
139 154
140 154
121 155
122 155
123 155
124 155
125 155
127 155
128 155
129 155
131 155
132 155
134 155
135 155
136 155
137 155
138 155
139 155
121 156
122 156
125 156
126 156
129 156
130 156
131 156
132 156
133 156
134 156
135 156
136 156
137 156
139 156
140 156
121 157
122 157
124 157
127 157
128 157
129 157
131 157
132 157
133 157
134 157
135 157
136 157
137 157
138 157
139 157
121 158
122 158
124 158
125 158
126 158
127 158
128 158
131 158
132 158
133 158
134 158
135 158
136 158
137 158
139 158
140 158
121 159
122 159
123 159
124 159
125 159
126 159
127 159
128 159
130 159
131 159
132 159
134 159
135 159
136 159
137 159
139 159
140 159
121 160
123 160
124 160
128 160
130 160
131 160
132 160
133 160
134 160
135 160
136 160
137 160
139 160
140 160
141 161
143 161
145 161
146 161
147 161
148 161
149 161
150 161
151 161
152 161
153 161
155 161
156 161
157 161
158 161
159 161
160 161
141 162
142 162
143 162
144 162
145 162
146 162
148 162
149 162
150 162
151 162
153 162
154 162
155 162
156 162
157 162
158 162
159 162
160 162
141 163
142 163
143 163
144 163
145 163
146 163
148 163
149 163
150 163
151 163
153 163
154 163
155 163
157 163
159 163
143 164
144 164
145 164
146 164
148 164
149 164
150 164
151 164
152 164
153 164
154 164
156 164
157 164
158 164
159 164
160 164
141 165
143 165
144 165
145 165
146 165
148 165
149 165
150 165
151 165
152 165
153 165
154 165
155 165
156 165
158 165
159 165
141 166
142 166
143 166
144 166
145 166
146 166
147 166
149 166
150 166
151 166
152 166
153 166
154 166
155 166
156 166
157 166
158 166
160 166
141 167
142 167
143 167
144 167
145 167
146 167
147 167
150 167
151 167
152 167
153 167
154 167
156 167
157 167
159 167
142 168
143 168
145 168
146 168
147 168
148 168
149 168
150 168
151 168
152 168
153 168
154 168
155 168
158 168
159 168
160 168
142 169
143 169
144 169
145 169
146 169
147 169
148 169
149 169
150 169
151 169
152 169
154 169
155 169
157 169
158 169
159 169
160 169
141 170
143 170
144 170
145 170
146 170
148 170
149 170
150 170
151 170
152 170
153 170
158 170
159 170
141 171
142 171
144 171
146 171
147 171
149 171
151 171
152 171
153 171
154 171
155 171
157 171
158 171
159 171
160 171
141 172
142 172
143 172
144 172
145 172
146 172
147 172
148 172
150 172
151 172
152 172
155 172
157 172
158 172
159 172
160 172
141 173
142 173
143 173
144 173
145 173
146 173
147 173
148 173
149 173
151 173
152 173
153 173
154 173
156 173
157 173
158 173
159 173
141 174
142 174
143 174
144 174
145 174
146 174
147 174
148 174
150 174
151 174
153 174
154 174
155 174
156 174
159 174
141 175
142 175
143 175
144 175
145 175
146 175
147 175
148 175
149 175
151 175
153 175
154 175
155 175
158 175
159 175
160 175
142 176
143 176
144 176
145 176
147 176
148 176
149 176
153 176
154 176
155 176
157 176
160 176
141 177
142 177
143 177
144 177
145 177
146 177
147 177
148 177
150 177
151 177
154 177
155 177
156 177
157 177
158 177
159 177
160 177
141 178
142 178
144 178
145 178
146 178
148 178
150 178
151 178
152 178
153 178
154 178
155 178
157 178
158 178
159 178
160 178
142 179
143 179
144 179
145 179
146 179
147 179
148 179
150 179
152 179
153 179
154 179
155 179
156 179
158 179
159 179
160 179
141 180
142 180
143 180
144 180
146 180
147 180
148 180
149 180
150 180
152 180
153 180
154 180
155 180
156 180
157 180
159 180
160 180
161 181
163 181
164 181
165 181
166 181
167 181
168 181
170 181
171 181
172 181
173 181
174 181
175 181
179 181
180 181
161 182
162 182
163 182
164 182
165 182
167 182
171 182
172 182
173 182
174 182
175 182
176 182
178 182
179 182
180 182
161 183
164 183
166 183
167 183
168 183
169 183
170 183
171 183
172 183
173 183
174 183
175 183
176 183
179 183
161 184
162 184
163 184
164 184
165 184
167 184
168 184
169 184
170 184
171 184
172 184
173 184
174 184
175 184
176 184
178 184
179 184
180 184
161 185
163 185
164 185
165 185
166 185
167 185
169 185
170 185
171 185
173 185
174 185
175 185
176 185
177 185
180 185
162 186
163 186
164 186
165 186
166 186
167 186
168 186
170 186
171 186
172 186
174 186
175 186
176 186
177 186
180 186
162 187
163 187
164 187
167 187
168 187
169 187
170 187
171 187
172 187
173 187
174 187
175 187
177 187
178 187
161 188
162 188
164 188
165 188
167 188
168 188
169 188
173 188
174 188
177 188
178 188
161 189
164 189
165 189
166 189
167 189
168 189
173 189
174 189
175 189
176 189
177 189
178 189
179 189
180 189
161 190
162 190
163 190
164 190
165 190
166 190
167 190
169 190
170 190
171 190
173 190
174 190
176 190
177 190
178 190
179 190
180 190
161 191
162 191
163 191
165 191
166 191
167 191
168 191
169 191
170 191
171 191
172 191
174 191
175 191
176 191
177 191
178 191
179 191
161 192
162 192
163 192
164 192
166 192
167 192
169 192
171 192
172 192
173 192
175 192
176 192
177 192
178 192
179 192
180 192
161 193
162 193
163 193
164 193
165 193
166 193
167 193
168 193
169 193
170 193
172 193
173 193
174 193
175 193
176 193
177 193
179 193
180 193
161 194
162 194
163 194
164 194
165 194
167 194
168 194
169 194
170 194
171 194
172 194
174 194
175 194
177 194
178 194
179 194
180 194
161 195
162 195
163 195
165 195
166 195
167 195
168 195
170 195
171 195
172 195
173 195
174 195
175 195
176 195
178 195
163 196
164 196
165 196
166 196
167 196
168 196
169 196
170 196
172 196
174 196
175 196
176 196
178 196
179 196
180 196
161 197
163 197
164 197
165 197
166 197
169 197
170 197
171 197
172 197
173 197
174 197
175 197
176 197
178 197
179 197
180 197
162 198
163 198
164 198
165 198
166 198
170 198
171 198
173 198
174 198
175 198
176 198
177 198
178 198
179 198
161 199
163 199
164 199
165 199
166 199
167 199
168 199
169 199
170 199
171 199
172 199
174 199
175 199
176 199
177 199
178 199
180 199
161 200
162 200
164 200
165 200
166 200
167 200
168 200
169 200
172 200
173 200
176 200
177 200
178 200
179 200
180 200
181 201
182 201
183 201
184 201
186 201
188 201
190 201
191 201
193 201
195 201
196 201
197 201
198 201
199 201
200 201
181 202
182 202
183 202
184 202
187 202
188 202
190 202
191 202
194 202
196 202
197 202
198 202
199 202
200 202
181 203
185 203
186 203
188 203
190 203
191 203
192 203
193 203
194 203
195 203
197 203
200 203
182 204
183 204
184 204
186 204
187 204
188 204
189 204
191 204
192 204
193 204
194 204
195 204
198 204
200 204
181 205
182 205
183 205
185 205
186 205
187 205
188 205
189 205
190 205
193 205
196 205
197 205
198 205
199 205
200 205
181 206
183 206
184 206
186 206
187 206
188 206
189 206
191 206
192 206
194 206
195 206
197 206
199 206
200 206
181 207
182 207
185 207
186 207
187 207
188 207
189 207
190 207
192 207
193 207
195 207
196 207
198 207
199 207
182 208
183 208
184 208
185 208
186 208
187 208
188 208
189 208
191 208
192 208
193 208
195 208
197 208
199 208
200 208
181 209
182 209
183 209
184 209
185 209
186 209
190 209
193 209
194 209
195 209
196 209
197 209
198 209
199 209
181 210
182 210
183 210
184 210
185 210
186 210
187 210
188 210
190 210
192 210
193 210
196 210
197 210
200 210
181 211
182 211
184 211
185 211
186 211
187 211
188 211
189 211
190 211
192 211
194 211
195 211
196 211
198 211
200 211
181 212
182 212
183 212
184 212
185 212
186 212
189 212
190 212
192 212
194 212
195 212
196 212
197 212
198 212
199 212
200 212
181 213
183 213
184 213
185 213
186 213
187 213
188 213
189 213
190 213
191 213
192 213
193 213
194 213
195 213
197 213
199 213
200 213
181 214
182 214
183 214
185 214
186 214
187 214
188 214
189 214
191 214
193 214
194 214
195 214
196 214
198 214
199 214
181 215
182 215
183 215
184 215
185 215
187 215
189 215
190 215
191 215
192 215
193 215
194 215
195 215
196 215
197 215
199 215
200 215
181 216
182 216
183 216
185 216
187 216
188 216
190 216
191 216
192 216
193 216
194 216
195 216
196 216
197 216
198 216
199 216
200 216
182 217
183 217
184 217
185 217
186 217
187 217
188 217
190 217
191 217
193 217
194 217
196 217
197 217
198 217
199 217
183 218
184 218
186 218
187 218
188 218
189 218
190 218
191 218
193 218
194 218
195 218
197 218
199 218
200 218
181 219
182 219
184 219
185 219
186 219
187 219
188 219
189 219
191 219
192 219
193 219
194 219
195 219
196 219
197 219
200 219
181 220
182 220
183 220
186 220
187 220
189 220
190 220
191 220
192 220
193 220
194 220
197 220
198 220
199 220
200 220
201 221
202 221
205 221
206 221
207 221
208 221
209 221
210 221
211 221
212 221
213 221
214 221
215 221
216 221
217 221
219 221
220 221
201 222
202 222
203 222
205 222
206 222
207 222
208 222
209 222
210 222
211 222
212 222
213 222
214 222
216 222
217 222
218 222
219 222
220 222
201 223
203 223
204 223
205 223
206 223
207 223
209 223
210 223
211 223
212 223
213 223
215 223
216 223
217 223
220 223
202 224
203 224
204 224
205 224
206 224
207 224
208 224
209 224
210 224
211 224
213 224
214 224
217 224
218 224
219 224
220 224
201 225
202 225
203 225
206 225
207 225
208 225
212 225
213 225
214 225
215 225
216 225
217 225
218 225
219 225
201 226
202 226
203 226
204 226
205 226
206 226
207 226
208 226
209 226
210 226
211 226
212 226
213 226
215 226
219 226
220 226
201 227
202 227
206 227
207 227
208 227
209 227
210 227
212 227
213 227
214 227
219 227
220 227
203 228
206 228
207 228
208 228
209 228
210 228
211 228
212 228
213 228
216 228
217 228
201 229
203 229
204 229
205 229
206 229
207 229
208 229
209 229
211 229
212 229
213 229
214 229
215 229
216 229
217 229
218 229
219 229
220 229
201 230
203 230
204 230
205 230
206 230
208 230
209 230
210 230
211 230
213 230
214 230
215 230
216 230
217 230
219 230
220 230
201 231
202 231
203 231
204 231
206 231
207 231
208 231
209 231
210 231
211 231
212 231
213 231
214 231
217 231
219 231
220 231
201 232
202 232
204 232
205 232
206 232
207 232
208 232
209 232
210 232
211 232
214 232
215 232
216 232
218 232
220 232
201 233
203 233
204 233
207 233
209 233
210 233
211 233
212 233
213 233
214 233
215 233
216 233
217 233
218 233
219 233
220 233
201 234
202 234
204 234
205 234
207 234
208 234
210 234
212 234
213 234
214 234
215 234
217 234
219 234
220 234
201 235
202 235
203 235
204 235
205 235
206 235
207 235
209 235
210 235
211 235
212 235
215 235
216 235
217 235
218 235
219 235
220 235
201 236
202 236
204 236
206 236
207 236
208 236
210 236
211 236
212 236
214 236
216 236
217 236
218 236
219 236
220 236
201 237
203 237
204 237
205 237
206 237
208 237
209 237
210 237
212 237
214 237
215 237
216 237
217 237
218 237
219 237
201 238
202 238
203 238
204 238
205 238
209 238
210 238
211 238
213 238
214 238
215 238
216 238
217 238
218 238
219 238
220 238
201 239
203 239
206 239
207 239
208 239
209 239
210 239
211 239
213 239
215 239
216 239
218 239
219 239
220 239
202 240
203 240
204 240
205 240
207 240
208 240
209 240
210 240
212 240
213 240
215 240
216 240
217 240
218 240
219 240
221 241
222 241
223 241
224 241
226 241
227 241
228 241
229 241
230 241
231 241
232 241
234 241
235 241
238 241
239 241
222 242
223 242
224 242
226 242
228 242
229 242
230 242
231 242
233 242
234 242
235 242
237 242
238 242
239 242
240 242
223 243
224 243
225 243
226 243
228 243
230 243
231 243
233 243
234 243
235 243
236 243
238 243
239 243
240 243
221 244
223 244
225 244
227 244
228 244
229 244
230 244
231 244
232 244
234 244
235 244
236 244
237 244
239 244
240 244
221 245
223 245
224 245
225 245
226 245
229 245
230 245
231 245
232 245
233 245
234 245
235 245
236 245
237 245
238 245
240 245
221 246
222 246
223 246
224 246
225 246
226 246
227 246
228 246
229 246
230 246
231 246
232 246
233 246
234 246
235 246
236 246
237 246
239 246
240 246
221 247
223 247
224 247
225 247
226 247
227 247
228 247
229 247
232 247
234 247
236 247
238 247
239 247
240 247
222 248
223 248
224 248
225 248
227 248
230 248
231 248
234 248
235 248
236 248
237 248
239 248
240 248
223 249
224 249
225 249
227 249
228 249
229 249
230 249
231 249
232 249
233 249
234 249
235 249
236 249
237 249
240 249
221 250
222 250
223 250
225 250
227 250
228 250
229 250
230 250
231 250
233 250
234 250
236 250
238 250
240 250
221 251
222 251
223 251
225 251
226 251
227 251
228 251
231 251
232 251
233 251
235 251
238 251
239 251
240 251
221 252
222 252
224 252
225 252
226 252
227 252
230 252
231 252
232 252
236 252
237 252
238 252
239 252
240 252
221 253
223 253
224 253
225 253
227 253
231 253
232 253
233 253
234 253
235 253
237 253
238 253
239 253
240 253
221 254
223 254
225 254
226 254
227 254
228 254
229 254
231 254
232 254
233 254
234 254
235 254
236 254
238 254
239 254
240 254
221 255
222 255
224 255
225 255
226 255
227 255
228 255
229 255
230 255
231 255
232 255
234 255
236 255
237 255
239 255
240 255
221 256
222 256
223 256
225 256
226 256
228 256
229 256
230 256
232 256
233 256
234 256
235 256
236 256
237 256
238 256
240 256
221 257
222 257
223 257
224 257
225 257
227 257
228 257
229 257
230 257
231 257
232 257
234 257
237 257
238 257
240 257
221 258
223 258
224 258
225 258
226 258
227 258
228 258
230 258
232 258
233 258
234 258
235 258
238 258
240 258
221 259
222 259
223 259
225 259
228 259
229 259
231 259
232 259
233 259
234 259
237 259
238 259
240 259
221 260
223 260
224 260
226 260
227 260
228 260
229 260
230 260
231 260
232 260
233 260
234 260
235 260
238 260
239 260
240 260
241 261
244 261
246 261
247 261
248 261
249 261
250 261
251 261
252 261
253 261
254 261
256 261
257 261
258 261
260 261
243 262
244 262
245 262
246 262
247 262
248 262
249 262
250 262
253 262
254 262
255 262
256 262
259 262
260 262
242 263
243 263
244 263
246 263
248 263
250 263
251 263
253 263
254 263
255 263
256 263
257 263
259 263
260 263
241 264
242 264
244 264
245 264
246 264
248 264
249 264
251 264
253 264
254 264
256 264
257 264
259 264
241 265
244 265
245 265
247 265
249 265
250 265
251 265
252 265
253 265
254 265
255 265
256 265
257 265
258 265
259 265
260 265
241 266
242 266
244 266
245 266
246 266
247 266
248 266
249 266
250 266
251 266
253 266
254 266
256 266
259 266
260 266
241 267
243 267
244 267
245 267
246 267
248 267
249 267
250 267
251 267
252 267
253 267
255 267
256 267
257 267
258 267
259 267
260 267
241 268
242 268
243 268
244 268
245 268
246 268
247 268
248 268
249 268
250 268
251 268
252 268
253 268
254 268
255 268
256 268
257 268
258 268
259 268
242 269
243 269
244 269
245 269
246 269
247 269
248 269
249 269
250 269
251 269
252 269
254 269
255 269
256 269
257 269
258 269
259 269
260 269
241 270
242 270
243 270
245 270
246 270
247 270
248 270
249 270
250 270
251 270
252 270
257 270
258 270
260 270
242 271
243 271
244 271
246 271
247 271
248 271
249 271
250 271
251 271
252 271
253 271
254 271
255 271
258 271
259 271
260 271
241 272
242 272
243 272
244 272
245 272
247 272
248 272
249 272
251 272
252 272
253 272
255 272
256 272
258 272
260 272
241 273
242 273
246 273
247 273
249 273
250 273
253 273
254 273
255 273
257 273
259 273
243 274
244 274
245 274
246 274
247 274
249 274
250 274
251 274
253 274
255 274
256 274
257 274
259 274
260 274
243 275
246 275
247 275
249 275
250 275
251 275
252 275
255 275
256 275
257 275
258 275
259 275
260 275
241 276
242 276
243 276
245 276
246 276
247 276
248 276
249 276
250 276
251 276
252 276
253 276
254 276
255 276
256 276
257 276
258 276
241 277
243 277
244 277
245 277
246 277
248 277
249 277
250 277
251 277
252 277
253 277
254 277
255 277
256 277
257 277
258 277
259 277
260 277
241 278
242 278
243 278
244 278
246 278
247 278
248 278
249 278
250 278
251 278
252 278
253 278
254 278
255 278
256 278
259 278
241 279
243 279
244 279
245 279
246 279
247 279
248 279
249 279
251 279
252 279
253 279
254 279
255 279
256 279
260 279
241 280
242 280
244 280
246 280
247 280
248 280
249 280
252 280
253 280
255 280
256 280
258 280
261 281
263 281
265 281
267 281
268 281
271 281
272 281
273 281
274 281
276 281
277 281
278 281
279 281
262 282
264 282
265 282
266 282
270 282
271 282
272 282
273 282
274 282
275 282
277 282
278 282
261 283
263 283
264 283
265 283
267 283
271 283
272 283
273 283
274 283
275 283
276 283
277 283
278 283
279 283
280 283
262 284
264 284
266 284
267 284
268 284
269 284
270 284
272 284
274 284
276 284
277 284
278 284
279 284
280 284
262 285
263 285
264 285
267 285
268 285
270 285
271 285
272 285
273 285
274 285
275 285
276 285
278 285
280 285
262 286
263 286
264 286
265 286
266 286
267 286
268 286
270 286
271 286
273 286
274 286
275 286
276 286
277 286
278 286
279 286
261 287
262 287
263 287
264 287
265 287
266 287
267 287
269 287
270 287
271 287
273 287
274 287
275 287
276 287
277 287
280 287
261 288
262 288
263 288
264 288
265 288
266 288
267 288
268 288
269 288
270 288
271 288
272 288
273 288
275 288
276 288
279 288
261 289
262 289
264 289
265 289
267 289
269 289
270 289
271 289
273 289
274 289
275 289
276 289
277 289
278 289
279 289
280 289
261 290
263 290
264 290
265 290
266 290
267 290
268 290
269 290
270 290
271 290
273 290
274 290
277 290
278 290
279 290
263 291
264 291
266 291
267 291
268 291
269 291
271 291
272 291
273 291
274 291
275 291
276 291
278 291
279 291
280 291
262 292
263 292
264 292
267 292
269 292
270 292
271 292
276 292
277 292
278 292
279 292
280 292
262 293
263 293
265 293
268 293
269 293
270 293
271 293
272 293
274 293
276 293
277 293
278 293
279 293
261 294
262 294
263 294
264 294
265 294
266 294
268 294
269 294
270 294
272 294
273 294
274 294
275 294
277 294
278 294
279 294
261 295
266 295
268 295
269 295
270 295
272 295
273 295
274 295
275 295
276 295
277 295
278 295
279 295
280 295
261 296
262 296
263 296
264 296
268 296
269 296
271 296
272 296
273 296
274 296
275 296
276 296
278 296
279 296
261 297
262 297
263 297
264 297
265 297
266 297
267 297
268 297
269 297
270 297
274 297
275 297
276 297
277 297
279 297
261 298
262 298
263 298
264 298
265 298
266 298
267 298
268 298
269 298
270 298
273 298
274 298
276 298
277 298
278 298
280 298
261 299
262 299
263 299
264 299
265 299
266 299
267 299
268 299
269 299
270 299
271 299
272 299
273 299
274 299
275 299
276 299
277 299
278 299
279 299
280 299
262 300
264 300
266 300
267 300
268 300
269 300
271 300
272 300
273 300
275 300
276 300
278 300
280 300
